# stacked metamaterial geometry 
# f [Hz], L [0.001 m]
# Unitcell size lx, ly, lz = 10, 10, 99.9308 at center position x = 0 y = 0 z = 0
# Definition of material properties: 
#name =copper,type =const,Kappa =56000000,
#name =FR4,Epsilon =4.4,Kappa =0.048957,type =const,
#name =copperSquares,type =const,Kappa =56000000,
#name =air,type =const,Epsilon =1,
## layer number 1:
# square patch made of copperSquares lx, ly, lz = 9, 9, 0.05 at center position x = 0 y = 0 z = -0.025# with circular hole of radius 3.35
# Port position is z = -31.0825 m times 0.001
# closest structure elements have z = -0.05 m times 0.001
# distance D used for S11 phase-correction (exp(1j*omega*D/c0) is D = -0.031033 m.
# Re/Im parts of the scattering parameters S11 (refl.) and S21 (transm.) and the real and imaginary part of the impedance as a function of frequency 
# first column is frequency, second and third columns are Re/Im of S11 and S21, respectively.
1000000000.000000, -0.135823, -0.017113, 0.100800, -0.984276, 349.253478, -96.419103 
1010011123.470523, -0.137354, -0.015281, 0.086352, -0.985450, 348.745144, -97.210142 
1020022246.941046, -0.138860, -0.013409, 0.071892, -0.986411, 348.234105, -97.997693 
1030033370.411568, -0.140339, -0.011498, 0.057422, -0.987159, 347.720383, -98.781763 
1040044493.882091, -0.141791, -0.009547, 0.042945, -0.987694, 347.203997, -99.562361 
1050055617.352614, -0.143215, -0.007559, 0.028466, -0.988017, 346.684969, -100.339492 
1060066740.823137, -0.144610, -0.005532, 0.013986, -0.988126, 346.163318, -101.113164 
1070077864.293660, -0.145975, -0.003467, -0.000492, -0.988023, 345.639061, -101.883382 
1080088987.764182, -0.147310, -0.001365, -0.014963, -0.987707, 345.112218, -102.650154 
1090100111.234705, -0.148614, 0.000773, -0.029425, -0.987178, 344.582807, -103.413483 
1100111234.705228, -0.149886, 0.002948, -0.043875, -0.986437, 344.050845, -104.173376 
1110122358.175751, -0.151126, 0.005159, -0.058309, -0.985484, 343.516350, -104.929838 
1120133481.646274, -0.152332, 0.007405, -0.072725, -0.984319, 342.979339, -105.682873 
1130144605.116796, -0.153504, 0.009686, -0.087120, -0.982942, 342.439828, -106.432486 
1140155728.587319, -0.154642, 0.012001, -0.101490, -0.981354, 341.897834, -107.178681 
1150166852.057842, -0.155743, 0.014350, -0.115832, -0.979556, 341.353373, -107.921462 
1160177975.528365, -0.156809, 0.016732, -0.130144, -0.977547, 340.806460, -108.660832 
1170189098.998888, -0.157838, 0.019147, -0.144422, -0.975328, 340.257112, -109.396794 
1180200222.469410, -0.158829, 0.021594, -0.158663, -0.972899, 339.705343, -110.129351 
1190211345.939933, -0.159782, 0.024072, -0.172864, -0.970262, 339.151169, -110.858506 
1200222469.410456, -0.160696, 0.026582, -0.187021, -0.967417, 338.594605, -111.584260 
1210233592.880979, -0.161571, 0.029121, -0.201133, -0.964365, 338.035665, -112.306615 
1220244716.351502, -0.162405, 0.031691, -0.215196, -0.961105, 337.474365, -113.025573 
1230255839.822024, -0.163198, 0.034289, -0.229206, -0.957640, 336.910718, -113.741135 
1240266963.292547, -0.163950, 0.036916, -0.243162, -0.953970, 336.344740, -114.453301 
1250278086.763070, -0.164659, 0.039571, -0.257059, -0.950095, 335.776445, -115.162074 
1260289210.233593, -0.165326, 0.042253, -0.270895, -0.946017, 335.205846, -115.867451 
1270300333.704116, -0.165950, 0.044962, -0.284667, -0.941736, 334.632959, -116.569435 
1280311457.174639, -0.166529, 0.047696, -0.298372, -0.937254, 334.057796, -117.268024 
1290322580.645161, -0.167064, 0.050455, -0.312007, -0.932571, 333.480374, -117.963218 
1300333704.115684, -0.167554, 0.053239, -0.325569, -0.927689, 332.900705, -118.655015 
1310344827.586207, -0.167998, 0.056046, -0.339054, -0.922609, 332.318803, -119.343416 
1320355951.056730, -0.168395, 0.058877, -0.352462, -0.917331, 331.734684, -120.028418 
1330367074.527252, -0.168746, 0.061729, -0.365787, -0.911857, 331.148360, -120.710020 
1340378197.997775, -0.169050, 0.064603, -0.379028, -0.906189, 330.559846, -121.388221 
1350389321.468298, -0.169305, 0.067498, -0.392181, -0.900327, 329.969156, -122.063017 
1360400444.938821, -0.169513, 0.070412, -0.405244, -0.894273, 329.376305, -122.734407 
1370411568.409344, -0.169671, 0.073346, -0.418213, -0.888029, 328.781306, -123.402389 
1380422691.879867, -0.169780, 0.076298, -0.431087, -0.881595, 328.184174, -124.066959 
1390433815.350389, -0.169839, 0.079268, -0.443862, -0.874973, 327.584924, -124.728114 
1400444938.820912, -0.169847, 0.082254, -0.456536, -0.868164, 326.983570, -125.385853 
1410456062.291435, -0.169805, 0.085256, -0.469105, -0.861171, 326.380126, -126.040170 
1420467185.761958, -0.169711, 0.088274, -0.481568, -0.853995, 325.774607, -126.691063 
1430478309.232481, -0.169566, 0.091305, -0.493921, -0.846636, 325.167029, -127.338529 
1440489432.703003, -0.169369, 0.094350, -0.506161, -0.839098, 324.557405, -127.982563 
1450500556.173526, -0.169119, 0.097408, -0.518286, -0.831382, 323.945751, -128.623162 
1460511679.644049, -0.168817, 0.100477, -0.530294, -0.823488, 323.332083, -129.260321 
1470522803.114572, -0.168461, 0.103557, -0.542182, -0.815420, 322.716415, -129.894036 
1480533926.585094, -0.168051, 0.106647, -0.553947, -0.807179, 322.098763, -130.524304 
1490545050.055617, -0.167587, 0.109745, -0.565586, -0.798767, 321.479142, -131.151119 
1500556173.526140, -0.167070, 0.112852, -0.577098, -0.790185, 320.857568, -131.774478 
1510567296.996663, -0.166497, 0.115966, -0.588479, -0.781436, 320.234058, -132.394375 
1520578420.467186, -0.165869, 0.119087, -0.599728, -0.772522, 319.608627, -133.010806 
1530589543.937708, -0.165187, 0.122213, -0.610841, -0.763444, 318.981291, -133.623766 
1540600667.408231, -0.164448, 0.125343, -0.621817, -0.754205, 318.352067, -134.233251 
1550611790.878754, -0.163654, 0.128477, -0.632653, -0.744806, 317.720970, -134.839255 
1560622914.349277, -0.162804, 0.131613, -0.643346, -0.735251, 317.088019, -135.441774 
1570634037.819800, -0.161898, 0.134751, -0.653895, -0.725540, 316.453230, -136.040803 
1580645161.290323, -0.160935, 0.137889, -0.664296, -0.715677, 315.816619, -136.636336 
1590656284.760845, -0.159915, 0.141028, -0.674549, -0.705663, 315.178204, -137.228369 
1600667408.231368, -0.158838, 0.144164, -0.684650, -0.695500, 314.538003, -137.816897 
1610678531.701891, -0.157705, 0.147299, -0.694597, -0.685192, 313.896032, -138.401914 
1620689655.172414, -0.156514, 0.150430, -0.704388, -0.674739, 313.252310, -138.983416 
1630700778.642937, -0.155266, 0.153558, -0.714022, -0.664146, 312.606854, -139.561398 
1640711902.113459, -0.153960, 0.156679, -0.723496, -0.653413, 311.959683, -140.135855 
1650723025.583982, -0.152597, 0.159795, -0.732808, -0.642544, 311.310814, -140.706781 
1660734149.054505, -0.151176, 0.162904, -0.741955, -0.631540, 310.660267, -141.274172 
1670745272.525028, -0.149697, 0.166004, -0.750937, -0.620405, 310.008059, -141.838023 
1680756395.995551, -0.148160, 0.169095, -0.759751, -0.609141, 309.354210, -142.398330 
1690767519.466074, -0.146566, 0.172175, -0.768395, -0.597750, 308.698738, -142.955086 
1700778642.936596, -0.144914, 0.175245, -0.776867, -0.586235, 308.041662, -143.508288 
1710789766.407119, -0.143204, 0.178302, -0.785166, -0.574599, 307.383003, -144.057932 
1720800889.877642, -0.141435, 0.181345, -0.793289, -0.562843, 306.722778, -144.604012 
1730812013.348165, -0.139609, 0.184375, -0.801236, -0.550972, 306.061008, -145.146523 
1740823136.818687, -0.137726, 0.187389, -0.809004, -0.538987, 305.397713, -145.685462 
1750834260.289210, -0.135784, 0.190386, -0.816591, -0.526891, 304.732912, -146.220825 
1760845383.759733, -0.133785, 0.193366, -0.823997, -0.514687, 304.066626, -146.752607 
1770856507.230256, -0.131728, 0.196328, -0.831219, -0.502378, 303.398874, -147.280803 
1780867630.700778, -0.129614, 0.199270, -0.838255, -0.489966, 302.729678, -147.805411 
1790878754.171301, -0.127443, 0.202192, -0.845106, -0.477455, 302.059057, -148.326425 
1800889877.641824, -0.125214, 0.205092, -0.851768, -0.464846, 301.387032, -148.843843 
1810901001.112347, -0.122928, 0.207969, -0.858241, -0.452144, 300.713625, -149.357661 
1820912124.582870, -0.120586, 0.210823, -0.864523, -0.439350, 300.038855, -149.867875 
1830923248.053393, -0.118186, 0.213652, -0.870613, -0.426468, 299.362745, -150.374482 
1840934371.523915, -0.115731, 0.216455, -0.876509, -0.413500, 298.685314, -150.877479 
1850945494.994438, -0.113219, 0.219231, -0.882211, -0.400450, 298.006586, -151.376863 
1860956618.464961, -0.110652, 0.221980, -0.887718, -0.387321, 297.326581, -151.872630 
1870967741.935484, -0.108028, 0.224700, -0.893027, -0.374115, 296.645321, -152.364778 
1880978865.406007, -0.105350, 0.227390, -0.898138, -0.360835, 295.962827, -152.853305 
1890989988.876529, -0.102616, 0.230049, -0.903050, -0.347485, 295.279121, -153.338208 
1901001112.347052, -0.099828, 0.232676, -0.907762, -0.334067, 294.594226, -153.819485 
1911012235.817575, -0.096985, 0.235270, -0.912273, -0.320584, 293.908163, -154.297134 
1921023359.288098, -0.094089, 0.237830, -0.916582, -0.307040, 293.220954, -154.771152 
1931034482.758621, -0.091139, 0.240355, -0.920689, -0.293438, 292.532622, -155.241538 
1941045606.229143, -0.088135, 0.242844, -0.924592, -0.279780, 291.843189, -155.708292 
1951056729.699666, -0.085079, 0.245297, -0.928290, -0.266070, 291.152678, -156.171410 
1961067853.170189, -0.081971, 0.247711, -0.931783, -0.252310, 290.461110, -156.630892 
1971078976.640712, -0.078811, 0.250086, -0.935071, -0.238505, 289.768509, -157.086738 
1981090100.111235, -0.075599, 0.252421, -0.938152, -0.224656, 289.074898, -157.538945 
1991101223.581758, -0.072337, 0.254715, -0.941026, -0.210768, 288.380298, -157.987515 
2001112347.052280, -0.069024, 0.256967, -0.943693, -0.196843, 287.684733, -158.432445 
2011123470.522803, -0.065662, 0.259176, -0.946151, -0.182884, 286.988225, -158.873737 
2021134593.993326, -0.062250, 0.261341, -0.948402, -0.168895, 286.290798, -159.311390 
2031145717.463849, -0.058789, 0.263462, -0.950443, -0.154878, 285.592474, -159.745404 
2041156840.934371, -0.055280, 0.265536, -0.952276, -0.140837, 284.893277, -160.175779 
2051167964.404894, -0.051724, 0.267564, -0.953899, -0.126776, 284.193229, -160.602517 
2061179087.875417, -0.048121, 0.269543, -0.955312, -0.112696, 283.492354, -161.025618 
2071190211.345940, -0.044471, 0.271475, -0.956516, -0.098602, 282.790675, -161.445083 
2081201334.816463, -0.040776, 0.273356, -0.957509, -0.084496, 282.088214, -161.860913 
2091212458.286985, -0.037036, 0.275187, -0.958293, -0.070382, 281.384996, -162.273110 
2101223581.757508, -0.033252, 0.276966, -0.958866, -0.056262, 280.681043, -162.681676 
2111234705.228031, -0.029424, 0.278694, -0.959230, -0.042141, 279.976378, -163.086611 
2121245828.698554, -0.025554, 0.280368, -0.959383, -0.028021, 279.271025, -163.487919 
2131256952.169077, -0.021641, 0.281987, -0.959327, -0.013905, 278.565007, -163.885601 
2141268075.639600, -0.017687, 0.283552, -0.959060, 0.000204, 277.858347, -164.279661 
2151279199.110122, -0.013693, 0.285061, -0.958585, 0.014301, 277.151069, -164.670100 
2161290322.580645, -0.009658, 0.286513, -0.957899, 0.028385, 276.443195, -165.056922 
2171301446.051168, -0.005585, 0.287908, -0.957005, 0.042452, 275.734749, -165.440129 
2181312569.521690, -0.001474, 0.289244, -0.955902, 0.056499, 275.025754, -165.819726 
2191323692.992213, 0.002675, 0.290522, -0.954591, 0.070523, 274.316233, -166.195715 
2201334816.462736, 0.006860, 0.291739, -0.953072, 0.084520, 273.606210, -166.568100 
2211345939.933259, 0.011080, 0.292895, -0.951346, 0.098488, 272.895707, -166.936886 
2221357063.403782, 0.015336, 0.293990, -0.949413, 0.112423, 272.184747, -167.302076 
2231368186.874305, 0.019624, 0.295023, -0.947274, 0.126323, 271.473354, -167.663674 
2241379310.344828, 0.023946, 0.295992, -0.944929, 0.140184, 270.761551, -168.021686 
2251390433.815351, 0.028300, 0.296898, -0.942379, 0.154002, 270.049360, -168.376117 
2261401557.285873, 0.032685, 0.297739, -0.939625, 0.167776, 269.336804, -168.726970 
2271412680.756396, 0.037099, 0.298515, -0.936668, 0.181502, 268.623907, -169.074252 
2281423804.226919, 0.041543, 0.299225, -0.933508, 0.195177, 267.910691, -169.417967 
2291434927.697442, 0.046015, 0.299868, -0.930147, 0.208798, 267.197179, -169.758121 
2301446051.167964, 0.050514, 0.300444, -0.926585, 0.222362, 266.483393, -170.094721 
2311457174.638487, 0.055038, 0.300952, -0.922823, 0.235865, 265.769356, -170.427771 
2321468298.109010, 0.059588, 0.301392, -0.918862, 0.249306, 265.055091, -170.757279 
2331479421.579533, 0.064162, 0.301762, -0.914703, 0.262680, 264.340620, -171.083250 
2341490545.050056, 0.068758, 0.302063, -0.910348, 0.275986, 263.625965, -171.405691 
2351501668.520578, 0.073377, 0.302293, -0.905798, 0.289220, 262.911149, -171.724609 
2361512791.991101, 0.078016, 0.302452, -0.901053, 0.302378, 262.196194, -172.040011 
2371523915.461624, 0.082674, 0.302540, -0.896115, 0.315460, 261.481122, -172.351904 
2381535038.932147, 0.087351, 0.302555, -0.890985, 0.328460, 260.765955, -172.660294 
2391546162.402669, 0.092046, 0.302499, -0.885665, 0.341377, 260.050715, -172.965191 
2401557285.873192, 0.096757, 0.302369, -0.880156, 0.354208, 259.335423, -173.266601 
2411568409.343715, 0.101483, 0.302165, -0.874459, 0.366950, 258.620102, -173.564532 
2421579532.814238, 0.106223, 0.301888, -0.868575, 0.379600, 257.904773, -173.858992 
2431590656.284760, 0.110976, 0.301536, -0.862507, 0.392155, 257.189457, -174.149990 
2441601779.755283, 0.115740, 0.301109, -0.856256, 0.404613, 256.474177, -174.437534 
2451612903.225806, 0.120515, 0.300606, -0.849823, 0.416971, 255.758952, -174.721632 
2461624026.696329, 0.125299, 0.300029, -0.843210, 0.429226, 255.043805, -175.002293 
2471635150.166852, 0.130091, 0.299375, -0.836419, 0.441376, 254.328756, -175.279526 
2481646273.637375, 0.134890, 0.298644, -0.829451, 0.453418, 253.613826, -175.553340 
2491657397.107898, 0.139695, 0.297837, -0.822308, 0.465350, 252.899036, -175.823744 
2501668520.578421, 0.144504, 0.296953, -0.814992, 0.477168, 252.184407, -176.090747 
2511679644.048943, 0.149316, 0.295991, -0.807505, 0.488870, 251.469959, -176.354359 
2521690767.519466, 0.154130, 0.294952, -0.799848, 0.500455, 250.755713, -176.614590 
2531701890.989989, 0.158945, 0.293835, -0.792023, 0.511918, 250.041688, -176.871450 
2541713014.460511, 0.163759, 0.292639, -0.784033, 0.523259, 249.327905, -177.124948 
2551724137.931034, 0.168571, 0.291366, -0.775879, 0.534473, 248.614384, -177.375094 
2561735261.401557, 0.173380, 0.290013, -0.767563, 0.545560, 247.901144, -177.621899 
2571746384.872080, 0.178185, 0.288582, -0.759087, 0.556517, 247.188206, -177.865373 
2581757508.342603, 0.182984, 0.287072, -0.750454, 0.567341, 246.475589, -178.105527 
2591768631.813126, 0.187776, 0.285484, -0.741665, 0.578030, 245.763312, -178.342370 
2601779755.283648, 0.192560, 0.283815, -0.732723, 0.588582, 245.051394, -178.575915 
2611790878.754171, 0.197334, 0.282068, -0.723629, 0.598994, 244.339855, -178.806172 
2621802002.224694, 0.202098, 0.280242, -0.714387, 0.609265, 243.628713, -179.033151 
2631813125.695217, 0.206849, 0.278336, -0.704997, 0.619392, 242.917987, -179.256865 
2641824249.165740, 0.211587, 0.276351, -0.695463, 0.629373, 242.207696, -179.477323 
2651835372.636262, 0.216310, 0.274286, -0.685787, 0.639206, 241.497859, -179.694538 
2661846496.106785, 0.221016, 0.272142, -0.675971, 0.648890, 240.788493, -179.908522 
2671857619.577308, 0.225705, 0.269919, -0.666017, 0.658421, 240.079617, -180.119284 
2681868743.047831, 0.230376, 0.267616, -0.655927, 0.667798, 239.371248, -180.326839 
2691879866.518353, 0.235026, 0.265235, -0.645705, 0.677020, 238.663405, -180.531196 
2701890989.988876, 0.239655, 0.262774, -0.635353, 0.686083, 237.956105, -180.732369 
2711902113.459399, 0.244261, 0.260234, -0.624873, 0.694987, 237.249365, -180.930368 
2721913236.929922, 0.248844, 0.257616, -0.614267, 0.703730, 236.543203, -181.125207 
2731924360.400445, 0.253400, 0.254919, -0.603538, 0.712309, 235.837637, -181.316897 
2741935483.870968, 0.257930, 0.252143, -0.592689, 0.720724, 235.132682, -181.505451 
2751946607.341491, 0.262432, 0.249289, -0.581722, 0.728971, 234.428356, -181.690880 
2761957730.812013, 0.266904, 0.246358, -0.570640, 0.737051, 233.724676, -181.873198 
2771968854.282536, 0.271346, 0.243348, -0.559445, 0.744960, 233.021658, -182.052417 
2781979977.753059, 0.275756, 0.240262, -0.548140, 0.752698, 232.319317, -182.228550 
2791991101.223581, 0.280132, 0.237098, -0.536728, 0.760263, 231.617671, -182.401608 
2802002224.694104, 0.284474, 0.233857, -0.525212, 0.767654, 230.916736, -182.571606 
2812013348.164627, 0.288779, 0.230540, -0.513593, 0.774868, 230.216526, -182.738556 
2822024471.635150, 0.293048, 0.227147, -0.501875, 0.781905, 229.517058, -182.902470 
2832035595.105673, 0.297277, 0.223678, -0.490060, 0.788764, 228.818347, -183.063362 
2842046718.576196, 0.301467, 0.220134, -0.478152, 0.795442, 228.120408, -183.221244 
2852057842.046719, 0.305615, 0.216515, -0.466153, 0.801939, 227.423257, -183.376131 
2862068965.517241, 0.309721, 0.212822, -0.454066, 0.808254, 226.726908, -183.528034 
2872080088.987764, 0.313783, 0.209055, -0.441893, 0.814384, 226.031376, -183.676967 
2882091212.458287, 0.317800, 0.205214, -0.429637, 0.820330, 225.336676, -183.822944 
2892102335.928810, 0.321770, 0.201301, -0.417302, 0.826090, 224.642821, -183.965977 
2902113459.399333, 0.325693, 0.197316, -0.404891, 0.831663, 223.949827, -184.106081 
2912124582.869855, 0.329567, 0.193258, -0.392405, 0.837048, 223.257707, -184.243267 
2922135706.340378, 0.333390, 0.189130, -0.379848, 0.842243, 222.566474, -184.377551 
2932146829.810901, 0.337162, 0.184931, -0.367222, 0.847249, 221.876144, -184.508945 
2942157953.281424, 0.340881, 0.180663, -0.354532, 0.852064, 221.186728, -184.637462 
2952169076.751946, 0.344547, 0.176325, -0.341779, 0.856687, 220.498242, -184.763117 
2962180200.222469, 0.348157, 0.171918, -0.328966, 0.861118, 219.810696, -184.885922 
2972191323.692992, 0.351710, 0.167444, -0.316097, 0.865356, 219.124106, -185.005892 
2982202447.163515, 0.355206, 0.162903, -0.303174, 0.869399, 218.438483, -185.123041 
2992213570.634038, 0.358643, 0.158295, -0.290201, 0.873248, 217.753839, -185.237381 
3002224694.104560, 0.362020, 0.153622, -0.277179, 0.876902, 217.070189, -185.348926 
3012235817.575083, 0.365336, 0.148884, -0.264114, 0.880361, 216.387543, -185.457690 
3022246941.045606, 0.368589, 0.144083, -0.251006, 0.883623, 215.705914, -185.563688 
3032258064.516129, 0.371779, 0.139217, -0.237859, 0.886688, 215.025314, -185.666932 
3042269187.986651, 0.374903, 0.134290, -0.224677, 0.889556, 214.345754, -185.767436 
3052280311.457174, 0.377962, 0.129301, -0.211461, 0.892226, 213.667247, -185.865214 
3062291434.927697, 0.380954, 0.124252, -0.198216, 0.894699, 212.989803, -185.960280 
3072302558.398220, 0.383878, 0.119143, -0.184944, 0.896974, 212.313434, -186.052648 
3082313681.868743, 0.386733, 0.113976, -0.171648, 0.899050, 211.638151, -186.142331 
3092324805.339266, 0.389517, 0.108750, -0.158331, 0.900927, 210.963965, -186.229344 
3102335928.809789, 0.392230, 0.103468, -0.144997, 0.902606, 210.290886, -186.313699 
3112347052.280312, 0.394870, 0.098130, -0.131647, 0.904086, 209.618926, -186.395412 
3122358175.750834, 0.397437, 0.092738, -0.118285, 0.905367, 208.948094, -186.474494 
3132369299.221357, 0.399929, 0.087291, -0.104914, 0.906449, 208.278401, -186.550962 
3142380422.691880, 0.402345, 0.081792, -0.091538, 0.907332, 207.609856, -186.624827 
3152391546.162403, 0.404685, 0.076242, -0.078158, 0.908016, 206.942471, -186.696105 
3162402669.632926, 0.406947, 0.070640, -0.064778, 0.908502, 206.276254, -186.764808 
3172413793.103448, 0.409131, 0.064990, -0.051402, 0.908789, 205.611215, -186.830951 
3182424916.573971, 0.411235, 0.059291, -0.038031, 0.908878, 204.947364, -186.894547 
3192436040.044494, 0.413259, 0.053545, -0.024669, 0.908768, 204.284710, -186.955609 
3202447163.515017, 0.415201, 0.047752, -0.011319, 0.908461, 203.623262, -187.014153 
3212458286.985539, 0.417060, 0.041915, 0.002016, 0.907956, 202.963028, -187.070191 
3222469410.456062, 0.418837, 0.036034, 0.015334, 0.907254, 202.304019, -187.123738 
3232480533.926585, 0.420529, 0.030111, 0.028631, 0.906355, 201.646241, -187.174806 
3242491657.397108, 0.422137, 0.024147, 0.041904, 0.905260, 200.989705, -187.223409 
3252502780.867630, 0.423658, 0.018142, 0.055151, 0.903970, 200.334417, -187.269562 
3262513904.338153, 0.425093, 0.012099, 0.068369, 0.902484, 199.680387, -187.313277 
3272525027.808676, 0.426441, 0.006018, 0.081554, 0.900804, 199.027622, -187.354569 
3282536151.279199, 0.427700, -0.000099, 0.094704, 0.898930, 198.376131, -187.393450 
3292547274.749722, 0.428870, -0.006251, 0.107816, 0.896863, 197.725920, -187.429935 
3302558398.220244, 0.429951, -0.012436, 0.120888, 0.894603, 197.076998, -187.464037 
3312569521.690767, 0.430941, -0.018654, 0.133915, 0.892151, 196.429371, -187.495769 
3322580645.161290, 0.431839, -0.024903, 0.146896, 0.889509, 195.783048, -187.525145 
3332591768.631813, 0.432646, -0.031181, 0.159828, 0.886677, 195.138035, -187.552178 
3342602892.102336, 0.433361, -0.037487, 0.172707, 0.883655, 194.494339, -187.576882 
3352614015.572858, 0.433982, -0.043821, 0.185532, 0.880445, 193.851967, -187.599270 
3362625139.043381, 0.434509, -0.050179, 0.198299, 0.877048, 193.210926, -187.619355 
3372636262.513904, 0.434942, -0.056562, 0.211005, 0.873465, 192.571222, -187.637151 
3382647385.984427, 0.435280, -0.062967, 0.223648, 0.869697, 191.932862, -187.652670 
3392658509.454950, 0.435522, -0.069394, 0.236226, 0.865745, 191.295852, -187.665927 
3402669632.925473, 0.435668, -0.075840, 0.248735, 0.861609, 190.660198, -187.676933 
3412680756.395995, 0.435718, -0.082305, 0.261172, 0.857292, 190.025906, -187.685703 
3422691879.866518, 0.435670, -0.088786, 0.273536, 0.852795, 189.392982, -187.692250 
3432703003.337041, 0.435525, -0.095282, 0.285824, 0.848118, 188.761432, -187.696586 
3442714126.807564, 0.435282, -0.101793, 0.298032, 0.843263, 188.131261, -187.698724 
3452725250.278087, 0.434940, -0.108316, 0.310158, 0.838232, 187.502474, -187.698678 
3462736373.748610, 0.434499, -0.114849, 0.322201, 0.833025, 186.875078, -187.696460 
3472747497.219132, 0.433959, -0.121392, 0.334156, 0.827645, 186.249076, -187.692084 
3482758620.689655, 0.433320, -0.127943, 0.346022, 0.822092, 185.624475, -187.685562 
3492769744.160178, 0.432580, -0.134500, 0.357797, 0.816368, 185.001279, -187.676906 
3502780867.630701, 0.431741, -0.141062, 0.369477, 0.810475, 184.379493, -187.666130 
3512791991.101223, 0.430800, -0.147626, 0.381060, 0.804413, 183.759122, -187.653247 
3522803114.571746, 0.429759, -0.154193, 0.392544, 0.798186, 183.140170, -187.638268 
3532814238.042269, 0.428617, -0.160760, 0.403927, 0.791794, 182.522641, -187.621207 
3542825361.512792, 0.427373, -0.167325, 0.415206, 0.785239, 181.906540, -187.602076 
3552836484.983315, 0.426028, -0.173887, 0.426378, 0.778522, 181.291872, -187.580888 
3562847608.453837, 0.424582, -0.180444, 0.437442, 0.771646, 180.678640, -187.557656 
3572858731.924360, 0.423033, -0.186995, 0.448396, 0.764612, 180.066847, -187.532390 
3582869855.394883, 0.421383, -0.193538, 0.459236, 0.757422, 179.456499, -187.505105 
3592880978.865406, 0.419631, -0.200072, 0.469961, 0.750078, 178.847599, -187.475812 
3602892102.335928, 0.417776, -0.206595, 0.480568, 0.742581, 178.240149, -187.444523 
3612903225.806451, 0.415820, -0.213105, 0.491056, 0.734934, 177.634155, -187.411252 
3622914349.276974, 0.413762, -0.219601, 0.501422, 0.727138, 177.029618, -187.376009 
3632925472.747497, 0.411601, -0.226082, 0.511664, 0.719195, 176.426543, -187.338807 
3642936596.218020, 0.409338, -0.232544, 0.521780, 0.711108, 175.824933, -187.299658 
3652947719.688543, 0.406974, -0.238988, 0.531768, 0.702878, 175.224790, -187.258575 
3662958843.159065, 0.404507, -0.245411, 0.541625, 0.694508, 174.626118, -187.215569 
3672969966.629588, 0.401939, -0.251811, 0.551351, 0.685999, 174.028919, -187.170651 
3682981090.100111, 0.399269, -0.258188, 0.560943, 0.677353, 173.433195, -187.123835 
3692992213.570634, 0.396497, -0.264539, 0.570399, 0.668573, 172.838951, -187.075131 
3703003337.041157, 0.393624, -0.270863, 0.579718, 0.659661, 172.246188, -187.024552 
3713014460.511680, 0.390651, -0.277159, 0.588896, 0.650618, 171.654908, -186.972109 
3723025583.982202, 0.387576, -0.283424, 0.597934, 0.641448, 171.065114, -186.917814 
3733036707.452725, 0.384401, -0.289656, 0.606828, 0.632152, 170.476809, -186.861679 
3743047830.923248, 0.381125, -0.295856, 0.615577, 0.622732, 169.889993, -186.803714 
3753058954.393771, 0.377749, -0.302020, 0.624179, 0.613192, 169.304670, -186.743932 
3763070077.864294, 0.374274, -0.308147, 0.632633, 0.603532, 168.720841, -186.682344 
3773081201.334816, 0.370700, -0.314236, 0.640937, 0.593756, 168.138508, -186.618962 
3783092324.805339, 0.367027, -0.320284, 0.649090, 0.583865, 167.557672, -186.553796 
3793103448.275862, 0.363255, -0.326291, 0.657090, 0.573863, 166.978336, -186.486858 
3803114571.746385, 0.359385, -0.332255, 0.664934, 0.563751, 166.400500, -186.418160 
3813125695.216908, 0.355418, -0.338174, 0.672623, 0.553532, 165.824167, -186.347712 
3823136818.687430, 0.351354, -0.344047, 0.680154, 0.543209, 165.249337, -186.275526 
3833147942.157953, 0.347193, -0.349871, 0.687526, 0.532783, 164.676012, -186.201613 
3843159065.628476, 0.342937, -0.355646, 0.694737, 0.522257, 164.104193, -186.125983 
3853170189.098999, 0.338585, -0.361370, 0.701787, 0.511634, 163.533881, -186.048648 
3863181312.569521, 0.334138, -0.367041, 0.708674, 0.500915, 162.965078, -185.969619 
3873192436.040044, 0.329597, -0.372658, 0.715396, 0.490105, 162.397783, -185.888907 
3883203559.510567, 0.324963, -0.378219, 0.721953, 0.479205, 161.831998, -185.806522 
3893214682.981090, 0.320236, -0.383722, 0.728343, 0.468217, 161.267724, -185.722475 
3903225806.451612, 0.315417, -0.389167, 0.734566, 0.457145, 160.704961, -185.636778 
3913236929.922135, 0.310506, -0.394551, 0.740619, 0.445991, 160.143709, -185.549440 
3923248053.392658, 0.305505, -0.399874, 0.746502, 0.434757, 159.583970, -185.460472 
3933259176.863181, 0.300414, -0.405133, 0.752214, 0.423446, 159.025744, -185.369886 
3943270300.333704, 0.295234, -0.410327, 0.757754, 0.412061, 158.469031, -185.277691 
3953281423.804227, 0.289966, -0.415454, 0.763121, 0.400604, 157.913831, -185.183898 
3963292547.274749, 0.284611, -0.420514, 0.768314, 0.389077, 157.360145, -185.088517 
3973303670.745272, 0.279169, -0.425504, 0.773332, 0.377485, 156.807972, -184.991559 
3983314794.215795, 0.273641, -0.430423, 0.778174, 0.365828, 156.257313, -184.893034 
3993325917.686318, 0.268029, -0.435271, 0.782840, 0.354111, 155.708168, -184.792953 
4003337041.156841, 0.262334, -0.440044, 0.787329, 0.342335, 155.160536, -184.691326 
4013348164.627364, 0.256555, -0.444742, 0.791640, 0.330503, 154.614417, -184.588162 
4023359288.097886, 0.250695, -0.449364, 0.795772, 0.318618, 154.069812, -184.483473 
4033370411.568409, 0.244754, -0.453908, 0.799725, 0.306683, 153.526719, -184.377268 
4043381535.038932, 0.238734, -0.458373, 0.803498, 0.294701, 152.985139, -184.269557 
4053392658.509455, 0.232635, -0.462757, 0.807091, 0.282673, 152.445070, -184.160350 
4063403781.979978, 0.226458, -0.467059, 0.810503, 0.270603, 151.906513, -184.049658 
4073414905.450500, 0.220205, -0.471278, 0.813734, 0.258493, 151.369466, -183.937490 
4083426028.921023, 0.213877, -0.475412, 0.816782, 0.246347, 150.833930, -183.823856 
4093437152.391546, 0.207475, -0.479460, 0.819649, 0.234167, 150.299903, -183.708766 
4103448275.862069, 0.201000, -0.483421, 0.822333, 0.221956, 149.767384, -183.592230 
4113459399.332592, 0.194453, -0.487293, 0.824835, 0.209716, 149.236373, -183.474257 
4123470522.803114, 0.187836, -0.491076, 0.827153, 0.197450, 148.706869, -183.354858 
4133481646.273637, 0.181150, -0.494767, 0.829288, 0.185161, 148.178871, -183.234041 
4143492769.744160, 0.174396, -0.498367, 0.831240, 0.172852, 147.652377, -183.111817 
4153503893.214683, 0.167575, -0.501873, 0.833008, 0.160525, 147.127388, -182.988195 
4163515016.685205, 0.160688, -0.505284, 0.834592, 0.148183, 146.603900, -182.863185 
4173526140.155728, 0.153738, -0.508600, 0.835993, 0.135830, 146.081914, -182.736796 
4183537263.626251, 0.146725, -0.511819, 0.837210, 0.123467, 145.561428, -182.609037 
4193548387.096774, 0.139650, -0.514939, 0.838243, 0.111097, 145.042440, -182.479918 
4203559510.567297, 0.132516, -0.517961, 0.839093, 0.098724, 144.524949, -182.349449 
4213570634.037819, 0.125323, -0.520883, 0.839759, 0.086349, 144.008955, -182.217639 
4223581757.508342, 0.118073, -0.523703, 0.840242, 0.073976, 143.494454, -182.084496 
4233592880.978865, 0.110768, -0.526421, 0.840541, 0.061608, 142.981447, -181.950031 
4243604004.449388, 0.103408, -0.529035, 0.840657, 0.049246, 142.469930, -181.814252 
4253615127.919911, 0.095995, -0.531545, 0.840591, 0.036895, 141.959903, -181.677169 
4263626251.390434, 0.088532, -0.533950, 0.840343, 0.024555, 141.451363, -181.538791 
4273637374.860956, 0.081018, -0.536249, 0.839912, 0.012231, 140.944310, -181.399127 
4283648498.331479, 0.073457, -0.538440, 0.839300, -0.000075, 140.438741, -181.258185 
4293659621.802002, 0.065849, -0.540524, 0.838506, -0.012360, 139.934653, -181.115976 
4303670745.272525, 0.058196, -0.542498, 0.837532, -0.024623, 139.432047, -180.972507 
4313681868.743048, 0.050499, -0.544362, 0.836377, -0.036859, 138.930918, -180.827789 
4323692992.213571, 0.042761, -0.546116, 0.835043, -0.049067, 138.431266, -180.681830 
4333704115.684093, 0.034982, -0.547758, 0.833530, -0.061243, 137.933088, -180.534638 
4343715239.154615, 0.027165, -0.549287, 0.831838, -0.073386, 137.436383, -180.386223 
4353726362.625139, 0.019310, -0.550704, 0.829969, -0.085492, 136.941147, -180.236593 
4363737486.095661, 0.011421, -0.552006, 0.827922, -0.097560, 136.447380, -180.085758 
4373748609.566185, 0.003497, -0.553194, 0.825699, -0.109585, 135.955078, -179.933725 
4383759733.036707, -0.004458, -0.554267, 0.823301, -0.121566, 135.464239, -179.780504 
4393770856.507230, -0.012443, -0.555224, 0.820727, -0.133500, 134.974861, -179.626104 
4403781979.977753, -0.020457, -0.556064, 0.817980, -0.145385, 134.486942, -179.470532 
4413793103.448276, -0.028498, -0.556787, 0.815060, -0.157218, 134.000480, -179.313798 
4423804226.918798, -0.036564, -0.557392, 0.811968, -0.168997, 133.515470, -179.155910 
4433815350.389321, -0.044654, -0.557878, 0.808704, -0.180718, 133.031913, -178.996877 
4443826473.859844, -0.052765, -0.558246, 0.805271, -0.192380, 132.549804, -178.836708 
4453837597.330366, -0.060895, -0.558494, 0.801669, -0.203980, 132.069141, -178.675410 
4463848720.800890, -0.069044, -0.558622, 0.797898, -0.215515, 131.589922, -178.512992 
4473859844.271412, -0.077209, -0.558630, 0.793961, -0.226984, 131.112143, -178.349463 
4483870967.741936, -0.085388, -0.558516, 0.789858, -0.238383, 130.635803, -178.184831 
4493882091.212458, -0.093580, -0.558282, 0.785591, -0.249711, 130.160899, -178.019104 
4503893214.682981, -0.101783, -0.557925, 0.781160, -0.260964, 129.687427, -177.852291 
4513904338.153503, -0.109995, -0.557447, 0.776568, -0.272141, 129.215385, -177.684400 
4523915461.624026, -0.118214, -0.556846, 0.771814, -0.283239, 128.744771, -177.515439 
4533926585.094549, -0.126438, -0.556123, 0.766901, -0.294257, 128.275580, -177.345417 
4543937708.565072, -0.134666, -0.555277, 0.761830, -0.305190, 127.807811, -177.174342 
4553948832.035595, -0.142895, -0.554307, 0.756603, -0.316038, 127.341461, -177.002222 
4563959955.506118, -0.151125, -0.553214, 0.751220, -0.326798, 126.876526, -176.829065 
4573971078.976641, -0.159352, -0.551998, 0.745684, -0.337468, 126.413004, -176.654879 
4583982202.447163, -0.167574, -0.550657, 0.739995, -0.348046, 125.950891, -176.479673 
4593993325.917686, -0.175792, -0.549193, 0.734155, -0.358528, 125.490185, -176.303454 
4604004449.388208, -0.184001, -0.547605, 0.728166, -0.368915, 125.030882, -176.126230 
4614015572.858732, -0.192201, -0.545892, 0.722030, -0.379202, 124.572980, -175.948011 
4624026696.329254, -0.200389, -0.544056, 0.715747, -0.389388, 124.116475, -175.768802 
4634037819.799777, -0.208563, -0.542096, 0.709321, -0.399472, 123.661363, -175.588614 
4644048943.270300, -0.216723, -0.540011, 0.702751, -0.409450, 123.207643, -175.407453 
4654060066.740823, -0.224865, -0.537802, 0.696041, -0.419321, 122.755310, -175.225327 
4664071190.211346, -0.232988, -0.535469, 0.689191, -0.429082, 122.304362, -175.042245 
4674082313.681869, -0.241090, -0.533013, 0.682204, -0.438733, 121.854794, -174.858214 
4684093437.152391, -0.249169, -0.530432, 0.675081, -0.448271, 121.406605, -174.673242 
4694104560.622913, -0.257223, -0.527728, 0.667824, -0.457694, 120.959790, -174.487337 
4704115684.093437, -0.265250, -0.524901, 0.660435, -0.466999, 120.514346, -174.300507 
4714126807.563959, -0.273249, -0.521950, 0.652916, -0.476186, 120.070270, -174.112760 
4724137931.034483, -0.281217, -0.518877, 0.645268, -0.485253, 119.627559, -173.924103 
4734149054.505005, -0.289152, -0.515680, 0.637495, -0.494197, 119.186208, -173.734544 
4744160177.975529, -0.297054, -0.512362, 0.629596, -0.503017, 118.746215, -173.544090 
4754171301.446051, -0.304919, -0.508921, 0.621576, -0.511711, 118.307576, -173.352751 
4764182424.916574, -0.312746, -0.505359, 0.613435, -0.520278, 117.870288, -173.160532 
4774193548.387096, -0.320533, -0.501675, 0.605175, -0.528715, 117.434347, -172.967442 
4784204671.857619, -0.328277, -0.497871, 0.596800, -0.537022, 116.999749, -172.773489 
4794215795.328142, -0.335978, -0.493946, 0.588310, -0.545196, 116.566492, -172.578679 
4804226918.798665, -0.343634, -0.489901, 0.579707, -0.553235, 116.134571, -172.383021 
4814238042.269188, -0.351242, -0.485737, 0.570995, -0.561140, 115.703983, -172.186523 
4824249165.739710, -0.358800, -0.481454, 0.562175, -0.568907, 115.274725, -171.989191 
4834260289.210234, -0.366307, -0.477053, 0.553249, -0.576535, 114.846792, -171.791033 
4844271412.680756, -0.373761, -0.472534, 0.544219, -0.584024, 114.420182, -171.592058 
4854282536.151279, -0.381160, -0.467899, 0.535088, -0.591371, 113.994890, -171.392271 
4864293659.621801, -0.388502, -0.463146, 0.525857, -0.598575, 113.570913, -171.191681 
4874304783.092325, -0.395785, -0.458279, 0.516530, -0.605635, 113.148247, -170.990295 
4884315906.562847, -0.403008, -0.453296, 0.507108, -0.612549, 112.726889, -170.788121 
4894327030.033370, -0.410168, -0.448199, 0.497593, -0.619317, 112.306835, -170.585166 
4904338153.503893, -0.417265, -0.442989, 0.487988, -0.625936, 111.888081, -170.381437 
4914349276.974416, -0.424295, -0.437666, 0.478296, -0.632407, 111.470623, -170.176941 
4924360400.444939, -0.431258, -0.432231, 0.468518, -0.638727, 111.054458, -169.971687 
4934371523.915462, -0.438151, -0.426685, 0.458656, -0.644895, 110.639582, -169.765681 
4944382647.385984, -0.444973, -0.421030, 0.448714, -0.650911, 110.225992, -169.558931 
4954393770.856506, -0.451722, -0.415265, 0.438693, -0.656774, 109.813682, -169.351443 
4964404894.327030, -0.458396, -0.409392, 0.428597, -0.662481, 109.402651, -169.143226 
4974416017.797552, -0.464994, -0.403412, 0.418426, -0.668033, 108.992894, -168.934286 
4984427141.268076, -0.471513, -0.397325, 0.408184, -0.673428, 108.584406, -168.724630 
4994438264.738598, -0.477953, -0.391134, 0.397873, -0.678666, 108.177185, -168.514267 
5004449388.209121, -0.484311, -0.384839, 0.387496, -0.683746, 107.771227, -168.303202 
5014460511.679644, -0.490586, -0.378440, 0.377055, -0.688666, 107.366527, -168.091444 
5024471635.150167, -0.496775, -0.371940, 0.366552, -0.693426, 106.963082, -167.878999 
5034482758.620689, -0.502879, -0.365339, 0.355990, -0.698026, 106.560888, -167.665874 
5044493882.091212, -0.508894, -0.358638, 0.345371, -0.702463, 106.159941, -167.452076 
5054505005.561735, -0.514819, -0.351839, 0.334698, -0.706739, 105.760238, -167.237613 
5064516129.032257, -0.520652, -0.344943, 0.323974, -0.710852, 105.361774, -167.022492 
5074527252.502781, -0.526393, -0.337950, 0.313200, -0.714802, 104.964546, -166.806720 
5084538375.973303, -0.532039, -0.330864, 0.302380, -0.718587, 104.568550, -166.590303 
5094549499.443827, -0.537589, -0.323683, 0.291515, -0.722208, 104.173782, -166.373248 
5104560622.914349, -0.543042, -0.316411, 0.280609, -0.725664, 103.780238, -166.155564 
5114571746.384872, -0.548395, -0.309048, 0.269663, -0.728955, 103.387914, -165.937256 
5124582869.855394, -0.553647, -0.301596, 0.258681, -0.732079, 102.996807, -165.718331 
5134593993.325917, -0.558798, -0.294056, 0.247665, -0.735038, 102.606912, -165.498797 
5144605116.796440, -0.563845, -0.286429, 0.236617, -0.737829, 102.218226, -165.278661 
5154616240.266963, -0.568787, -0.278717, 0.225540, -0.740454, 101.830744, -165.057928 
5164627363.737486, -0.573622, -0.270922, 0.214437, -0.742912, 101.444464, -164.836607 
5174638487.208009, -0.578350, -0.263045, 0.203310, -0.745202, 101.059380, -164.614704 
5184649610.678532, -0.582968, -0.255087, 0.192161, -0.747325, 100.675490, -164.392225 
5194660734.149054, -0.587476, -0.247049, 0.180993, -0.749280, 100.292789, -164.169178 
5204671857.619577, -0.591872, -0.238935, 0.169809, -0.751067, 99.911273, -163.945570 
5214682981.090099, -0.596155, -0.230744, 0.158611, -0.752687, 99.530939, -163.721406 
5224694104.560623, -0.600324, -0.222479, 0.147402, -0.754138, 99.151783, -163.496695 
5234705228.031145, -0.604377, -0.214142, 0.136184, -0.755422, 98.773801, -163.271442 
5244716351.501668, -0.608312, -0.205733, 0.124959, -0.756537, 98.396989, -163.045654 
5254727474.972191, -0.612130, -0.197255, 0.113731, -0.757485, 98.021342, -162.819339 
5264738598.442714, -0.615829, -0.188709, 0.102502, -0.758266, 97.646858, -162.592502 
5274749721.913237, -0.619407, -0.180097, 0.091274, -0.758878, 97.273533, -162.365150 
5284760845.383759, -0.622863, -0.171421, 0.080050, -0.759324, 96.901362, -162.137290 
5294771968.854282, -0.626196, -0.162682, 0.068833, -0.759603, 96.530342, -161.908929 
5304783092.324805, -0.629406, -0.153883, 0.057624, -0.759715, 96.160469, -161.680073 
5314794215.795328, -0.632491, -0.145024, 0.046426, -0.759660, 95.791739, -161.450728 
5324805339.265851, -0.635450, -0.136108, 0.035243, -0.759439, 95.424148, -161.220902 
5334816462.736373, -0.638282, -0.127137, 0.024076, -0.759053, 95.057693, -160.990600 
5344827586.206896, -0.640986, -0.118112, 0.012927, -0.758501, 94.692370, -160.759830 
5354838709.677419, -0.643561, -0.109036, 0.001800, -0.757785, 94.328174, -160.528597 
5364849833.147942, -0.646007, -0.099910, -0.009304, -0.756904, 93.965103, -160.296908 
5374860956.618464, -0.648321, -0.090735, -0.020381, -0.755860, 93.603152, -160.064770 
5384872080.088987, -0.650504, -0.081515, -0.031430, -0.754652, 93.242318, -159.832189 
5394883203.559510, -0.652555, -0.072251, -0.042448, -0.753282, 92.882596, -159.599171 
5404894327.030033, -0.654472, -0.062944, -0.053432, -0.751750, 92.523984, -159.365723 
5414905450.500556, -0.656256, -0.053597, -0.064381, -0.750057, 92.166476, -159.131851 
5424916573.971079, -0.657904, -0.044211, -0.075291, -0.748203, 91.810071, -158.897562 
5434927697.441602, -0.659417, -0.034789, -0.086161, -0.746189, 91.454763, -158.662861 
5444938820.912125, -0.660794, -0.025333, -0.096988, -0.744017, 91.100550, -158.427755 
5454949944.382647, -0.662034, -0.015845, -0.107770, -0.741686, 90.747427, -158.192250 
5464961067.853169, -0.663136, -0.006326, -0.118504, -0.739198, 90.395391, -157.956353 
5474972191.323692, -0.664101, 0.003222, -0.129188, -0.736554, 90.044438, -157.720069 
5484983314.794215, -0.664926, 0.012795, -0.139820, -0.733754, 89.694565, -157.483405 
5494994438.264738, -0.665612, 0.022393, -0.150398, -0.730800, 89.345767, -157.246367 
5505005561.735261, -0.666159, 0.032013, -0.160919, -0.727693, 88.998042, -157.008961 
5515016685.205784, -0.666565, 0.041654, -0.171380, -0.724432, 88.651386, -156.771194 
5525027808.676307, -0.666830, 0.051312, -0.181781, -0.721021, 88.305794, -156.533070 
5535038932.146830, -0.666954, 0.060987, -0.192118, -0.717459, 87.961264, -156.294597 
5545050055.617352, -0.666936, 0.070675, -0.202390, -0.713748, 87.617792, -156.055781 
5555061179.087875, -0.666777, 0.080375, -0.212593, -0.709890, 87.275374, -155.816627 
5565072302.558398, -0.666475, 0.090085, -0.222727, -0.705884, 86.934007, -155.577141 
5575083426.028921, -0.666030, 0.099803, -0.232789, -0.701733, 86.593687, -155.337329 
5585094549.499443, -0.665443, 0.109526, -0.242777, -0.697437, 86.254411, -155.097198 
5595105672.969966, -0.664712, 0.119253, -0.252688, -0.692999, 85.916175, -154.856753 
5605116796.440489, -0.663839, 0.128981, -0.262521, -0.688418, 85.578976, -154.616000 
5615127919.911012, -0.662821, 0.138708, -0.272274, -0.683698, 85.242810, -154.374945 
5625139043.381535, -0.661660, 0.148431, -0.281944, -0.678838, 84.907674, -154.133594 
5635150166.852057, -0.660356, 0.158150, -0.291530, -0.673841, 84.573565, -153.891952 
5645161290.322580, -0.658907, 0.167862, -0.301030, -0.668708, 84.240479, -153.650026 
5655172413.793103, -0.657314, 0.177563, -0.310441, -0.663440, 83.908412, -153.407821 
5665183537.263626, -0.655578, 0.187254, -0.319762, -0.658039, 83.577362, -153.165342 
5675194660.734149, -0.653697, 0.196930, -0.328991, -0.652506, 83.247325, -152.922597 
5685205784.204672, -0.651673, 0.206591, -0.338126, -0.646843, 82.918297, -152.679589 
5695216907.675195, -0.649505, 0.216233, -0.347165, -0.641052, 82.590275, -152.436325 
5705228031.145717, -0.647194, 0.225856, -0.356107, -0.635134, 82.263257, -152.192810 
5715239154.616240, -0.644739, 0.235456, -0.364949, -0.629090, 81.937239, -151.949051 
5725250278.086762, -0.642140, 0.245031, -0.373690, -0.622923, 81.612216, -151.705052 
5735261401.557285, -0.639398, 0.254579, -0.382328, -0.616634, 81.288188, -151.460819 
5745272525.027808, -0.636514, 0.264099, -0.390861, -0.610225, 80.965149, -151.216358 
5755283648.498331, -0.633487, 0.273588, -0.399288, -0.603697, 80.643097, -150.971673 
5765294771.968854, -0.630318, 0.283043, -0.407607, -0.597052, 80.322029, -150.726772 
5775305895.439377, -0.627006, 0.292463, -0.415816, -0.590293, 80.001941, -150.481658 
5785317018.909900, -0.623554, 0.301846, -0.423915, -0.583420, 79.682831, -150.236337 
5795328142.380423, -0.619960, 0.311188, -0.431900, -0.576436, 79.364695, -149.990815 
5805339265.850945, -0.616225, 0.320490, -0.439771, -0.569342, 79.047531, -149.745097 
5815350389.321468, -0.612350, 0.329747, -0.447526, -0.562141, 78.731334, -149.499188 
5825361512.791990, -0.608336, 0.338958, -0.455164, -0.554834, 78.416103, -149.253094 
5835372636.262513, -0.604182, 0.348121, -0.462683, -0.547423, 78.101834, -149.006819 
5845383759.733036, -0.599890, 0.357234, -0.470082, -0.539910, 77.788524, -148.760369 
5855394883.203559, -0.595460, 0.366294, -0.477359, -0.532297, 77.476170, -148.513749 
5865406006.674082, -0.590892, 0.375300, -0.484513, -0.524586, 77.164770, -148.266965 
5875417130.144605, -0.586188, 0.384249, -0.491544, -0.516779, 76.854319, -148.020020 
5885428253.615128, -0.581347, 0.393139, -0.498448, -0.508878, 76.544816, -147.772921 
5895439377.085650, -0.576372, 0.401969, -0.505226, -0.500885, 76.236258, -147.525672 
5905450500.556173, -0.571262, 0.410736, -0.511876, -0.492802, 75.928641, -147.278279 
5915461624.026696, -0.566018, 0.419438, -0.518396, -0.484631, 75.621963, -147.030746 
5925472747.497219, -0.560642, 0.428073, -0.524787, -0.476374, 75.316221, -146.783078 
5935483870.967742, -0.555133, 0.436639, -0.531045, -0.468034, 75.011412, -146.535280 
5945494994.438264, -0.549493, 0.445134, -0.537172, -0.459612, 74.707533, -146.287357 
5955506117.908787, -0.543724, 0.453556, -0.543164, -0.451110, 74.404582, -146.039314 
5965517241.379310, -0.537825, 0.461903, -0.549022, -0.442530, 74.102557, -145.791156 
5975528364.849833, -0.531797, 0.470173, -0.554744, -0.433876, 73.801453, -145.542887 
5985539488.320355, -0.525643, 0.478364, -0.560330, -0.425148, 73.501269, -145.294512 
5995550611.790878, -0.519363, 0.486474, -0.565778, -0.416349, 73.202002, -145.046036 
6005561735.261401, -0.512957, 0.494501, -0.571088, -0.407481, 72.903649, -144.797463 
6015572858.731924, -0.506427, 0.502444, -0.576258, -0.398547, 72.606209, -144.548798 
6025583982.202447, -0.499775, 0.510299, -0.581288, -0.389548, 72.309677, -144.300046 
6035595105.672970, -0.493001, 0.518066, -0.586178, -0.380487, 72.014052, -144.051211 
6045606229.143493, -0.486106, 0.525742, -0.590926, -0.371366, 71.719331, -143.802298 
6055617352.614016, -0.479093, 0.533326, -0.595531, -0.362187, 71.425512, -143.553311 
6065628476.084538, -0.471961, 0.540816, -0.599993, -0.352953, 71.132591, -143.304255 
6075639599.555060, -0.464712, 0.548210, -0.604312, -0.343665, 70.840568, -143.055133 
6085650723.025583, -0.457349, 0.555505, -0.608487, -0.334326, 70.549438, -142.805951 
6095661846.496106, -0.449871, 0.562701, -0.612516, -0.324938, 70.259201, -142.556712 
6105672969.966629, -0.442280, 0.569796, -0.616401, -0.315504, 69.969853, -142.307422 
6115684093.437152, -0.434578, 0.576787, -0.620139, -0.306025, 69.681392, -142.058083 
6125695216.907675, -0.426767, 0.583673, -0.623731, -0.296504, 69.393816, -141.808701 
6135706340.378198, -0.418847, 0.590452, -0.627176, -0.286944, 69.107122, -141.559280 
6145717463.848721, -0.410820, 0.597123, -0.630474, -0.277346, 68.821309, -141.309823 
6155728587.319243, -0.402688, 0.603684, -0.633625, -0.267713, 68.536373, -141.060335 
6165739710.789766, -0.394451, 0.610133, -0.636627, -0.258047, 68.252313, -140.810820 
6175750834.260289, -0.386113, 0.616469, -0.639482, -0.248350, 67.969127, -140.561281 
6185761957.730812, -0.377674, 0.622689, -0.642188, -0.238625, 67.686812, -140.311724 
6195773081.201334, -0.369135, 0.628793, -0.644745, -0.228873, 67.405366, -140.062151 
6205784204.671857, -0.360500, 0.634779, -0.647154, -0.219098, 67.124788, -139.812567 
6215795328.142380, -0.351768, 0.640645, -0.649413, -0.209302, 66.845074, -139.562975 
6225806451.612903, -0.342942, 0.646390, -0.651524, -0.199486, 66.566223, -139.313380 
6235817575.083426, -0.334024, 0.652012, -0.653486, -0.189653, 66.288232, -139.063785 
6245828698.553948, -0.325015, 0.657510, -0.655298, -0.179806, 66.011100, -138.814193 
6255839822.024471, -0.315918, 0.662882, -0.656961, -0.169946, 65.734826, -138.564610 
6265850945.494994, -0.306733, 0.668127, -0.658475, -0.160076, 65.459405, -138.315037 
6275862068.965517, -0.297462, 0.673243, -0.659840, -0.150198, 65.184838, -138.065479 
6285873192.436040, -0.288108, 0.678230, -0.661055, -0.140315, 64.911121, -137.815939 
6295884315.906563, -0.278673, 0.683085, -0.662122, -0.130428, 64.638253, -137.566422 
6305895439.377086, -0.269158, 0.687808, -0.663041, -0.120540, 64.366232, -137.316929 
6315906562.847608, -0.259564, 0.692397, -0.663810, -0.110654, 64.095056, -137.067466 
6325917686.318130, -0.249895, 0.696851, -0.664432, -0.100771, 63.824723, -136.818034 
6335928809.788653, -0.240152, 0.701168, -0.664905, -0.090893, 63.555232, -136.568638 
6345939933.259176, -0.230336, 0.705348, -0.665231, -0.081024, 63.286580, -136.319281 
6355951056.729699, -0.220451, 0.709389, -0.665410, -0.071164, 63.018766, -136.069966 
6365962180.200222, -0.210497, 0.713290, -0.665441, -0.061317, 62.751788, -135.820697 
6375973303.670745, -0.200477, 0.717051, -0.665326, -0.051485, 62.485644, -135.571476 
6385984427.141268, -0.190393, 0.720669, -0.665065, -0.041669, 62.220333, -135.322307 
6395995550.611791, -0.180246, 0.724144, -0.664658, -0.031873, 61.955853, -135.073192 
6406006674.082314, -0.170040, 0.727474, -0.664107, -0.022097, 61.692201, -134.824135 
6416017797.552836, -0.159776, 0.730660, -0.663410, -0.012345, 61.429378, -134.575139 
6426028921.023359, -0.149456, 0.733699, -0.662570, -0.002618, 61.167380, -134.326207 
6436040044.493881, -0.139082, 0.736591, -0.661586, 0.007082, 60.906206, -134.077342 
6446051167.964404, -0.128656, 0.739335, -0.660459, 0.016751, 60.645855, -133.828546 
6456062291.434927, -0.118181, 0.741930, -0.659190, 0.026389, 60.386325, -133.579823 
6466073414.905450, -0.107658, 0.744376, -0.657780, 0.035993, 60.127614, -133.331175 
6476084538.375973, -0.097091, 0.746670, -0.656229, 0.045561, 59.869721, -133.082605 
6486095661.846496, -0.086480, 0.748814, -0.654539, 0.055091, 59.612645, -132.834116 
6496106785.317019, -0.075829, 0.750805, -0.652709, 0.064580, 59.356384, -132.585710 
6506117908.787541, -0.065138, 0.752643, -0.650741, 0.074028, 59.100936, -132.337390 
6516129032.258064, -0.054412, 0.754327, -0.648635, 0.083431, 58.846300, -132.089159 
6526140155.728587, -0.043651, 0.755858, -0.646393, 0.092788, 58.592474, -131.841018 
6536151279.199110, -0.032859, 0.757233, -0.644015, 0.102097, 58.339458, -131.592972 
6546162402.669633, -0.022037, 0.758453, -0.641503, 0.111355, 58.087249, -131.345021 
6556173526.140155, -0.011187, 0.759518, -0.638857, 0.120562, 57.835846, -131.097168 
6566184649.610678, -0.000313, 0.760425, -0.636078, 0.129714, 57.585249, -130.849416 
6576195773.081201, 0.010585, 0.761176, -0.633167, 0.138811, 57.335455, -130.601768 
6586206896.551723, 0.021503, 0.761768, -0.630126, 0.147849, 57.086463, -130.354224 
6596218020.022246, 0.032439, 0.762204, -0.626956, 0.156828, 56.838272, -130.106788 
6606229143.492769, 0.043391, 0.762480, -0.623657, 0.165744, 56.590881, -129.859461 
6616240266.963292, 0.054357, 0.762598, -0.620230, 0.174598, 56.344288, -129.612246 
6626251390.433815, 0.065334, 0.762557, -0.616678, 0.183386, 56.098492, -129.365145 
6636262513.904338, 0.076320, 0.762357, -0.613000, 0.192107, 55.853491, -129.118160 
6646273637.374861, 0.087313, 0.761997, -0.609199, 0.200759, 55.609286, -128.871292 
6656284760.845384, 0.098309, 0.761478, -0.605276, 0.209340, 55.365873, -128.624545 
6666295884.315907, 0.109308, 0.760798, -0.601231, 0.217849, 55.123253, -128.377918 
6676307007.786428, 0.120307, 0.759959, -0.597066, 0.226283, 54.881423, -128.131416 
6686318131.256951, 0.131302, 0.758959, -0.592783, 0.234642, 54.640383, -127.885038 
6696329254.727474, 0.142293, 0.757799, -0.588382, 0.242923, 54.400131, -127.638787 
6706340378.197997, 0.153276, 0.756478, -0.583866, 0.251126, 54.160667, -127.392665 
6716351501.668520, 0.164249, 0.754997, -0.579235, 0.259247, 53.921989, -127.146673 
6726362625.139043, 0.175210, 0.753356, -0.574491, 0.267286, 53.684096, -126.900814 
6736373748.609566, 0.186156, 0.751555, -0.569636, 0.275241, 53.446987, -126.655087 
6746384872.080089, 0.197086, 0.749593, -0.564670, 0.283110, 53.210660, -126.409496 
6756395995.550611, 0.207996, 0.747471, -0.559596, 0.290893, 52.975116, -126.164041 
6766407119.021134, 0.218885, 0.745190, -0.554415, 0.298587, 52.740351, -125.918724 
6776418242.491657, 0.229749, 0.742749, -0.549127, 0.306191, 52.506367, -125.673546 
6786429365.962180, 0.240587, 0.740148, -0.543736, 0.313703, 52.273160, -125.428508 
6796440489.432703, 0.251397, 0.737388, -0.538242, 0.321123, 52.040732, -125.183613 
6806451612.903225, 0.262175, 0.734469, -0.532647, 0.328448, 51.809079, -124.938860 
6816462736.373748, 0.272920, 0.731392, -0.526953, 0.335678, 51.578202, -124.694252 
6826473859.844271, 0.283629, 0.728156, -0.521161, 0.342811, 51.348098, -124.449789 
6836484983.314794, 0.294299, 0.724763, -0.515273, 0.349845, 51.118769, -124.205472 
6846496106.785316, 0.304930, 0.721213, -0.509291, 0.356780, 50.890211, -123.961303 
6856507230.255839, 0.315517, 0.717505, -0.503215, 0.363614, 50.662424, -123.717283 
6866518353.726362, 0.326060, 0.713642, -0.497049, 0.370346, 50.435408, -123.473412 
6876529477.196885, 0.336554, 0.709622, -0.490793, 0.376975, 50.209160, -123.229691 
6886540600.667408, 0.347000, 0.705448, -0.484449, 0.383499, 49.983681, -122.986122 
6896551724.137931, 0.357392, 0.701119, -0.478019, 0.389918, 49.758969, -122.742704 
6906562847.608454, 0.367731, 0.696636, -0.471505, 0.396230, 49.535024, -122.499440 
6916573971.078977, 0.378013, 0.691999, -0.464909, 0.402434, 49.311843, -122.256329 
6926585094.549499, 0.388236, 0.687211, -0.458232, 0.408530, 49.089427, -122.013372 
6936596218.020021, 0.398397, 0.682270, -0.451476, 0.414515, 48.867774, -121.770570 
6946607341.490544, 0.408495, 0.677179, -0.444643, 0.420390, 48.646884, -121.527923 
6956618464.961067, 0.418528, 0.671937, -0.437735, 0.426153, 48.426755, -121.285432 
6966629588.431590, 0.428492, 0.666546, -0.430753, 0.431802, 48.207386, -121.043098 
6976640711.902113, 0.438386, 0.661007, -0.423700, 0.437339, 47.988777, -120.800921 
6986651835.372636, 0.448207, 0.655321, -0.416577, 0.442760, 47.770926, -120.558901 
6996662958.843159, 0.457954, 0.649487, -0.409386, 0.448067, 47.553833, -120.317038 
7006674082.313682, 0.467624, 0.643509, -0.402129, 0.453257, 47.337496, -120.075334 
7016685205.784204, 0.477215, 0.637386, -0.394807, 0.458330, 47.121915, -119.833787 
7026696329.254727, 0.486724, 0.631119, -0.387424, 0.463285, 46.907089, -119.592399 
7036707452.725250, 0.496150, 0.624710, -0.379980, 0.468121, 46.693017, -119.351170 
7046718576.195772, 0.505491, 0.618161, -0.372477, 0.472839, 46.479698, -119.110100 
7056729699.666295, 0.514744, 0.611470, -0.364918, 0.477436, 46.267131, -118.869188 
7066740823.136818, 0.523907, 0.604642, -0.357304, 0.481913, 46.055314, -118.628435 
7076751946.607341, 0.532979, 0.597675, -0.349638, 0.486269, 45.844248, -118.387841 
7086763070.077864, 0.541956, 0.590572, -0.341921, 0.490503, 45.633931, -118.147405 
7096774193.548387, 0.550838, 0.583334, -0.334154, 0.494615, 45.424362, -117.907129 
7106785317.018909, 0.559621, 0.575962, -0.326341, 0.498603, 45.215540, -117.667010 
7116796440.489432, 0.568305, 0.568458, -0.318483, 0.502469, 45.007465, -117.427051 
7126807563.959955, 0.576886, 0.560823, -0.310582, 0.506211, 44.800135, -117.187249 
7136818687.430478, 0.585363, 0.553058, -0.302640, 0.509829, 44.593549, -116.947605 
7146829810.901001, 0.593735, 0.545165, -0.294658, 0.513322, 44.387707, -116.708119 
7156840934.371524, 0.601998, 0.537145, -0.286640, 0.516691, 44.182607, -116.468790 
7166852057.842046, 0.610152, 0.529000, -0.278586, 0.519934, 43.978249, -116.229617 
7176863181.312569, 0.618193, 0.520731, -0.270499, 0.523051, 43.774631, -115.990601 
7186874304.783092, 0.626122, 0.512340, -0.262380, 0.526043, 43.571753, -115.751741 
7196885428.253614, 0.633934, 0.503828, -0.254232, 0.528909, 43.369613, -115.513036 
7206896551.724137, 0.641630, 0.495197, -0.246057, 0.531648, 43.168211, -115.274486 
7216907675.194660, 0.649206, 0.486449, -0.237856, 0.534261, 42.967546, -115.036089 
7226918798.665183, 0.656661, 0.477585, -0.229632, 0.536748, 42.767616, -114.797847 
7236929922.135706, 0.663994, 0.468607, -0.221386, 0.539108, 42.568421, -114.559756 
7246941045.606229, 0.671202, 0.459517, -0.213121, 0.541341, 42.369959, -114.321818 
7256952169.076752, 0.678284, 0.450316, -0.204838, 0.543447, 42.172230, -114.084031 
7266963292.547275, 0.685238, 0.441006, -0.196539, 0.545426, 41.975232, -113.846395 
7276974416.017797, 0.692063, 0.431590, -0.188226, 0.547279, 41.778965, -113.608908 
7286985539.488319, 0.698756, 0.422068, -0.179902, 0.549005, 41.583428, -113.371569 
7296996662.958842, 0.705317, 0.412443, -0.171568, 0.550604, 41.388619, -113.134378 
7307007786.429365, 0.711743, 0.402717, -0.163226, 0.552076, 41.194537, -112.897334 
7317018909.899888, 0.718033, 0.392891, -0.154878, 0.553422, 41.001181, -112.660435 
7327030033.370411, 0.724186, 0.382967, -0.146526, 0.554641, 40.808551, -112.423681 
7337041156.840934, 0.730200, 0.372948, -0.138172, 0.555734, 40.616644, -112.187070 
7347052280.311457, 0.736073, 0.362834, -0.129817, 0.556702, 40.425461, -111.950601 
7357063403.781980, 0.741805, 0.352630, -0.121464, 0.557543, 40.234999, -111.714274 
7367074527.252502, 0.747393, 0.342335, -0.113115, 0.558259, 40.045258, -111.478086 
7377085650.723025, 0.752836, 0.331953, -0.104771, 0.558850, 39.856237, -111.242036 
7387096774.193548, 0.758134, 0.321485, -0.096434, 0.559316, 39.667934, -111.006124 
7397107897.664071, 0.763283, 0.310933, -0.088107, 0.559657, 39.480349, -110.770348 
7407119021.134594, 0.768285, 0.300300, -0.079790, 0.559874, 39.293479, -110.534706 
7417130144.605116, 0.773136, 0.289588, -0.071487, 0.559968, 39.107325, -110.299198 
7427141268.075639, 0.777835, 0.278798, -0.063198, 0.559938, 38.921884, -110.063820 
7437152391.546162, 0.782383, 0.267934, -0.054925, 0.559786, 38.737156, -109.828573 
7447163515.016685, 0.786776, 0.256996, -0.046672, 0.559511, 38.553139, -109.593455 
7457174638.487207, 0.791015, 0.245988, -0.038438, 0.559115, 38.369832, -109.358463 
7467185761.957730, 0.795098, 0.234912, -0.030226, 0.558597, 38.187233, -109.123597 
7477196885.428253, 0.799024, 0.223769, -0.022038, 0.557958, 38.005343, -108.888854 
7487208008.898776, 0.802791, 0.212562, -0.013875, 0.557200, 37.824158, -108.654234 
7497219132.369299, 0.806400, 0.201293, -0.005740, 0.556321, 37.643678, -108.419733 
7507230255.839822, 0.809848, 0.189965, 0.002366, 0.555325, 37.463902, -108.185351 
7517241379.310345, 0.813136, 0.178580, 0.010441, 0.554210, 37.284828, -107.951086 
7527252502.780868, 0.816261, 0.167139, 0.018484, 0.552977, 37.106456, -107.716936 
7537263626.251390, 0.819223, 0.155647, 0.026493, 0.551628, 36.928782, -107.482899 
7547274749.721912, 0.822022, 0.144104, 0.034466, 0.550163, 36.751807, -107.248973 
7557285873.192435, 0.824656, 0.132513, 0.042401, 0.548582, 36.575529, -107.015156 
7567296996.662958, 0.827125, 0.120877, 0.050297, 0.546888, 36.399945, -106.781447 
7577308120.133481, 0.829427, 0.109198, 0.058152, 0.545079, 36.225056, -106.547842 
7587319243.604004, 0.831563, 0.097477, 0.065965, 0.543158, 36.050859, -106.314341 
7597330367.074527, 0.833531, 0.085719, 0.073734, 0.541125, 35.877354, -106.080942 
7607341490.545050, 0.835331, 0.073925, 0.081457, 0.538981, 35.704538, -105.847641 
7617352614.015573, 0.836962, 0.062097, 0.089132, 0.536728, 35.532409, -105.614437 
7627363737.486095, 0.838424, 0.050238, 0.096759, 0.534364, 35.360968, -105.381328 
7637374860.956618, 0.839715, 0.038351, 0.104336, 0.531893, 35.190211, -105.148311 
7647385984.427141, 0.840836, 0.026437, 0.111860, 0.529315, 35.020137, -104.915385 
7657397107.897663, 0.841787, 0.014500, 0.119332, 0.526630, 34.850746, -104.682547 
7667408231.368186, 0.842565, 0.002541, 0.126748, 0.523840, 34.682035, -104.449795 
7677419354.838709, 0.843172, -0.009436, 0.134108, 0.520947, 34.514002, -104.217127 
7687430478.309232, 0.843607, -0.021429, 0.141410, 0.517950, 34.346646, -103.984539 
7697441601.779755, 0.843870, -0.033437, 0.148653, 0.514851, 34.179966, -103.752031 
7707452725.250278, 0.843959, -0.045455, 0.155835, 0.511651, 34.013959, -103.519599 
7717463848.720800, 0.843876, -0.057482, 0.162955, 0.508351, 33.848624, -103.287241 
7727474972.191323, 0.843619, -0.069516, 0.170012, 0.504953, 33.683959, -103.054954 
7737486095.661846, 0.843188, -0.081553, 0.177004, 0.501457, 33.519963, -102.822737 
7747497219.132369, 0.842584, -0.093592, 0.183930, 0.497865, 33.356634, -102.590586 
7757508342.602892, 0.841806, -0.105629, 0.190789, 0.494178, 33.193970, -102.358499 
7767519466.073415, 0.840855, -0.117663, 0.197578, 0.490397, 33.031969, -102.126474 
7777530589.543937, 0.839729, -0.129690, 0.204298, 0.486524, 32.870629, -101.894508 
7787541713.014460, 0.838430, -0.141708, 0.210947, 0.482559, 32.709949, -101.662598 
7797552836.484982, 0.836957, -0.153715, 0.217523, 0.478503, 32.549927, -101.430742 
7807563959.955505, 0.835310, -0.165708, 0.224026, 0.474359, 32.390560, -101.198937 
7817575083.426028, 0.833489, -0.177684, 0.230453, 0.470128, 32.231848, -100.967180 
7827586206.896551, 0.831495, -0.189642, 0.236805, 0.465810, 32.073787, -100.735469 
7837597330.367074, 0.829327, -0.201578, 0.243080, 0.461407, 31.916377, -100.503801 
7847608453.837597, 0.826986, -0.213490, 0.249276, 0.456920, 31.759615, -100.272173 
7857619577.308120, 0.824472, -0.225376, 0.255393, 0.452352, 31.603498, -100.040582 
7867630700.778643, 0.821786, -0.237232, 0.261430, 0.447702, 31.448027, -99.809026 
7877641824.249166, 0.818927, -0.249057, 0.267385, 0.442973, 31.293197, -99.577502 
7887652947.719688, 0.815897, -0.260848, 0.273258, 0.438165, 31.139007, -99.346007 
7897664071.190210, 0.812695, -0.272602, 0.279047, 0.433281, 30.985456, -99.114538 
7907675194.660733, 0.809322, -0.284317, 0.284752, 0.428322, 30.832541, -98.883093 
7917686318.131256, 0.805778, -0.295991, 0.290371, 0.423289, 30.680259, -98.651667 
7927697441.601779, 0.802064, -0.307620, 0.295905, 0.418183, 30.528609, -98.420260 
7937708565.072302, 0.798181, -0.319203, 0.301351, 0.413006, 30.377589, -98.188866 
7947719688.542825, 0.794128, -0.330737, 0.306708, 0.407760, 30.227197, -97.957485 
7957730812.013348, 0.789907, -0.342219, 0.311977, 0.402445, 30.077430, -97.726112 
7967741935.483871, 0.785519, -0.353647, 0.317156, 0.397064, 29.928285, -97.494745 
7977753058.954393, 0.780963, -0.365019, 0.322245, 0.391618, 29.779762, -97.263380 
7987764182.424916, 0.776241, -0.376332, 0.327242, 0.386108, 29.631858, -97.032015 
7997775305.895439, 0.771354, -0.387583, 0.332147, 0.380536, 29.484570, -96.800647 
8007786429.365962, 0.766302, -0.398771, 0.336959, 0.374904, 29.337896, -96.569273 
8017797552.836484, 0.761086, -0.409892, 0.341678, 0.369212, 29.191833, -96.337889 
8027808676.307007, 0.755707, -0.420945, 0.346302, 0.363463, 29.046381, -96.106492 
8037819799.777530, 0.750165, -0.431927, 0.350831, 0.357658, 28.901535, -95.875080 
8047830923.248053, 0.744463, -0.442835, 0.355265, 0.351799, 28.757294, -95.643649 
8057842046.718575, 0.738600, -0.453668, 0.359603, 0.345886, 28.613656, -95.412197 
8067853170.189098, 0.732579, -0.464422, 0.363843, 0.339922, 28.470618, -95.180719 
8077864293.659621, 0.726399, -0.475096, 0.367987, 0.333909, 28.328177, -94.949214 
8087875417.130144, 0.720062, -0.485688, 0.372032, 0.327847, 28.186332, -94.717678 
8097886540.600667, 0.713569, -0.496194, 0.375980, 0.321738, 28.045079, -94.486107 
8107897664.071190, 0.706921, -0.506612, 0.379828, 0.315585, 27.904417, -94.254499 
8117908787.541713, 0.700119, -0.516941, 0.383577, 0.309387, 27.764342, -94.022850 
8127919911.012236, 0.693165, -0.527178, 0.387226, 0.303148, 27.624853, -93.791157 
8137931034.482759, 0.686060, -0.537321, 0.390775, 0.296869, 27.485946, -93.559418 
8147942157.953280, 0.678805, -0.547367, 0.394224, 0.290551, 27.347619, -93.327629 
8157953281.423803, 0.671401, -0.557315, 0.397571, 0.284195, 27.209870, -93.095786 
8167964404.894326, 0.663851, -0.567162, 0.400817, 0.277804, 27.072696, -92.863886 
8177975528.364849, 0.656154, -0.576905, 0.403962, 0.271379, 26.936095, -92.631927 
8187986651.835372, 0.648313, -0.586544, 0.407005, 0.264922, 26.800063, -92.399906 
8197997775.305895, 0.640329, -0.596075, 0.409945, 0.258434, 26.664599, -92.167818 
8208008898.776418, 0.632203, -0.605496, 0.412784, 0.251917, 26.529699, -91.935660 
8218020022.246941, 0.623937, -0.614806, 0.415519, 0.245372, 26.395361, -91.703431 
8228031145.717463, 0.615533, -0.624002, 0.418152, 0.238801, 26.261582, -91.471125 
8238042269.187986, 0.606992, -0.633083, 0.420682, 0.232205, 26.128359, -91.238741 
8248053392.658509, 0.598315, -0.642045, 0.423109, 0.225587, 25.995691, -91.006274 
8258064516.129032, 0.589505, -0.650888, 0.425432, 0.218948, 25.863573, -90.773722 
8268075639.599554, 0.580563, -0.659609, 0.427652, 0.212289, 25.732004, -90.541082 
8278086763.070077, 0.571491, -0.668206, 0.429769, 0.205612, 25.600981, -90.308349 
8288097886.540600, 0.562290, -0.676678, 0.431783, 0.198918, 25.470500, -90.075522 
8298109010.011123, 0.552962, -0.685022, 0.433693, 0.192210, 25.340559, -89.842596 
8308120133.481646, 0.543509, -0.693236, 0.435499, 0.185488, 25.211155, -89.609569 
8318131256.952168, 0.533932, -0.701319, 0.437202, 0.178755, 25.082286, -89.376437 
8328142380.422691, 0.524234, -0.709268, 0.438802, 0.172012, 24.953948, -89.143198 
8338153503.893214, 0.514417, -0.717083, 0.440298, 0.165259, 24.826140, -88.909847 
8348164627.363737, 0.504482, -0.724760, 0.441691, 0.158500, 24.698857, -88.676383 
8358175750.834260, 0.494431, -0.732299, 0.442981, 0.151736, 24.572097, -88.442800 
8368186874.304783, 0.484266, -0.739697, 0.444168, 0.144967, 24.445857, -88.209098 
8378197997.775306, 0.473989, -0.746954, 0.445252, 0.138197, 24.320135, -87.975271 
8388209121.245828, 0.463603, -0.754066, 0.446234, 0.131425, 24.194927, -87.741318 
8398220244.716351, 0.453108, -0.761033, 0.447113, 0.124654, 24.070230, -87.507234 
8408231368.186873, 0.442508, -0.767853, 0.447890, 0.117886, 23.946042, -87.273018 
8418242491.657396, 0.431804, -0.774524, 0.448566, 0.111121, 23.822360, -87.038665 
8428253615.127919, 0.420998, -0.781045, 0.449139, 0.104362, 23.699180, -86.804172 
8438264738.598442, 0.410093, -0.787413, 0.449611, 0.097609, 23.576501, -86.569537 
8448275862.068965, 0.399090, -0.793629, 0.449983, 0.090865, 23.454318, -86.334757 
8458286985.539488, 0.387992, -0.799689, 0.450253, 0.084131, 23.332629, -86.099827 
8468298109.010011, 0.376801, -0.805594, 0.450423, 0.077408, 23.211431, -85.864746 
8478309232.480534, 0.365519, -0.811340, 0.450494, 0.070698, 23.090721, -85.629510 
8488320355.951056, 0.354149, -0.816927, 0.450465, 0.064002, 22.970496, -85.394116 
8498331479.421579, 0.342692, -0.822354, 0.450336, 0.057321, 22.850753, -85.158561 
8508342602.892101, 0.331151, -0.827619, 0.450109, 0.050658, 22.731489, -84.922842 
8518353726.362624, 0.319528, -0.832721, 0.449784, 0.044014, 22.612702, -84.686957 
8528364849.833147, 0.307826, -0.837658, 0.449362, 0.037389, 22.494387, -84.450901 
8538375973.303670, 0.296046, -0.842430, 0.448842, 0.030787, 22.376542, -84.214672 
8548387096.774193, 0.284192, -0.847035, 0.448226, 0.024206, 22.259165, -83.978268 
8558398220.244716, 0.272265, -0.851471, 0.447513, 0.017651, 22.142251, -83.741685 
8568409343.715239, 0.260268, -0.855739, 0.446705, 0.011121, 22.025799, -83.504920 
8578420467.185761, 0.248203, -0.859836, 0.445802, 0.004618, 21.909805, -83.267971 
8588431590.656284, 0.236074, -0.863762, 0.444805, -0.001857, 21.794266, -83.030835 
8598442714.126808, 0.223881, -0.867516, 0.443714, -0.008302, 21.679179, -82.793508 
8608453837.597330, 0.211628, -0.871096, 0.442530, -0.014716, 21.564540, -82.555989 
8618464961.067852, 0.199317, -0.874502, 0.441254, -0.021097, 21.450349, -82.318273 
8628476084.538376, 0.186951, -0.877733, 0.439886, -0.027445, 21.336600, -82.080359 
8638487208.008898, 0.174531, -0.880787, 0.438427, -0.033758, 21.223291, -81.842244 
8648498331.479420, 0.162062, -0.883665, 0.436878, -0.040034, 21.110419, -81.603925 
8658509454.949944, 0.149544, -0.886364, 0.435239, -0.046272, 20.997981, -81.365399 
8668520578.420467, 0.136982, -0.888885, 0.433512, -0.052472, 20.885975, -81.126664 
8678531701.890989, 0.124376, -0.891227, 0.431697, -0.058632, 20.774396, -80.887717 
8688542825.361511, 0.111730, -0.893388, 0.429794, -0.064750, 20.663243, -80.648556 
8698553948.832035, 0.099047, -0.895369, 0.427806, -0.070826, 20.552511, -80.409177 
8708565072.302559, 0.086329, -0.897169, 0.425731, -0.076858, 20.442199, -80.169579 
8718576195.773081, 0.073578, -0.898786, 0.423572, -0.082845, 20.332303, -79.929759 
8728587319.243603, 0.060797, -0.900221, 0.421329, -0.088786, 20.222820, -79.689714 
8738598442.714127, 0.047989, -0.901472, 0.419003, -0.094679, 20.113747, -79.449442 
8748609566.184650, 0.035157, -0.902540, 0.416595, -0.100524, 20.005082, -79.208940 
8758620689.655170, 0.022303, -0.903424, 0.414106, -0.106319, 19.896821, -78.968207 
8768631813.125694, 0.009429, -0.904124, 0.411537, -0.112064, 19.788961, -78.727239 
8778642936.596218, -0.003461, -0.904639, 0.408888, -0.117757, 19.681500, -78.486035 
8788654060.066740, -0.016366, -0.904968, 0.406161, -0.123397, 19.574435, -78.244593 
8798665183.537262, -0.029281, -0.905112, 0.403356, -0.128983, 19.467762, -78.002909 
8808676307.007786, -0.042205, -0.905070, 0.400475, -0.134514, 19.361479, -77.760982 
8818687430.478310, -0.055135, -0.904843, 0.397519, -0.139989, 19.255583, -77.518810 
8828698553.948832, -0.068069, -0.904429, 0.394488, -0.145407, 19.150071, -77.276390 
8838709677.419353, -0.081003, -0.903829, 0.391384, -0.150767, 19.044941, -77.033721 
8848720800.889877, -0.093935, -0.903042, 0.388208, -0.156068, 18.940188, -76.790800 
8858731924.360401, -0.106862, -0.902069, 0.384960, -0.161308, 18.835812, -76.547626 
8868743047.830923, -0.119782, -0.900909, 0.381642, -0.166488, 18.731808, -76.304196 
8878754171.301445, -0.132691, -0.899563, 0.378254, -0.171606, 18.628174, -76.060509 
8888765294.771969, -0.145588, -0.898031, 0.374799, -0.176661, 18.524907, -75.816562 
8898776418.242491, -0.158468, -0.896312, 0.371276, -0.181653, 18.422005, -75.572354 
8908787541.713013, -0.171331, -0.894406, 0.367688, -0.186579, 18.319465, -75.327883 
8918798665.183537, -0.184173, -0.892315, 0.364034, -0.191441, 18.217283, -75.083148 
8928809788.654060, -0.196991, -0.890038, 0.360317, -0.196236, 18.115458, -74.838146 
8938820912.124582, -0.209782, -0.887575, 0.356538, -0.200964, 18.013986, -74.592876 
8948832035.595104, -0.222545, -0.884927, 0.352697, -0.205624, 17.912866, -74.347337 
8958843159.065628, -0.235275, -0.882093, 0.348796, -0.210215, 17.812093, -74.101526 
8968854282.536152, -0.247972, -0.879075, 0.344836, -0.214737, 17.711667, -73.855442 
8978865406.006674, -0.260631, -0.875873, 0.340818, -0.219189, 17.611583, -73.609085 
8988876529.477196, -0.273250, -0.872487, 0.336743, -0.223570, 17.511840, -73.362452 
8998887652.947720, -0.285826, -0.868917, 0.332613, -0.227879, 17.412435, -73.115542 
9008898776.418242, -0.298358, -0.865165, 0.328428, -0.232116, 17.313366, -72.868354 
9018909899.888763, -0.310841, -0.861230, 0.324190, -0.236279, 17.214629, -72.620886 
9028921023.359287, -0.323274, -0.857113, 0.319901, -0.240370, 17.116223, -72.373138 
9038932146.829811, -0.335654, -0.852816, 0.315561, -0.244385, 17.018145, -72.125108 
9048943270.300333, -0.347978, -0.848338, 0.311171, -0.248326, 16.920392, -71.876794 
9058954393.770855, -0.360243, -0.843680, 0.306733, -0.252192, 16.822963, -71.628197 
9068965517.241379, -0.372448, -0.838844, 0.302249, -0.255981, 16.725855, -71.379315 
9078976640.711903, -0.384588, -0.833829, 0.297719, -0.259693, 16.629065, -71.130147 
9088987764.182425, -0.396662, -0.828636, 0.293144, -0.263329, 16.532591, -70.880693 
9098998887.652946, -0.408668, -0.823268, 0.288526, -0.266887, 16.436431, -70.630950 
9109010011.123470, -0.420601, -0.817724, 0.283866, -0.270366, 16.340582, -70.380920 
9119021134.593992, -0.432461, -0.812005, 0.279166, -0.273767, 16.245043, -70.130600 
9129032258.064514, -0.444243, -0.806112, 0.274427, -0.277089, 16.149812, -69.879991 
9139043381.535038, -0.455947, -0.800047, 0.269649, -0.280331, 16.054885, -69.629091 
9149054505.005562, -0.467569, -0.793810, 0.264835, -0.283494, 15.960261, -69.377900 
9159065628.476084, -0.479106, -0.787403, 0.259986, -0.286576, 15.865938, -69.126418 
9169076751.946606, -0.490557, -0.780826, 0.255102, -0.289577, 15.771914, -68.874645 
9179087875.417130, -0.501918, -0.774081, 0.250186, -0.292497, 15.678186, -68.622579 
9189098998.887653, -0.513187, -0.767169, 0.245238, -0.295336, 15.584753, -68.370221 
9199110122.358175, -0.524362, -0.760092, 0.240260, -0.298093, 15.491613, -68.117570 
9209121245.828697, -0.535440, -0.752850, 0.235253, -0.300768, 15.398764, -67.864627 
9219132369.299221, -0.546419, -0.745444, 0.230219, -0.303361, 15.306203, -67.611391 
9229143492.769745, -0.557296, -0.737877, 0.225158, -0.305871, 15.213930, -67.357861 
9239154616.240265, -0.568070, -0.730150, 0.220073, -0.308299, 15.121941, -67.104039 
9249165739.710789, -0.578736, -0.722263, 0.214964, -0.310643, 15.030237, -66.849925 
9259176863.181313, -0.589295, -0.714219, 0.209833, -0.312904, 14.938813, -66.595517 
9269187986.651834, -0.599741, -0.706019, 0.204681, -0.315082, 14.847670, -66.340817 
9279199110.122356, -0.610075, -0.697664, 0.199510, -0.317177, 14.756805, -66.085825 
9289210233.592880, -0.620293, -0.689156, 0.194320, -0.319188, 14.666217, -65.830542 
9299221357.063404, -0.630392, -0.680497, 0.189113, -0.321115, 14.575904, -65.574966 
9309232480.533926, -0.640372, -0.671688, 0.183891, -0.322959, 14.485865, -65.319101 
9319243604.004448, -0.650229, -0.662731, 0.178655, -0.324718, 14.396097, -65.062944 
9329254727.474972, -0.659961, -0.653628, 0.173405, -0.326394, 14.306600, -64.806498 
9339265850.945496, -0.669566, -0.644380, 0.168145, -0.327986, 14.217372, -64.549763 
9349276974.416018, -0.679042, -0.634990, 0.162873, -0.329493, 14.128412, -64.292740 
9359288097.886539, -0.688386, -0.625458, 0.157593, -0.330917, 14.039718, -64.035430 
9369299221.357063, -0.697598, -0.615787, 0.152306, -0.332257, 13.951289, -63.777833 
9379310344.827585, -0.706673, -0.605978, 0.147012, -0.333514, 13.863124, -63.519950 
9389321468.298107, -0.715612, -0.596034, 0.141713, -0.334686, 13.775222, -63.261783 
9399332591.768631, -0.724410, -0.585957, 0.136410, -0.335775, 13.687581, -63.003333 
9409343715.239155, -0.733067, -0.575748, 0.131105, -0.336780, 13.600200, -62.744600 
9419354838.709677, -0.741580, -0.565409, 0.125799, -0.337702, 13.513079, -62.485586 
9429365962.180199, -0.749948, -0.554943, 0.120493, -0.338541, 13.426215, -62.226293 
9439377085.650723, -0.758168, -0.544352, 0.115189, -0.339297, 13.339609, -61.966722 
9449388209.121246, -0.766239, -0.533636, 0.109888, -0.339969, 13.253259, -61.706873 
9459399332.591768, -0.774159, -0.522800, 0.104591, -0.340560, 13.167164, -61.446750 
9469410456.062290, -0.781925, -0.511844, 0.099299, -0.341068, 13.081323, -61.186353 
9479421579.532814, -0.789537, -0.500772, 0.094014, -0.341493, 12.995736, -60.925684 
9489432703.003336, -0.796991, -0.489584, 0.088737, -0.341837, 12.910402, -60.664745 
9499443826.473858, -0.804287, -0.478284, 0.083470, -0.342100, 12.825320, -60.403538 
9509454949.944382, -0.811423, -0.466874, 0.078213, -0.342281, 12.740489, -60.142064 
9519466073.414906, -0.818397, -0.455355, 0.072967, -0.342381, 12.655909, -59.880326 
9529477196.885427, -0.825208, -0.443731, 0.067735, -0.342401, 12.571579, -59.618325 
9539488320.355949, -0.831853, -0.432003, 0.062517, -0.342341, 12.487499, -59.356065 
9549499443.826473, -0.838331, -0.420175, 0.057314, -0.342201, 12.403668, -59.093546 
9559510567.296997, -0.844641, -0.408247, 0.052128, -0.341981, 12.320085, -58.830771 
9569521690.767519, -0.850782, -0.396223, 0.046960, -0.341683, 12.236751, -58.567743 
9579532814.238041, -0.856750, -0.384106, 0.041812, -0.341306, 12.153664, -58.304465 
9589543937.708565, -0.862546, -0.371897, 0.036683, -0.340852, 12.070825, -58.040937 
9599555061.179087, -0.868168, -0.359599, 0.031576, -0.340320, 11.988234, -57.777164 
9609566184.649611, -0.873614, -0.347215, 0.026492, -0.339711, 11.905889, -57.513148 
9619577308.120132, -0.878883, -0.334747, 0.021432, -0.339025, 11.823792, -57.248891 
9629588431.590656, -0.883974, -0.322197, 0.016397, -0.338264, 11.741941, -56.984396 
9639599555.061178, -0.888885, -0.309569, 0.011388, -0.337427, 11.660337, -56.719667 
9649610678.531702, -0.893615, -0.296865, 0.006407, -0.336516, 11.578980, -56.454706 
9659621802.002224, -0.898163, -0.284087, 0.001454, -0.335530, 11.497870, -56.189516 
9669632925.472746, -0.902528, -0.271238, -0.003470, -0.334471, 11.417006, -55.924100 
9679644048.943270, -0.906709, -0.258321, -0.008362, -0.333339, 11.336389, -55.658462 
9689655172.413792, -0.910704, -0.245338, -0.013223, -0.332135, 11.256020, -55.392605 
9699666295.884315, -0.914512, -0.232292, -0.018051, -0.330859, 11.175897, -55.126532 
9709677419.354837, -0.918134, -0.219186, -0.022845, -0.329513, 11.096022, -54.860246 
9719688542.825361, -0.921566, -0.206022, -0.027604, -0.328096, 11.016396, -54.593752 
9729699666.295883, -0.924810, -0.192804, -0.032326, -0.326610, 10.937017, -54.327051 
9739710789.766407, -0.927863, -0.179534, -0.037012, -0.325055, 10.857887, -54.060150 
9749721913.236929, -0.930725, -0.166214, -0.041659, -0.323433, 10.779006, -53.793050 
9759733036.707453, -0.933395, -0.152848, -0.046267, -0.321743, 10.700375, -53.525755 
9769744160.177975, -0.935872, -0.139438, -0.050835, -0.319986, 10.621993, -53.258271 
9779755283.648499, -0.938156, -0.125987, -0.055362, -0.318164, 10.543863, -52.990599 
9789766407.119020, -0.940245, -0.112498, -0.059847, -0.316278, 10.465984, -52.722746 
9799777530.589542, -0.942140, -0.098974, -0.064289, -0.314327, 10.388357, -52.454714 
9809788654.060066, -0.943839, -0.085418, -0.068686, -0.312314, 10.310982, -52.186507 
9819799777.530588, -0.945343, -0.071832, -0.073039, -0.310238, 10.233861, -51.918131 
9829810901.001112, -0.946650, -0.058219, -0.077346, -0.308101, 10.156995, -51.649589 
9839822024.471634, -0.947760, -0.044582, -0.081606, -0.305903, 10.080383, -51.380886 
9849833147.942158, -0.948672, -0.030925, -0.085818, -0.303646, 10.004028, -51.112025 
9859844271.412680, -0.949387, -0.017250, -0.089982, -0.301330, 9.927929, -50.843013 
9869855394.883204, -0.949903, -0.003559, -0.094097, -0.298956, 9.852089, -50.573853 
9879866518.353725, -0.950221, 0.010144, -0.098161, -0.296526, 9.776508, -50.304549 
9889877641.824249, -0.950341, 0.023856, -0.102175, -0.294040, 9.701187, -50.035108 
9899888765.294771, -0.950261, 0.037574, -0.106137, -0.291499, 9.626127, -49.765532 
9909899888.765293, -0.949983, 0.051296, -0.110046, -0.288904, 9.551329, -49.495828 
9919911012.235817, -0.949505, 0.065018, -0.113902, -0.286257, 9.476795, -49.226001 
9929922135.706339, -0.948827, 0.078738, -0.117704, -0.283557, 9.402526, -48.956055 
9939933259.176863, -0.947951, 0.092453, -0.121451, -0.280807, 9.328523, -48.685995 
9949944382.647385, -0.946875, 0.106159, -0.125142, -0.278007, 9.254787, -48.415827 
9959955506.117908, -0.945599, 0.119854, -0.128778, -0.275158, 9.181320, -48.145556 
9969966629.588430, -0.944124, 0.133535, -0.132357, -0.272262, 9.108124, -47.875187 
9979977753.058954, -0.942451, 0.147199, -0.135878, -0.269319, 9.035199, -47.604725 
9989988876.529476, -0.940578, 0.160843, -0.139341, -0.266330, 8.962547, -47.334176 
10000000000.000000, -0.938506, 0.174463, -0.142746, -0.263297, 8.890169, -47.063546 
