# RCS in m**2 for a L=5 cm PVC cube at 0.0 degree aspect angle
# frequency = 88.25 GHz, 
# theta = linspace(0, 6.2832, 1441)
# phi = linspace(0, 0, 1  1)
10.79771311428037
10.60645433807054
10.04868295716305
9.170682204252371
8.043902399034714
6.757243687256591
5.407560868493666
4.089731366366601
2.887286659723041
1.864875970319959
1.063285857253461
0.4975136955828009
0.1579536468050947
0.01433559594645027
0.02173142644704773
0.1277191284987779
0.2796803553478607
0.4312841542045646
0.5473678626559398
0.6067172930530176
0.6025940814786463
0.5411475433694065
0.4381982200768075
0.3150188830880685
0.1938679786940265
0.09397927403741928
0.02857788822034435
0.003282492213439949
0.0159973293553178
0.05814665171727177
0.1169028893786138
0.1779242410482606
0.2280791894674565
0.2576836739490347
0.2619055589155083
0.2411630387061707
0.2005373232563042
0.148393211248378
0.09452737528204873
0.04821666693122986
0.01653898558910939
0.00324602375807059
0.00835224323141018
0.02845747954859256
0.05768164969280353
0.08898458873202812
0.1155933041347142
0.1322549248437077
0.1360945674106119
0.1269434823648952
0.1071236905436648
0.08077227104824759
0.05287755401659337
0.02823875478431638
0.01055809553649129
0.001833517377457312
0.002142361164351844
0.009825895974386887
0.02199812182950827
0.03524787555962535
0.04637377286013811
0.05300071594583332
0.05396188029048554
0.04939305216193995
0.0405508843734788
0.02941754148698105
0.01820067244728481
0.008846577386145841
0.002663860898416221
0.0001298685677237869
0.0009003026097342018
0.00399396710697964
0.008094129710581191
0.01188484262780463
0.01434221784670279
0.01492314270967542
0.0136184982502863
0.01087900297076022
0.007445232474079312
0.004135847473680977
0.00164686380472734
0.000410011995564704
0.0005338221136110329
0.001829754009246432
0.0039034183871596
0.006278517036466567
0.008516510966217635
0.01030304326769446
0.01148409588163558
0.01205308759576668
0.01210250470251361
0.011762114291057
0.01114660432954931
0.01032828809943273
0.009340856107706463
0.00820623670248352
0.006971299245587672
0.005736073237919333
0.004658655375703333
0.003931512234610424
0.003733554384322797
0.004172143108665418
0.005233194678996755
0.006758607377117257
0.008461244647341574
0.009978248618838982
0.01095071582440087
0.01111165871936655
0.01035587789160496
0.008774291185491969
0.006640475817207828
0.0043504523207015
0.002330880418401108
0.0009381423040499886
0.0003743380148667789
0.0006419542450973483
0.001549224067030703
0.002763959829279722
0.003902237090703783
0.004627688875258411
0.004736273562724796
0.004204081368571898
0.003187544231333293
0.00197639360125836
0.0009133792932690818
0.0003033577597874422
0.0003343052537882758
0.001031513320115239
0.002254767133988193
0.003737524902117002
0.005155837154780393
0.006207809716563865
0.006683175192385952
0.006505643289609754
0.005739521935861653
0.004562788074367726
0.003215574474934231
0.001939520497022026
0.0009257489857131222
0.0002811697934478358
2.107727973207215e-05
8.463852078972145e-05
0.0003659624381563013
0.0007491630241760008
0.001137154614256343
0.001467279675632304
0.001711981819969251
0.001868292352157947
0.001942712093043375
0.001938674863366844
0.001851717536324775
0.001674124087929652
0.00140569349572275
0.001065549540257824
0.000698731173916164
0.0003733788796742303
0.0001670423449134006
0.0001462681193279077
0.0003449759241692107
0.0007493407943784055
0.001294751102128416
0.001877505763850825
0.002378931416661946
0.00269530244291401
0.002766087472444361
0.002590878504929745
0.002230815520385127
0.001792761310538526
0.001401223932711597
0.001164621389406077
0.00114637998512514
0.001348142480594419
0.001710001052490572
0.002127470088869098
0.002480065492485412
0.002663241491403776
0.002615529120457609
0.00233277280963903
0.00186676561441376
0.001309646325199347
0.000768535662092615
0.0003380766444645716
7.88783011705128e-05
6.315234038253863e-06
9.230677575109133e-05
0.0002779738961535148
0.0004926462559212102
0.0006730735215864915
0.0007778460879577138
0.0007931803369378301
0.0007304623769572696
0.0006170098768038266
0.0004844583536315971
0.0003587278995879705
0.0002544963339907655
0.0001752823323615831
0.0001180908205841282
7.976062824123027e-05
6.227690711334144e-05
7.45059929722998e-05
0.0001295219557392396
0.0002387254104794316
0.0004048422509916331
0.000616942689439987
0.0008495809773579257
0.001067151980059649
0.00123245388845899
0.001316989679782137
0.001310036024149672
0.00122306948983523
0.001088198600756971
0.0009506838956409862
0.0008570815997716745
0.0008425929906434341
0.0009214376858980686
0.001082263446227102
0.001290785809102747
0.001498381952578162
0.0016544852360763
0.001719492276070011
0.00167436124946822
0.00152483543966725
0.001299241454478853
0.001040463234607606
0.0007952639919582744
0.0006027201674248476
0.0004859803460552611
0.0004485223140015475
0.000475646661831191
0.0005403628182484475
0.0006115135457263063
0.0006619858439735791
0.0006744628615181554
0.0006440058834373885
0.0005768237388601112
0.0004864199642070425
0.0003883932980638551
0.0002959601349060942
0.0002170839930182886
0.0001539819800435009
0.0001046533041038531
6.562309480348283e-05
3.461203995472133e-05
1.217691843727932e-05
1.712532145927151e-06
7.921313458392485e-06
3.435631900317732e-05
8.099722049248797e-05
0.0001428751842093947
0.0002102078000427771
0.0002703124877196822
0.0003106348648971427
0.0003221236861393308
0.0003018794645675324
0.000254331827018851
0.0001903685004025853
0.0001248761658301309
7.308401496708753e-05
4.689345789456043e-05
5.200354178779713e-05
8.673920760796935e-05
0.0001427567421848707
0.0002073685230496502
0.0002669638888088929
0.0003103639747515179
0.0003314942117582054
0.0003305010236082776
0.00031325122422775
0.0002893666726550497
0.000269452415989045
0.000262169840726718
0.0002721110044221831
0.0002988148220489087
0.000337209510097025
0.0003791689027167651
0.0004158611608296405
0.000440035851438111
0.0004478837197767061
0.0004397410262747995
0.0004198331758582825
0.0003950086967082051
0.0003727688326914059
0.0003594050218538288
0.0003584359825959566
0.0003698466258217929
0.0003902362989765873
0.0004137456556690284
0.0004335539184137742
0.000443458225890588
0.0004393036804722955
0.0004197790749497942
0.0003866168496762696
0.0003440550071776976
0.0002978992183429387
0.0002542869238518274
0.0002185187945671937
0.0001941879904265485
0.000182682504496324
0.0001831818164322828
0.0001930605787273695
0.000208501151735953
0.0002252984058180615
0.0002395219916793049
0.0002481429118257611
0.0002492878571676331
0.0002424421372102901
0.0002283048848347665
0.0002086100383974676
0.0001857631966615437
0.0001625471506914373
0.0001416940397068466
0.0001255926211666951
0.0001160324550324636
0.0001139575103107964
0.0001193882469792372
0.0001314091439852614
0.0001482908961671552
0.0001677357314789649
0.0001871921648713256
0.0002042230521018011
0.0002169181554385765
0.0002241165895129144
0.000225624917258099
0.0002221834820633727
0.0002153336182869162
0.0002070602814703728
0.0001994916227090894
0.0001944308383471546
0.0001930901709032837
0.0001958840227094988
0.0002024107414326461
0.0002115921775386778
0.0002219520071766237
0.0002319296527967987
0.0002402305072883731
0.0002460513307607147
0.0002492079172120001
0.0002501135058006783
0.0002496132357156002
0.0002487461884651899
0.0002484549909169069
0.0002493569206898424
0.0002515996889727736
0.0002548328549356228
0.000258290829263529
0.0002610165608817967
0.0002620993302483887
0.000260921521272357
0.0002573387404066516
0.0002517332655688595
0.0002449814101370517
0.0002382917974639885
0.0002329477964234397
0.0002300497834445841
0.0002302900663467014
0.000233750747033392
0.0002399092029037291
0.0002476666537334292
0.0002555611002222423
0.0002619765813999281
0.0002654859281955984
0.0002650575509783909
0.0002602687808287985
0.0002513824976114281
0.0002393387835452276
0.0002256046654278662
0.0002119839432134022
0.0002003201249263092
0.0001922263565833739
0.000188848729705833
0.0001906627480774949
0.0001973731616510795
0.0002079341950928521
0.0002206457761522062
0.0002333753853142237
0.0002438303181769405
0.0002499089250191972
0.0002500362029173852
0.0002434194112114891
0.0002303069017522098
0.0002119886686723963
0.000190745959410757
0.0001695536851593406
0.0001516594306720898
0.0001400590784403172
0.0001369745840569044
0.000143349093785797
0.0001585803258322391
0.0001804491095384042
0.0002053651512098367
0.0002288894385850838
0.0002464701397244154
0.0002542784650085842
0.0002499766059630982
0.0002333113497574153
0.0002063053084047057
0.0001730676092520972
0.0001391601245370692
0.00011061267527934
9.281091834617276e-05
8.938703948395321e-05
0.0001014328458122918
0.0001271327114923619
0.0001619745785504797
0.0001995321830331133
0.0002326537352797576
0.0002548421726752061
0.0002615612332401649
0.0002511976796039071
0.0002254245410952252
0.0001889089934892282
0.0001483818190280469
0.0001112826913038347
8.425558985228568e-05
7.181082592920942e-05
7.544729699654453e-05
9.346292081121229e-05
0.0001214241812925675
0.0001532369551679074
0.0001825201706983291
0.0002039825292893932
0.0002144663838659386
0.0002134091413766722
0.0002026511489496967
0.0001857004928237641
0.0001666112473085871
0.0001488534607643912
0.000134513059384373
0.000123930613385167
0.0001160393294261871
0.0001091561375643869
0.0001019624068988912
9.442624069294602e-05
8.825115810367434e-05
8.666863900941352e-05
9.354646655066139e-05
0.000112060039534143
0.000143221882631938
0.0001848260669787134
0.00023115606500347
0.0002736823785273918
0.0003027690095861882
0.0003100052216544617
0.0002906293741777455
0.0002454059696007104
0.0001812535841255523
0.0001105378137077965
4.872930566046977e-05
1.110482577795714e-05
9.107688766787405e-06
4.729761310552195e-05
0.0001216849284000753
0.000220015367344671
0.0003239892351680303
0.0004131336908796986
0.000469270863194452
0.0004806940758467024
0.0004449028387057685
0.0003692564337367216
0.0002692571175739795
0.0001650164533031247
7.653212894148824e-05
1.920434076119259e-05
5.351830941917359e-07
1.889298237305627e-05
6.458442724743176e-05
0.0001228788270304096
0.0001781104624598419
0.000217731462175018
0.0002351606465009522
0.0002307928676395279
0.0002108488451969716
0.0001846934123756293
0.0001613488087273293
0.0001464710935837431
0.0001406764082870042
0.0001397238027759543
0.0001365978578722687
0.0001246158074225614
0.0001006456426364667
6.721116092720546e-05
3.271039512631702e-05
9.483496560998975e-06
1.020235512427287e-05
4.362783468194222e-05
0.0001110597707389246
0.0002046745233438836
0.0003084719322369771
0.0004017315971898208
0.0004641485297320348
0.0004812839966079413
0.0004486228399606502
0.0003731307663262306
0.0002716601625874972
0.0001665712773653907
7.979979488287641e-05
2.704642970926097e-05
1.380844575696109e-05
3.442073090599847e-05
7.442226923574322e-05
0.0001155360143244978
0.0001417368273636636
0.0001445038314379926
0.0001256168203424008
9.655278505082587e-05
7.461913882650964e-05
7.699717324343432e-05
0.00011454300720245
0.0001873776786041152
0.0002837200267393992
0.0003825302455107343
0.0004592444078849012
0.0004929238853546906
0.0004726695580410565
0.0004012518797266783
0.0002948016180883156
0.000178472556246811
7.940324893521164e-05
1.905204406235559e-05
7.225005810116373e-06
3.968687854492144e-05
0.0001000634602841775
0.0001654588749737281
0.000213965878859376
0.0002317206556756667
0.0002172014413373598
0.0001813764650728583
0.0001436206480462367
0.0001247554875118187
0.0001394413944031802
0.000190516410733935
0.0002672051399553135
0.000347937839021209
0.0004070450819724145
0.0004231692722254091
0.0003867409710381517
0.0003040170161219359
0.0001961324546516604
9.332384322922458e-05
2.597492451635564e-05
1.519987171879925e-05
6.598587609140838e-05
0.000165150346461588
0.0002849140755937892
0.0003911523427002887
0.0004538427916299504
0.000456462480297753
0.0004013621948939801
0.000309373656204744
0.0002135571618654068
0.0001489954535266343
0.0001417433260060891
0.000200356399353877
0.00031268128057301
0.00044905567476892
0.0005709511566479759
0.0006424541616277204
0.000641137446646932
0.0005648378675670549
0.0004323226393976832
0.0002775100562702756
0.0001392219743911231
4.946374943083014e-05
2.403799618394915e-05
5.83564921128094e-05
0.0001297909990851492
0.0002057290070427986
0.0002548164599856622
0.0002576977980750152
0.0002137532431395088
0.0001416900815526052
7.357982252406217e-05
4.42690428287781e-05
7.942170697619457e-05
0.0001860570513115712
0.0003487298134982275
0.000532655881107197
0.0006931516049305054
0.0007884952683210966
0.0007923677184864421
0.0007019704787137706
0.0005393767667835522
0.0003453887776420865
0.0001678579537343651
4.77986035188012e-05
7.648011133512285e-06
4.514244191308997e-05
0.0001348348989631064
0.000236742322144441
0.0003095748429721245
0.0003244176069691518
0.000274665405209616
0.0001789897591529375
7.628173128818736e-05
1.38997028999045e-05
3.268268727834708e-05
0.0001532031739485176
0.000367545694386166
0.0006392868221859639
0.0009119831245633206
0.001124015464840285
0.001225601849543733
0.001193201966217209
0.001037045150054021
0.0007995504504775352
0.0005447186141073645
0.0003415151738088673
0.0002455813010664357
0.0002844222700212209
0.0004500664734748504
0.0007012687432748202
0.0009745434221791192
0.00120102869572791
0.001324430048950239
0.001315197374991847
0.001177179174161393
0.0009449902056231836
0.0006732553992469756
0.0004208345240687215
0.0002346486217672299
0.0001378071463540943
0.0001251714925300999
0.0001675770690280467
0.0002232225313726701
0.0002526861026418032
0.0002330568935294707
0.0001667362259391701
8.217433785209929e-05
2.601570744878296e-05
4.873258896803373e-05
0.0001877908557627906
0.00045329084016718
0.0008205660596044056
0.001232296220392826
0.001610584832848003
0.001876015736214155
0.001969124173850621
0.001868679475976533
0.001601581841339413
0.001241021401579239
0.0008926935510160117
0.00067162805710192
0.0006747634740994049
0.0009557634651705978
0.001508401482707051
0.002262870151095605
0.003096608813882621
0.003857948805478757
0.004397535886180433
0.004600971159332851
0.004415183511292805
0.003862696870967794
0.003040145620900747
0.002101391413767805
0.001227744033755198
0.0005924444322104113
0.0003260690999064468
0.0004902983971522523
0.001065423697207798
0.001953988644858564
0.002999697521061988
0.004017582284817443
0.004828752803197249
0.005293705019064685
0.005336336155496339
0.004955497446796529
0.004221839299656404
0.003261464657541187
0.002230551915864711
0.001286106991569285
0.000559104021996405
0.0001347334099126955
4.302495142072577e-05
0.0002603277035024563
0.0007204205416055245
0.001331466260202023
0.001994764329981566
0.002621128119888618
0.003141884880002672
0.003513306129884008
0.003714829054549877
0.003743333282419139
0.003606326682792021
0.003316982450690314
0.002893006234395379
0.002359952503101225
0.001757709698842232
0.001147549144636642
0.000616183912057728
0.0002735586724810901
0.0002420361359113131
0.0006367970674462949
0.00153958897495411
0.002970362935075133
0.004863163845951646
0.007053005680809328
0.009280050986358052
0.0112147827931053
0.01250493374481627
0.01284025068211775
0.01202767159655346
0.01006599437092125
0.007206524274222432
0.003987813281922907
0.001233448050196399
6.851476681134692e-06
0.001522609270765014
0.007020319785664666
0.01761333906427543
0.03412963521879515
0.05696640411210667
0.08597134083401578
0.1203868051929079
0.158846446221364
0.1994460951205706
0.2398784160360811
0.2776234251259902
0.3101713892525599
0.3352581449564476
0.3510853677969367
0.3564935529536841
0.3510849120891261
0.3352584380585544
0.3101717816877563
0.2776238691317501
0.2398790843586985
0.1994467408735211
0.1588471137623827
0.1203873286202123
0.08597001634472026
0.05696541714702209
0.03412990913799459
0.01761354285994544
0.007020438190972907
0.001522657971412208
6.85036118810478e-06
0.001233413740505309
0.003987773079428957
0.007206479094046168
0.01006609381722001
0.01202772598384718
0.01284024152728631
0.01250493966524923
0.0112148113739483
0.009280076905852499
0.007053047062709487
0.00486317640336128
0.002970384105286639
0.001539539103852234
0.0006367777889547504
0.0002420302349746269
0.0002735561494356553
0.0006161782213436666
0.001147539417505336
0.001757701564960715
0.002359942878703114
0.00289300136241119
0.003316973444335145
0.003606336189243646
0.003743331138789328
0.003714829802277393
0.003513312048658215
0.003141894624493464
0.002621128134307353
0.001994776423588705
0.001331475531446914
0.0007204312861733011
0.0002603141588895601
4.302142573169682e-05
0.0001347444308411629
0.0005590951418035835
0.001286084881149403
0.002230518766954466
0.003261448010438702
0.004221830359121852
0.00495549595040801
0.005336340365129792
0.005293696666745412
0.004828730393318602
0.004017536176686026
0.002999717747490627
0.001954004302366338
0.001065437236988227
0.0004903065552425753
0.0003260688228814578
0.0005924415590039628
0.001227733629084589
0.002101434210793949
0.003040183424169197
0.003862686485780144
0.004415172600273866
0.004600970886347644
0.004397544622804363
0.003857962755721467
0.003096619548875589
0.002262879178265642
0.001508374719828657
0.0009557454621625268
0.0006747538830561672
0.0006716274052586715
0.0008926867763463657
0.001241009986677821
0.001601576792142798
0.001868681923569075
0.001969117365517479
0.001876018889259847
0.001610578178413637
0.001232277603641833
0.0008205465300013173
0.0004532996657091077
0.0001877929325378786
4.873393374332425e-05
2.601596675613338e-05
8.217371085427979e-05
0.0001667347972993312
0.0002330553863258083
0.000252687506766496
0.0002232213183341916
0.0001675773203604625
0.0001251723681672598
0.0001378065388361957
0.0002346454598221031
0.0004208291979934969
0.000673253098685384
0.0009449847578317821
0.00117717901086123
0.00131520014208841
0.001324429478492497
0.001201030060758504
0.0009745504154974928
0.000701270934596996
0.0004500713872007199
0.0002844231458037176
0.0002455809104418129
0.0003415130474668496
0.0005447268409688482
0.0007995649766009388
0.001037053655202508
0.001193202795476147
0.001225602475798798
0.00112401797821461
0.0009119883352160797
0.0006392882384544016
0.0003675503834657471
0.0001532056075114855
3.268039946559181e-05
1.390029209893298e-05
7.627986754136106e-05
0.0001789877443696762
0.0002746637343010581
0.0003244197774167889
0.0003095764638945786
0.000236744516421336
0.0001348350639449825
4.513981269998954e-05
7.647791662680955e-06
4.780094433980124e-05
0.00016785685013797
0.0003453880754172496
0.0005393737788968344
0.0007019704212320876
0.0007923657049468193
0.0007884947166973132
0.0006931532459717782
0.0005326418624237075
0.0003487235285329923
0.0001860603651303071
7.942343981125583e-05
4.426918829280968e-05
7.357909624294708e-05
0.0001416875880620568
0.0002137533972288197
0.0002576974471304566
0.00025481804218812
0.000205725499967491
0.0001297896412637727
5.83573256445545e-05
2.403756491408372e-05
4.946364732283575e-05
0.0001392200967648818
0.0002775060962794433
0.0004323195955176031
0.0005648395993398019
0.0006411379523814291
0.000642450460257852
0.0005709500948471988
0.0004490568962384344
0.0003126840218741152
0.0002003564720947977
0.0001417456864844204
0.0001489946036561022
0.0002135570847451382
0.0003093731008726642
0.0004013650405152441
0.0004564621671476601
0.0004538408091024461
0.0003911526478415527
0.0002849133748963175
0.0001651520770425294
6.598630463624693e-05
1.52003656510643e-05
2.597444613292644e-05
9.33217843559089e-05
0.0001961365380414612
0.0003040209228449555
0.0003867410575421808
0.0004231672289983102
0.0004070420170035419
0.000347937803351505
0.0002672053555335428
0.0001905163248795981
0.0001394440605854579
0.0001247547738875779
0.0001436226567517106
0.000181376228091957
0.0002172008069983465
0.0002317221681594336
0.0002139647099430714
0.0001654576138281226
0.0001000636687892596
3.968428171409977e-05
7.224989617855936e-06
1.90529144991557e-05
7.940117230605647e-05
0.0001784718905048864
0.000294793557818446
0.000401250472262516
0.0004726678348727125
0.0004929248269863496
0.0004592428958839515
0.0003825322732023509
0.0002837154694530303
0.0001873764975108998
0.000114542261522334
7.699806954142424e-05
7.461915568875895e-05
9.65544989098357e-05
0.0001256171709059435
0.0001445052203238053
0.0001417388874312524
0.0001155356783398709
7.442214268992913e-05
3.441771693056749e-05
1.380930476188413e-05
2.704562432910141e-05
7.979189375088355e-05
0.00016656965893026
0.0002716656573865347
0.0003731299936776802
0.0004486254582518036
0.0004812861187951833
0.00046415341713305
0.0004017354628370224
0.0003084746282873246
0.0002046812372435549
0.0001110611633466049
4.362509155218754e-05
1.020234412423237e-05
9.484768268813155e-06
3.270964720010694e-05
6.721175567550762e-05
0.0001006447620285607
0.0001246177006894681
0.000136597523584677
0.0001397239954987529
0.0001406737478942757
0.000146477802162313
0.0001613477779023777
0.0001846921139868733
0.0002108473052123321
0.0002307932979322339
0.0002351601971684045
0.0002177318497986776
0.0001781116734712244
0.0001228829381818426
6.458543207611198e-05
1.889207774546279e-05
5.352572878102377e-07
1.920612298350306e-05
7.653080735110288e-05
0.0001650229056766066
0.0002692563488542677
0.0003692524223028732
0.0004448990034679795
0.00048068872100122
0.0004692712421353688
0.0004131307817326419
0.0003239861215936029
0.000220018140764039
0.0001216866213792506
4.729998110631095e-05
9.108048079770107e-06
1.110427743241272e-05
4.872977989992161e-05
0.0001105412097374443
0.0001812503685958843
0.0002454094205502801
0.0002906331341303089
0.0003100045397213253
0.0003027608117585087
0.0002736861533202892
0.0002311609267704922
0.0001848269717691919
0.0001432202319314023
0.0001120586077094039
9.354688748320851e-05
8.666926314647978e-05
8.825227355658557e-05
9.442551841015415e-05
0.0001019624997908416
0.000109154628935114
0.0001160397445078529
0.0001239218859333036
0.0001345137592602554
0.0001488544959026185
0.0001666077983979602
0.0001857000987133803
0.0002026588030906466
0.000213407582449996
0.000214467087409416
0.0002039818165983356
0.0001825231299548482
0.0001532393939059348
0.0001214218530226017
9.346372734890185e-05
7.544721325704089e-05
7.181201757601158e-05
8.425764741009311e-05
0.000111285028772977
0.0001483827046843275
0.000188909402192834
0.0002254248450873362
0.0002511966474769869
0.000261561054427347
0.0002548400504856747
0.0002326581068826662
0.0001995339439304279
0.0001619762948507941
0.0001271326626749772
0.0001014345183001347
8.938891129695515e-05
9.280727837408558e-05
0.000110613159850841
0.0001391623308630295
0.0001730675185479808
0.0002063083265177763
0.0002333122109858777
0.0002499748210481787
0.0002542764726140432
0.0002464711686819715
0.0002288914328935858
0.0002053645795411041
0.0001804453377449868
0.0001585815468626647
0.0001433510402729799
0.0001369767664502791
0.0001400641379600853
0.0001516597295853652
0.0001695533805404694
0.0001907441791877154
0.0002119883277366734
0.0002303046942586472
0.0002434199741139104
0.0002500326516296199
0.0002499130994328225
0.0002438313405788442
0.0002333749330717588
0.0002206444523507192
0.0002079349736618924
0.0001973738675675677
0.0001906618485934552
0.0001888490338850272
0.0001922258194623737
0.0002003160782552481
0.0002119891314998973
0.000225607380004397
0.0002393359242643244
0.0002513826308741914
0.0002602673052269816
0.0002650614238111962
0.000265488735654971
0.0002619799622540148
0.0002555588056731919
0.0002476693652155577
0.0002399076444671996
0.0002337490917291613
0.0002302835563505937
0.0002300510040139694
0.0002329461299738969
0.0002382920051892673
0.0002449832356162556
0.000251736450961199
0.0002573384996888283
0.0002609221999782143
0.0002621007251047108
0.000261013454277591
0.0002582880647040669
0.0002548341210085295
0.0002515960718207027
0.0002493559933093166
0.0002484557887276223
0.000248743564070127
0.0002496116428114558
0.0002501158383435254
0.00024920763773883
0.0002460517901776406
0.0002402318744635385
0.0002319305292917338
0.0002219477320554612
0.0002115931005172768
0.0002024109929853031
0.000195884949083989
0.0001930901488868574
0.0001944300916581343
0.0001994890111489111
0.0002070641707113181
0.0002153366567744522
0.0002221843626989191
0.0002256236716554992
0.0002241193032601345
0.0002169160802459295
0.0002042235611791294
0.0001871912734016252
0.0001677376852912094
0.0001482934884648823
0.0001314093653424288
0.0001193895301246799
0.0001139577700271615
0.0001160340603337279
0.0001255942281800816
0.0001416914861543469
0.0001625491830019804
0.0001857755814122607
0.0002086036960211255
0.0002283062177173825
0.0002424386340990728
0.0002492924209108686
0.000248145922403003
0.0002395346116935284
0.0002253044425424814
0.000208504626570748
0.0001930581690561138
0.0001831807791503154
0.0001826823042745493
0.0001941895011079417
0.0002185211652796766
0.0002542892431093552
0.0002978955208129081
0.0003440565986489068
0.0003866193525661231
0.0004197804732236328
0.000439299859251353
0.0004434504704849715
0.000433548815447056
0.0004137387975891068
0.0003902381081366202
0.0003698446370014561
0.0003584403973581805
0.0003594060281305978
0.0003727723120902007
0.0003950157074860045
0.00041985306219548
0.0004397461141073398
0.0004478874371320228
0.0004400400815008917
0.0004158595751231903
0.0003791736670110863
0.0003372065103617924
0.0002988088352239191
0.0002721013587475612
0.000262167458280438
0.00026945654564147
0.0002893722098537676
0.0003132523093537185
0.0003305035527829014
0.0003314898922193043
0.0003103560510385621
0.000266958239415623
0.0002073747913463258
0.0001427517325933138
8.673943767450211e-05
5.200292442511855e-05
4.689198745440121e-05
7.308492395844905e-05
0.0001248710684109865
0.0001903704701323656
0.0002543237448410135
0.0003018824679466264
0.0003221171543140945
0.0003106352173952913
0.0002703121146709905
0.0002102141333880316
0.0001428747249411364
8.099885033185622e-05
3.43504161893209e-05
7.923158384934e-06
1.712229574975332e-06
1.217795576806121e-05
3.461147632847411e-05
6.562320404599399e-05
0.0001046557644838303
0.0001539837368252751
0.00021708830020715
0.0002959530276121231
0.0003883759092852085
0.0004864199878907731
0.0005768341972374008
0.0006440101825667757
0.0006744581277113366
0.0006619838198072358
0.0006115171228078753
0.0005403660869368681
0.0004756485036623252
0.0004485112097839748
0.0004859752804090412
0.0006027203405598725
0.0007952644709310254
0.001040484144062303
0.001299202314268907
0.00152484773928031
0.001674319583731369
0.001719502799897894
0.001654475426213057
0.001498358338253347
0.001290802407519471
0.001082263890853699
0.0009214309920087784
0.0008425975741918251
0.0008570736249863727
0.0009506945243915987
0.001088204048169082
0.001223055500240684
0.00131003606695791
0.001316978784098646
0.001232453806545994
0.001067133316606447
0.0008495811524283338
0.0006169302642157243
0.0004048476786688431
0.0002387215200530105
0.0001295223597631511
7.450709131318764e-05
6.228372775274367e-05
7.976188994831133e-05
0.0001180899666372389
0.0001752822874553165
0.0002544935363890042
0.0003587257423716776
0.0004844653844220412
0.0006170072662072007
0.0007304575701731818
0.0007931807472260148
0.0007778395400437842
0.0006730893255731913
0.0004926462194516829
0.0002779608768532476
9.230976514533751e-05
6.315461150402693e-06
7.887895429455759e-05
0.0003380918349429337
0.0007685167681511401
0.001309673082973268
0.001866737402232601
0.002332773256311208
0.002615540065046835
0.002663241382335932
0.002480042200269115
0.002127484280352776
0.001709986651432572
0.001348156245110174
0.001146383067546942
0.001164617674777757
0.001401215352288777
0.001792728880066583
0.002230815658098031
0.002590910629828688
0.002766092784353309
0.002695263594987999
0.002378943831271786
0.001877498086379858
0.001294773359161978
0.0007493326090415223
0.0003449968532399857
0.0001462680748061362
0.0001670487273466898
0.0003733746310244055
0.0006987584731014843
0.001065540261973709
0.001405689648229795
0.001674110906483235
0.001851723748857893
0.0019386744048677
0.001942712112924305
0.001868301983845476
0.001711981757982789
0.001467267782390956
0.001137161011858514
0.0007491433462551749
0.0003659735865748352
8.463301638227139e-05
2.107332677773262e-05
0.0002812053712849184
0.0009257114785179997
0.001939520419475627
0.003215607072649366
0.004562768997644776
0.005739542017878616
0.006505596106418763
0.006683219560434648
0.00620785953560775
0.005155810639647103
0.003737607299349028
0.002254767032681875
0.001031456593479928
0.0003343150662097904
0.0003033729677886792
0.0009133605143286382
0.001976380356855153
0.003187545576585392
0.004204107158003896
0.004736220434121509
0.00462768977381731
0.003902197664478409
0.002763959472458787
0.00154917431690029
0.0006419671020576595
0.0003743398654894385
0.0009381619899912926
0.002330939741592753
0.004350337414268003
0.006640452746347467
0.008774170199360479
0.01035587342375981
0.0111116947606061
0.01095075701037227
0.009978103583169279
0.008461321134445513
0.006758580966103398
0.005233203428881848
0.004172172409110266
0.003733567507193069
0.003931511997124864
0.004658702109549276
0.005736012120983904
0.00697136885039066
0.008206192994962454
0.009340866347076647
0.01032830324121319
0.01114660069029109
0.01176209257855098
0.01210249362230002
0.01205304747769428
0.01148413653576291
0.01030301589171037
0.008516536999083873
0.006278398485980632
0.0039034605256285
0.001829696518775114
0.0005338595301056631
0.0004100066808126004
0.001646756531097353
0.004135847106806478
0.007445384156868134
0.010878825809204
0.01361856784777988
0.01492310132752668
0.01434217606912198
0.01188486483332643
0.008094080358826883
0.003994131871059361
0.0009003033336214611
0.0001299066877836974
0.002663748494251151
0.008846872944027129
0.0182003335817791
0.02941757893069477
0.04055069970919253
0.04939335417148129
0.05396175598827205
0.05300071609795186
0.04637329937684972
0.03524796904907525
0.0219975520801809
0.009826112462679381
0.002142244144835271
0.001833343238401629
0.01055831840549509
0.02823798476138056
0.05287758487049922
0.08077075595933005
0.1071235303730359
0.1269443006554066
0.1360941887139824
0.1322546721253403
0.1155938706177803
0.08898395549369245
0.05768282810284486
0.02845714926825773
0.008352918605814694
0.003246025677894522
0.01653994503110487
0.04821632360056991
0.09452911847080922
0.1483919454433425
0.2005385547523198
0.2411621187721458
0.2619056500280472
0.257684274917712
0.2280788700801882
0.1779212438344069
0.1169034015727786
0.05814456224730444
0.01599783851942578
0.003282625857722666
0.02857663109134094
0.0939808962377125
0.193862869765792
0.3150193745589998
0.4381921561952801
0.5411471383163899
0.6025953501519891
0.6067178527521021
0.5473644385473004
0.4312880192971633
0.2796771719984893
0.1277241514583665
0.02173077918870818
0.01433261560818333
0.1579533893687611
0.4975348390674687
1.063276543308041
1.864909734224572
2.887260250547664
4.089763625844101
5.407513353674199
6.757262203801105
8.043846001975606
9.170684659115762
10.04872016632293
10.60644993802154
10.79771310736323
