# RCS in m**2 for a L=5 cm PVC cube at 0.0 degree aspect angle
# frequency = 88.5 GHz, 
# theta = linspace(0, 6.2832, 1441)
# phi = linspace(0, 0, 1  1)
9.968349231258742
9.789064571231782
9.266431157918653
8.444441673151616
7.390946038733411
6.190216057333056
4.933832314147289
3.711169172221089
2.600474826711245
1.661732991988145
0.9320372252201193
0.4239078825906115
0.126614593259036
0.0101088444573107
0.03090578618664234
0.1390035742383197
0.2848541605400418
0.4254716848635341
0.5289332260741333
0.5768207499101423
0.5644813082736591
0.4992858003663763
0.3973707637090756
0.2795009404837001
0.1667815987094318
0.07690082161497144
0.02142766403955899
0.004487020178692768
0.0228757157074982
0.06744165351278386
0.1253617557130635
0.1828327945881308
0.227665000758612
0.2513318958347723
0.2501643979182614
0.225552163842324
0.1832034987692378
0.1316829766730063
0.08055390390940111
0.03849711621632175
0.01176111157677123
0.003196514786477971
0.01201047539805298
0.03422809325779017
0.06371597338232193
0.09352871904780682
0.1172976017215225
0.1303922994196676
0.130652231589879
0.1185800114448101
0.09700598968539613
0.07033008225794687
0.04352568361192533
0.02111946295618122
0.006350243306273307
0.0006597109939388582
0.003584773523605261
0.01304087539475293
0.02590176613120685
0.0387338815891052
0.04852021132944338
0.05322770317262192
0.05211614489878345
0.04574601406495872
0.03571906739277213
0.02422479604391666
0.01351248488535862
0.00540880297141462
0.0009760202601479642
0.0003731421286341835
0.00292898606991329
0.007387219372385961
0.01225309003397654
0.01615368733612726
0.01812940990866968
0.01780060514442511
0.01538309730197768
0.01156856402678723
0.007310042904849164
0.003574769524945419
0.001122150477626591
0.000357293305868185
0.001283424582744165
0.003551616088176224
0.006583494794965174
0.009728097545138399
0.01241081950443166
0.0142409350407038
0.01505754593608146
0.014914639656926
0.01401988119776977
0.01265139465625831
0.01107911027041563
0.009511334096542047
0.008075558671148259
0.006830824923105091
0.005799516194188315
0.00500116940806489
0.004473332794680094
0.004270723407492567
0.004442916600824819
0.005000607443054898
0.00588399616090924
0.006948485580437249
0.007977117682273627
0.008720155412319268
0.008953239060862017
0.008538891885862515
0.007472582110542724
0.005897225805705401
0.004081243042173162
0.002360205949477192
0.001058133882127597
0.0004075459507165632
0.0004896106601098412
0.001211934316452905
0.002330324014806281
0.003510492055614846
0.004413206537946601
0.004782275014885842
0.00451029400701418
0.003666303441867351
0.002477740332248236
0.001270735086387162
0.000385597094911941
8.89744374147984e-05
0.0005055963423922708
0.001586741033401445
0.003122667856019898
0.004794800333372169
0.00625306681176144
0.007198190381139056
0.007448353921765277
0.006974417255920198
0.005896649411580117
0.004447586818848197
0.002911199311112389
0.001556207130376445
0.0005803461514918059
7.743777039974961e-05
3.300727405735186e-05
0.0003454356404294539
0.0008639362291577302
0.00143094218398894
0.001917535247228864
0.002244056216762126
0.002383582082850748
0.002351271674175786
0.00218612369005464
0.001932696723206349
0.001628972734083639
0.001302884069012559
0.0009762619016530088
0.0006721043588639132
0.000420119808688241
0.0002568000842209002
0.00021808203095349
0.0003274759192725476
0.000583547289114949
0.0009524121089764406
0.001369204530220732
0.001750100191478818
0.002012430392721577
0.002097457367226106
0.001988997522048497
0.001721737952437038
0.001375527666600659
0.00105633479708324
0.0008688768555303292
0.0008875484931296051
0.001134694972297941
0.001571842002511468
0.002107561392777917
0.002619203866725307
0.002983639874387489
0.00310805187767644
0.00295306376429087
0.002541968879612181
0.00195351469150801
0.001301692190757122
0.0007073184349317069
0.0002692350913642159
4.357367720313609e-05
3.445501318166993e-05
0.0001986345105539225
0.0004610768653951742
0.0007367101374368393
0.000951631837138996
0.00105888553785386
0.001044857932646862
0.0009264660215003302
0.0007410221879249608
0.0005329591110329955
0.0003417119878706076
0.0001938141050976572
0.0001007110289026491
6.161948027123705e-05
6.906883866005004e-05
0.000114589701500008
0.0001920789601163735
0.0002979600530107782
0.0004285878166598369
0.0005765618732114455
0.0007282077555833681
0.0008637400323614196
0.0009609531484228637
0.00100136941702261
0.0009770187644385607
0.0008953603895089002
0.0007801518146705538
0.0006673703905589221
0.000597021069573314
0.0006024660286458005
0.0007006206732880857
0.0008858399703712226
0.001129426631297315
0.001385373082873812
0.001600840572837011
0.001728976257962383
0.001740409607814366
0.001630489517049545
0.001420473628356735
0.0011522942959486
0.0008782568906620048
0.0006489502610799361
0.0005015603268520852
0.0004524680973185354
0.0004950588690714953
0.0006031746127975437
0.0007389005031903199
0.0008622908546694331
0.0009406328240022981
0.0009546985084142131
0.0009012080862169855
0.0007911377147992904
0.0006449359046260965
0.0004863010469852558
0.0003365829943797757
0.0002107730533370247
0.0001161492868181853
5.31732910327888e-05
1.79092175043035e-05
4.869881252539093e-06
9.22884176805076e-06
2.776261457753641e-05
5.847885390796617e-05
9.936194995830871e-05
0.0001469358270134461
0.0001955373214216284
0.0002375220921438785
0.0002647082840074813
0.0002705102954804021
0.0002520644879965247
0.000211615015989204
0.0001566605126582465
9.851196962899975e-05
4.974885249078346e-05
2.113268368850329e-05
1.889353137805451e-05
4.308286034302991e-05
8.757351149787834e-05
0.0001416505377043591
0.0001928146538832292
0.0002300426663446802
0.0002465926896098768
0.0002416582422534964
0.0002204094396917346
0.0001924369817550472
0.000169077755957309
0.000160338671111555
0.0001722196235809575
0.0002051480473392799
0.0002539370296053296
0.0003091743797356743
0.0003596782393736269
0.0003953776825855612
0.0004098418522970959
0.0004018530097842081
0.0003756025219580002
0.0003396203160911978
0.0003045955578673257
0.0002807836380806396
0.0002755512193658783
0.0002916858909229491
0.0003268177503901683
0.0003740372297839785
0.0004235149712050536
0.0004647341730947259
0.0004887176906189659
0.0004899221841158623
0.0004672434076494029
0.0004240941924929644
0.0003675428836928607
0.0003067753385977385
0.0002512720354253627
0.0002090463806202376
0.00018531322007846
0.0001817395309677817
0.0001964684669137616
0.0002247213312379242
0.000259836335575281
0.0002945867951948302
0.0003223333821972123
0.0003381246777581259
0.0003392200968951999
0.0003253875125655158
0.0002986745668943496
0.0002629720527299008
0.0002232519807552013
0.0001848564381828909
0.0001526445845760041
0.0001304169242233016
0.0001204235968561774
0.0001231451240992844
0.0001372878936991653
0.0001600557226573433
0.0001875713380277243
0.0002155118526559222
0.0002397120234111677
0.0002567907527463093
0.000264669730131713
0.0002628295228388257
0.0002523455368920756
0.0002356792259475732
0.0002162166164869258
0.0001976335489864508
0.0001833019149883643
0.0001756704324398657
0.0001758850831257478
0.0001836263512193746
0.000197243988367552
0.0002141227585984647
0.0002312296225206793
0.0002456886761464031
0.0002553656253743833
0.0002592118308487244
0.000257427858793195
0.0002513516649513719
0.0002430833164686132
0.0002350319059682625
0.0002293529427520445
0.0002274868217769987
0.0002298705480704908
0.0002358819523135977
0.000243954830359343
0.000252014253432367
0.0002579321097913936
0.0002600266956919214
0.0002574877655591904
0.000250557125063851
0.0002405250275341662
0.00022949607538157
0.0002199251540608329
0.0002140996536954912
0.0002136095065857517
0.000218990968393091
0.0002295131568102252
0.0002432406006863843
0.0002574592967852565
0.000269056558926161
0.0002752347117228702
0.0002740638716723642
0.0002649201732722089
0.0002487055543900486
0.0002277671390511831
0.0002055157824880016
0.0001858445460231948
0.0001724003267747209
0.0001678708560297261
0.0001734254000966412
0.000188396835162066
0.0002103012356205859
0.0002352236586239422
0.0002584387232280533
0.0002752867079434475
0.000282013220438766
0.0002765471370640056
0.0002589721304948081
0.0002316166868952758
0.0001987608082062383
0.0001659313256538003
0.0001389343668211578
0.0001228011025486892
0.0001207927584537359
0.0001337054359020226
0.0001595890580871248
0.0001939848339798458
0.0002306327423846209
0.0002625661391326698
0.0002834125117029771
0.0002886137619416201
0.0002763941365564569
0.0002482135759984945
0.0002086243345934085
0.0001645385323144326
0.0001239723318142662
9.453351536563416e-05
8.19263603878612e-05
8.876920860476751e-05
0.0001139722763791489
0.0001528422999790901
0.0001979091984658172
0.0002403412437000795
0.0002716624526290864
0.0002854858539126544
0.0002788286969887395
0.0002527576891867533
0.0002122360194078542
0.0001651253054880117
0.0001205809554725326
8.714937878572613e-05
7.097001478374941e-05
7.448952666672291e-05
9.599270185949608e-05
0.0001300109188796951
0.0001685595862399112
0.0002029976981335184
0.0002259357977724174
0.0002328632279650318
0.0002231423859057994
0.0001999742236246295
0.0001695409302031201
0.0001393527715552368
0.0001163478774029252
0.000105145048321186
0.0001069009205482275
0.000119113425214906
0.0001364059656897819
0.0001521039681328427
0.0001601882093777929
0.0001571717958392521
0.0001432129742069556
0.0001223180104011092
0.0001013901084835435
8.836562850661336e-05
8.991291722678225e-05
0.0001093065348024785
0.0001450563056537021
0.0001907622292098921
0.0002363444180762379
0.0002703733191214794
0.000283005878237188
0.000268766083492545
0.0002284121861030932
0.0001693712453312197
0.0001043832678431429
4.882813746318479e-05
1.706109453658431e-05
1.88507923057465e-05
5.672460228138128e-05
0.0001249865536194818
0.0002106735640753962
0.0002963754245237408
0.0003641371725005077
0.0003996711905449553
0.0003956117613065779
0.000353201511447629
0.0002818676078041318
0.0001967841093583289
0.0001151515151833965
5.210961499030719e-05
1.731509182779464e-05
1.312434885367838e-05
3.472758677641286e-05
7.215301495067417e-05
0.0001134598988226416
0.0001481998191123735
0.0001701042923547367
0.0001782791314972905
0.0001765925408168381
0.0001715746376282569
0.000169511824207829
0.0001738059099524527
0.0001834621101093045
0.0001932229578818175
0.0001954974623762792
0.0001833051565922902
0.0001535079332362491
0.0001090009394718419
5.914976995023421e-05
1.803132139617778e-05
8.797466078706677e-07
1.96132772570391e-05
7.876303629182444e-05
0.0001731008296758108
0.0002877932357931578
0.0004013040924796263
0.0004903583028318908
0.0005357281846897341
0.000527244743826272
0.0004665857682274874
0.0003669856147461591
0.0002499031861567988
0.0001394793450379508
5.636515216593288e-05
1.263774919116529e-05
9.249573093216536e-06
3.671805288652353e-05
7.878873907040278e-05
0.0001179507515789323
0.0001410625877707279
0.0001434052535722473
0.0001298237667389482
0.0001126872273502051
0.0001072965199468672
0.0001261675770792785
0.0001741115720575103
0.0002457128158200252
0.0003261082767793031
0.0003949603098360772
0.0004324811160027007
0.0004256317572162616
0.0003725504546232439
0.0002837610046729213
0.0001796789116733772
8.503765890880567e-05
2.191149435983924e-05
3.442077935638527e-06
3.018779884171099e-05
9.026846644518892e-05
0.0001632747617435849
0.000226738786612727
0.0002631507455289623
0.0002652990212950294
0.0002381845021365084
0.0001970206658694246
0.000161759582704339
0.0001500644740483936
0.000170958105493437
0.0002212907228451729
0.0002862601277994294
0.0003439844365618932
0.0003726612037606447
0.0003581479024611324
0.0002993551947022774
0.0002097419050147018
0.000114066132015424
4.139761628551669e-05
1.63408837071554e-05
5.126188121997078e-05
0.0001419449013855853
0.0002681916843495888
0.0003992872269202612
0.0005027881061945967
0.0005540112531321488
0.0005432684056389152
0.0004786198087119103
0.0003832514785712086
0.000288229495571527
0.0002228764498090554
0.0002057124525138196
0.0002388346662429661
0.000307497783087659
0.0003849543894942077
0.0004411782619641276
0.0004525880030779607
0.0004098006946503479
0.0003208374788996941
0.000208836518505492
0.0001048915124767823
3.830261035500421e-05
2.733733589496991e-05
7.345160944552036e-05
0.0001608006593255641
0.0002613288966328929
0.00034376309125004
0.0003837093680521097
0.0003716587344506822
0.0003162092896334511
0.0002414692012248669
0.0001793499711917804
0.0001591285962077959
0.0001975786582868467
0.0002928036939660122
0.0004238717614702672
0.0005564606115940922
0.0006528651148098527
0.000683424870211799
0.0006357222482681485
0.000518692548382577
0.0003603351610158299
0.0001996330483970836
7.499481290147645e-05
1.297099442433793e-05
2.049267942935435e-05
8.327337073520714e-05
0.0001708410114886472
0.0002467215337154432
0.0002806837016987833
0.0002591916884420181
0.0001907344781944468
0.0001042471014880062
4.08127782440358e-05
4.1062959602186e-05
0.0001319415239013049
0.0003168537437907695
0.0005723566613346448
0.0008525960826385341
0.001100507234999171
0.001262695216441375
0.001303970106157562
0.001217202335473961
0.001025807095256403
0.0007779470449202079
0.0005340923058409225
0.000351189303885006
0.000268040774719607
0.0002957237087900251
0.0004157345745820557
0.0005861686738485424
0.0007540904547532488
0.000870497325604362
0.0009035381120632407
0.0008464111476301457
0.0007177440482400049
0.0005546924254416125
0.0004007882459234473
0.0002925794744419895
0.000248793327163597
0.0002654231306762141
0.0003181935360556885
0.0003715870036698398
0.0003917196202115485
0.0003590965013535933
0.0002772188852427343
0.0001741749059172195
9.630144177156638e-05
9.535298081951181e-05
0.0002126210626515244
0.0004644559732131504
0.0008335445019519124
0.00126892283484595
0.001695425198265587
0.002030548550595237
0.002205149745539714
0.002182336387593303
0.001969633452050846
0.001621083819232049
0.001227840730711766
0.0008990607362734511
0.0007373291397691177
0.0008140547674661098
0.001151021307744264
0.001712343441908187
0.002409322993463215
0.003117387531894683
0.00370139496281318
0.00404405095946917
0.004070918191571775
0.003766625374945692
0.003178631344337275
0.002407763351067875
0.001587670943553217
0.0008580775799114611
0.0003368144832803117
9.769597277725853e-05
0.0001579465764178534
0.0004777491344569771
0.0009714480271011175
0.001527428905380022
0.002031978935401773
0.002391840432799136
0.002550587803000496
0.002496046773786109
0.002257456623024117
0.001894207547128657
0.001479309343854656
0.001081846108527588
0.0007527617273779429
0.0005169441959320902
0.0003731142568001781
0.0003007160342281957
0.0002714691737964652
0.0002619540057277773
0.0002634881593422347
0.0002863762934960297
0.0003571010002124294
0.0005089709833672533
0.0007686891668932819
0.001142522125509972
0.00160617837154859
0.002102076276056425
0.002545778474500742
0.002841851819289441
0.002906251849072255
0.002690921551913136
0.002205089335556335
0.001527440669116566
0.0008048189843019416
0.0002354125500479358
3.73073102159324e-05
0.0004066631840330965
0.001472247050452705
0.003255229404671544
0.005642926095431695
0.008383975272999555
0.01111000451222441
0.01338388245700847
0.01477115531170324
0.01492596685939324
0.01367988326820471
0.01112010050402039
0.007642256858136654
0.003967653073886582
0.001116171381517522
0.0003332935210332439
0.002975151636799486
0.01036180867111403
0.02361424420796808
0.04349360621730291
0.0702646835715322
0.103592332579574
0.1425086914527842
0.1854311474497888
0.2302533197563751
0.2744947928271075
0.3154991324828227
0.3506588172602255
0.3776462831900055
0.3946258399453278
0.4004198767028862
0.3946253707587057
0.3776466595606157
0.3506593398745664
0.3154996526891712
0.2744954192996754
0.2302539783074894
0.1854318912039682
0.1425093374062089
0.1035908341564445
0.07026349956455832
0.04349394826236559
0.02361447720838152
0.01036196962676176
0.00297522249395348
0.0003333039149126296
0.001116139196635598
0.003967612488944207
0.007642208562319509
0.01112023193911334
0.0136799612943737
0.01492595128331302
0.0147711661708544
0.01338390906369148
0.01111003976234558
0.008384015301251952
0.005642942624737152
0.003255262672638009
0.001472191579996121
0.0004066338260167778
3.730445053278523e-05
0.0002354065204719714
0.0008048095890263948
0.00152742781530432
0.002205078416531042
0.002690916624437843
0.002906252159352584
0.002841860757067616
0.002545755936617744
0.00210205755445611
0.001606186557394495
0.001142528503568284
0.0007686958092408657
0.0005089698113437809
0.0003571029851709695
0.000286378285631523
0.0002634880909292851
0.0002619527334530554
0.0002714686775450653
0.0003007172476401942
0.0003731115923736881
0.0005169417469219659
0.0007527468674404652
0.001081838513766531
0.001479306768229872
0.001894209173402407
0.002257458659404738
0.002496059231058543
0.002550590364870512
0.002391836291335494
0.002031986388731563
0.001527437830017007
0.0009714562293273291
0.0004777564342168106
0.0001579495089554054
9.769250574890234e-05
0.0003368080728768747
0.0008581041319429246
0.001587704536816992
0.00240774909065238
0.003178623686828434
0.003766622564345064
0.004070917262812923
0.004044056990313233
0.003701400675465072
0.003117395818499784
0.002409293439246593
0.001712308048305379
0.001151006488838939
0.0008140605224405623
0.0007373287095364052
0.0008990560354534947
0.00122783405977972
0.001621079513978892
0.001969625597271367
0.002182334784541313
0.002205153152978014
0.002030534193317705
0.001695408387159115
0.001268935658012921
0.0008335476243494916
0.0004644586796912054
0.0002126217040107769
9.535345038100425e-05
9.630091082390558e-05
0.0001741745084669059
0.0002772227805957736
0.0003590988807190021
0.0003917204842091251
0.0003715870644535987
0.0003181950697962738
0.0002654243883532345
0.0002487944767406953
0.0002925793283925347
0.0004007853001653243
0.0005546955062735139
0.0007177445280333191
0.0008464154599819664
0.0009035370257956866
0.0008705033706822473
0.0007540919769297353
0.0005861724483755918
0.0004157376871935669
0.0002957244705722302
0.0002680415621427173
0.0003511954733099148
0.0005341026981047211
0.0007779600512077202
0.00102580482230468
0.001217203283483082
0.001303971015062346
0.001262698957308237
0.00110050599177666
0.0008526011207544414
0.0005723641873993027
0.0003168451241457918
0.0001319375066083303
4.106461263967348e-05
4.081145123771486e-05
0.0001042462151391918
0.0001907344499661076
0.0002591913796907429
0.0002806845871297007
0.0002467218330392295
0.000170837702850415
8.327002081884312e-05
2.049136423003888e-05
1.297088827566061e-05
7.499457459409491e-05
0.0001996317834329541
0.0003603350473594523
0.0005186908043737234
0.0006357193297974832
0.0006834221119310725
0.0006528596238606969
0.0005564557173686333
0.0004238761661158126
0.0002928076660213828
0.0001975779895535428
0.0001591298998151093
0.0001793491323716281
0.0002414692946522589
0.0003162073844609283
0.0003716565182473926
0.0003837073968092738
0.0003437627194416343
0.0002613297516703203
0.0001608019162049199
7.345176702674115e-05
2.733787667005293e-05
3.830151639802171e-05
0.0001048894744817403
0.0002088370646480653
0.0003208404829526675
0.000409803324204719
0.0004525942536435139
0.0004411794087178118
0.0003849541395727331
0.0003074980797338019
0.0002388384278103353
0.0002057140118648333
0.0002228764987430068
0.0002882298813176339
0.0003832553024662968
0.0004786223702663458
0.0005432682017706824
0.0005540105239052186
0.000502786408107054
0.0003992894063354197
0.0002681924133006852
0.0001419480649708681
5.126344014023896e-05
1.634076237185323e-05
4.139869014633347e-05
0.0001140684515369652
0.0002097419631912397
0.0002993535289757593
0.0003581451375971952
0.0003726605721799962
0.0003439847641726358
0.0002862611183408497
0.0002212928722988841
0.0001709580350511509
0.0001500640513518426
0.0001617591112786825
0.0001970207014896699
0.0002381847269633085
0.0002652962608977945
0.000263153736904936
0.0002267401171675357
0.0001632704100452669
9.02686375126092e-05
3.018601267786821e-05
3.442069311039645e-06
2.191096492229541e-05
8.503062314101254e-05
0.000179678828767408
0.0002837629887229554
0.0003725483747609788
0.0004256306862230762
0.0004324821153332565
0.0003949569883426063
0.0003261060333010607
0.0002457117218112883
0.0001741144963322709
0.0001261677031123417
0.0001072969413384777
0.0001126873047634863
0.0001298253874977701
0.0001434068859497423
0.0001410641350047998
0.0001179488908990493
7.878494385208993e-05
3.671989243021728e-05
9.250053323033925e-06
1.263591173468146e-05
5.636422497790576e-05
0.0001394836139601977
0.0002499023553594274
0.0003669913484731629
0.0004665836891145755
0.0005272506542802127
0.0005357305100480745
0.0004903584882700599
0.0004013121535577101
0.0002877964808965253
0.0001730956180712526
7.876466609516058e-05
1.961085849631545e-05
8.797367298180655e-07
1.803228818749482e-05
5.914907360586431e-05
0.0001090035931677821
0.000153503491267294
0.000183305445973766
0.0001954966232726326
0.0001932306176940779
0.0001834596483111121
0.0001738050583612367
0.0001695099175191106
0.0001715743061916354
0.0001765917138394308
0.0001782795381258625
0.0001701042882000779
0.0001482009379456755
0.0001134615895209296
7.215099877643906e-05
3.472952752022344e-05
1.31243746203252e-05
1.731556814306473e-05
5.21124283125203e-05
0.0001151495706051049
0.0001967828098189177
0.0002818666751284653
0.0003532007410801788
0.0003956103589559029
0.0003996699361631982
0.0003641362021393546
0.0002963766705837589
0.0002106733990922958
0.0001249894753114722
5.672497297659802e-05
1.885160749243954e-05
1.706061195739092e-05
4.883021470456601e-05
0.0001043820336235121
0.0001693731734151041
0.0002284133952022553
0.0002687640271420121
0.0002830029214671217
0.0002703734335700633
0.0002363495673951309
0.0001907617547926554
0.0001450549373533625
0.0001093067926903417
8.991308552547378e-05
8.836451052171949e-05
0.0001013917706428619
0.0001223178886218241
0.0001432118451637489
0.000157170177239176
0.0001601892045091334
0.0001520972435765277
0.0001364040655304461
0.0001191120279553541
0.0001069010629291239
0.0001051450892358763
0.0001163534383348981
0.0001393513918878897
0.0001695392282617969
0.0001999765747097283
0.000223143617285544
0.0002328682244753538
0.000225933728296782
0.0002030000004945221
0.0001685576656957498
0.0001300128280170767
9.59943510251735e-05
7.449219601165556e-05
7.096876390366561e-05
8.715011185242935e-05
0.000120582512636459
0.0001651197758521059
0.0002122360466834699
0.0002527570127555408
0.0002788318467230909
0.0002854884074523559
0.000271662752107931
0.0002403413654708478
0.000197912939675024
0.0001528442797914914
0.000113972745802258
8.876837880614014e-05
8.192608329243285e-05
9.453472876684068e-05
0.0001239736632345975
0.0001645372721461211
0.0002086250859383684
0.0002482112890330084
0.0002763959564140922
0.0002886172409882317
0.0002834128679558969
0.0002625668458461533
0.0002306337599041738
0.0001939844723845624
0.0001595925572854256
0.0001337074175477858
0.0001207945395351157
0.0001228003858915491
0.000138932010447481
0.0001659315318229704
0.0001987574814066571
0.0002316157096223737
0.000258969986241473
0.0002765481851798794
0.0002820146486082835
0.0002752862594708185
0.0002584354215582829
0.0002352239541091326
0.000210302133358473
0.0001883930261312854
0.0001734234462453603
0.0001678717229540072
0.0001723988903953979
0.0001858442464658715
0.0002055171034042598
0.0002277657034731472
0.0002487061231572984
0.0002649166006858608
0.000274069398588015
0.0002752370689054932
0.0002690558950839668
0.0002574621126715547
0.0002432422032915827
0.0002295133066431201
0.0002189903885441504
0.0002136089407858152
0.0002140954641635904
0.0002199243242036584
0.0002294946425491642
0.0002405241973762291
0.0002505555533641768
0.0002574881504959696
0.0002600272952019672
0.0002579305354759889
0.0002520153212690002
0.0002439518045262576
0.000235881079269276
0.0002298686248916441
0.0002274862213687062
0.0002293529154003088
0.000235031864931654
0.0002430843896595477
0.0002513558576686034
0.0002574321217775918
0.0002592135887903548
0.0002553654799524265
0.0002456902000482864
0.0002312294572339793
0.0002141248192528965
0.0001972444217786367
0.0001836248280252842
0.000175884420719374
0.0001756714305859973
0.0001833029247962095
0.0001976362494430301
0.0002162208144677465
0.0002356758783243431
0.0002523477198553751
0.0002628271838471272
0.0002646708285581618
0.0002567898535290704
0.0002397133939225813
0.0002155131195431777
0.0001875749584221059
0.000160053169755591
0.0001372884228940149
0.0001231473590048192
0.0001204296790504511
0.0001304198466012436
0.0001526455762721745
0.0001848564527970136
0.0002232607641278603
0.0002629659712982805
0.0002986784027525517
0.0003253768242410399
0.0003392252339452009
0.0003381283602007227
0.0003223460099950253
0.0002945869936679337
0.0002598406951379205
0.0002247163989342834
0.0001964672646205909
0.0001817391936915372
0.0001853124623921896
0.0002090466162198393
0.0002512701270866712
0.0003067716531846478
0.0003675422002183614
0.0004240987239936095
0.0004672452738108119
0.0004899183328062972
0.0004887036988706335
0.0004647382215378425
0.0004235098271674709
0.0003740393591974703
0.0003268157385203953
0.000291690456202807
0.0002755553306115967
0.0002807875546973599
0.0003046023722191373
0.0003396278173138151
0.0003756087546220167
0.0004018550847078675
0.000409845299090174
0.0003953781532997118
0.0003596843905023617
0.0003091722255191979
0.0002539326688064663
0.000205142028647475
0.0001722146080425988
0.0001603394113966193
0.0001690794762327796
0.0001924376737769435
0.0002204105710215492
0.000241654303905458
0.0002465879346641163
0.0002300386875751838
0.0001928162807325283
0.0001416457221334025
8.757353831110806e-05
4.308157967027482e-05
1.889339844249863e-05
2.113206217903209e-05
4.974563125988501e-05
9.851391205822996e-05
0.0001566546723619625
0.0002116158263464752
0.0002520556960070633
0.0002705109114189181
0.0002647101753119338
0.0002375303849467655
0.0001955342669451021
0.0001469403962909533
9.93561686167965e-05
5.848255172407998e-05
2.776250120226518e-05
9.22937962469209e-06
4.869894546683083e-06
1.791031842046909e-05
5.317498944110358e-05
0.0001161522190854177
0.0002107696598803723
0.0003365838042899986
0.0004863003135150778
0.0006449356618919783
0.0007911500967347747
0.0009012103827765627
0.0009546883436391201
0.0009406358970959118
0.0008622978027286985
0.0007389060460485265
0.0006031739396042485
0.0004950516318972406
0.0004524645435859298
0.0005015535552429832
0.0006489535797688216
0.000878270744705576
0.001152256678829463
0.00142049242258537
0.001630443661555899
0.001740425733430061
0.001728964998556648
0.001600825771871427
0.001385384514928778
0.001129426573035426
0.0008858303339554247
0.0007006227407854299
0.0006024750622234541
0.0005970323048660514
0.0006673781974242949
0.0007801462229030231
0.0008953602110581423
0.0009770001787606948
0.001001369346594919
0.0009609517618491153
0.0008637398088935766
0.0007281961759067407
0.0005765628785414945
0.0004285833586444858
0.0002979634774256861
0.0001920796590267201
0.000114596967596102
6.907266563051635e-05
6.161865276513552e-05
0.0001007111395788516
0.0001938182181034976
0.000341711320773295
0.0005329706866221415
0.0007410152923147887
0.0009264685067696468
0.001044864670789845
0.001058882711242728
0.000951620598436767
0.0007367101043255087
0.000461065974443899
0.0001986366473353072
3.445201544530378e-05
4.357264974297447e-05
0.0002692471714361367
0.0007072988167280434
0.001301717349367301
0.001953490687412948
0.002541969004278231
0.002953089048788263
0.003108051765682422
0.002983618996008039
0.002619211119431491
0.002107536079405401
0.001571866629272635
0.001134664618775703
0.0008875532120955238
0.0008688588123891735
0.001056310591604482
0.001375527133919076
0.001721777667371674
0.001989003869908358
0.002097433185872304
0.002012421701064886
0.001750088698896252
0.001369211364116952
0.0009524097582619083
0.0005835771642494679
0.0003274758868402389
0.0002180742245516385
0.0002567986582045216
0.0004201346160634824
0.0006720940653779033
0.0009762694383919353
0.001302871777577511
0.001628977081821446
0.001932683617968142
0.002186122999187026
0.002351292474985822
0.00238358188272705
0.002244047039423093
0.001917550939501338
0.001430910072940815
0.0008639682353829976
0.0003454233594848238
3.302079698913226e-05
7.745241757269328e-05
0.0005803124485796446
0.001556207148918565
0.002911248191270683
0.004447560774541837
0.005896670808010015
0.006974359158352828
0.007448383505515856
0.007198221210346419
0.006253035012507129
0.004794893359809148
0.00312266875320034
0.001586668211939997
0.0005056080705938209
8.897149279618767e-05
0.0003855838725326883
0.001270761754891684
0.002477712337851328
0.003666315600496474
0.004510231069018573
0.004782275480586123
0.004413192133906872
0.003510491080743051
0.002330272064747602
0.001211945911059379
0.0004895846429184057
0.0004075564763634201
0.001058162906718769
0.002360102791299746
0.004081234919265736
0.005897113041039979
0.007472582169999679
0.008538919439647359
0.008953240548381838
0.008720054300927876
0.007977159046602178
0.006948484451141467
0.005884009734369178
0.005000623664212737
0.004442917497446751
0.004270722452589309
0.004473349840972554
0.005001131101579468
0.00579955217494962
0.006830768144489891
0.008075589311697421
0.009511314059837765
0.01107910710527274
0.01265129924133628
0.01401988438714355
0.01491461651330286
0.01505757998295762
0.01424093928106458
0.01241087960917446
0.009727945033379154
0.006583546924346774
0.003551518730066694
0.001283507663540449
0.0003572963843382652
0.001122063243144849
0.003574769254856828
0.007310219592911773
0.01156837643058121
0.01538321310829623
0.0178005377174984
0.01812938099333196
0.01615369201201532
0.01225304035598392
0.007387429673146089
0.002928986908308387
0.000373092820120694
0.0009759618916933944
0.005409041088330132
0.0135121725541112
0.02422491009987487
0.03571886759464522
0.04574630980642302
0.05211600310034187
0.05322770424134939
0.04851968326439914
0.03873397026645006
0.02590118799433161
0.01304109705048173
0.003584599243099545
0.000659655062220424
0.006350421843900701
0.02111875961470003
0.04352573030865944
0.07032858398458205
0.09700584387810537
0.1185810048083183
0.1306519246253293
0.1303921742087955
0.1172981161206672
0.09352817723891874
0.0637171863331954
0.03422776489044624
0.01201128949793673
0.003196516435599725
0.01176185320141269
0.03849678082120059
0.0805553973595004
0.1316817818113351
0.1832047552554013
0.2255510758905267
0.2501644399641916
0.2513323000652545
0.227664799097217
0.182830088281115
0.1253621672348768
0.06743944021249672
0.02287631069734332
0.004486943368430949
0.02142665696218092
0.07690218114391981
0.1667768730268361
0.2795015335451991
0.3973650914474699
0.4992854467878721
0.5644828171555434
0.5768209595065396
0.5289304970035148
0.4254752251629553
0.2848510461999302
0.1390085356782802
0.03090506454103934
0.01010688397038185
0.1266143804174198
0.4239270417685357
0.9320285358754971
1.661764196270163
2.600449253569857
3.711199575675233
4.93378726380478
6.190232605993536
7.390893417967042
8.444444111566165
9.266465835485606
9.789060900047458
9.968349237000266
