# RCS in m**2 for a L=5 cm PVC cube at 0.0 degree aspect angle
# frequency = 87.5 GHz, 
# theta = linspace(0, 6.2832, 1441)
# phi = linspace(0, 0, 1  1)
13.14611176128676
12.92541185693635
12.28088711774318
11.2634228608156
9.95187368353295
8.444887358330064
6.850863154187822
5.277278547251156
3.820512143931289
2.557432355061642
1.53956137537426
0.7903743715992909
0.3058836165118953
0.05821352749498625
0.001525400111267355
0.07942091386910312
0.2327743146170386
0.4070027254562344
0.5578992590791906
0.6554198725323014
0.6851528808937418
0.6474917239284788
0.5549014754408034
0.4278588790477098
0.2901906465011825
0.1645781715611639
0.06885501994655401
0.01358440340766286
0.001140986985416719
0.02626946373364213
0.07786913237786491
0.1415737858519727
0.2026149138754384
0.2484525829531596
0.2707518170139357
0.2664226691657429
0.237633670199323
0.190892783209767
0.1354420993804058
0.08130833014349567
0.03739762466872157
0.009962622415908583
0.001692990709279589
0.01153908780450385
0.0352396051938105
0.06639397053598677
0.09783869140593532
0.1230433165521466
0.1372636639801807
0.1382656853204882
0.1265037698357808
0.1047844159817238
0.07751336863437708
0.04970936497412452
0.02599525215052927
0.009760785372493277
0.002644034378260232
0.004402818892603286
0.01316206818418913
0.02595313226527942
0.03940891735207802
0.05046185822867516
0.05690378205924188
0.05771126998553907
0.05309611249932318
0.04430240888850668
0.03321854775903364
0.02191337948656413
0.01219224881850015
0.005271590150871034
0.001624434298116791
0.0010022112866992
0.002609417427784481
0.005367645032686994
0.008197837331364827
0.01025510045382513
0.01106878086031364
0.01057113657841306
0.009026268128341083
0.00689440674370295
0.004675155857567645
0.002775646508327846
0.001432097225631578
0.0006970920043931448
0.0004828145821638508
0.0006363830472219096
0.001017162339928599
0.00154935473332351
0.002233928277694171
0.00312038498905334
0.004251919511779686
0.005607441744640174
0.007064760409777749
0.008401559246884007
0.009339529549853617
0.009620565937824106
0.00909345213251503
0.00778421255221727
0.005923746443634789
0.003920949302044033
0.002281601852628315
0.001490856315260985
0.001887711735321914
0.003566046080306005
0.006329697365241427
0.009716501454299418
0.01308973584026277
0.01577662784802734
0.01721988118441154
0.01710651408584753
0.01544126703074976
0.01254482267052357
0.008980067799136373
0.005420657752023046
0.002499028999885119
0.0006670594991713834
0.0001059118145066449
0.0007030848403321369
0.002100517653477405
0.003798313709770631
0.005285596394657935
0.006164137974728074
0.006235345962734715
0.005530104649664765
0.004278918837105226
0.002833841544570886
0.001566867504397624
0.0007713493633283334
0.0005936345742437606
0.001008951073708433
0.001844361984871228
0.002838048634038106
0.003716091935855639
0.004263338325542574
0.004370910707400556
0.004049459036788547
0.00340859755116604
0.002612260876671251
0.001826870501383735
0.001176559583430032
0.0007196592567643347
0.0004490293025223488
0.0003138396179587113
0.000251523280964082
0.0002178988086493643
0.0002045549489535862
0.0002378714575963289
0.0003612881758035544
0.0006085245548409398
0.0009783482238476192
0.001421527713966632
0.001846178840968898
0.002141015659951227
0.002210099848347454
0.00200770155589854
0.001562145906499499
0.0009782123184494628
0.0004171665544351884
5.721599120516976e-05
4.572919642487516e-05
0.0004563666916702877
0.001263924587428411
0.002344414979792303
0.003501865938239972
0.004514117114720235
0.005186568333237617
0.005398415247221626
0.005129695377314104
0.004462775147411826
0.003557168948640262
0.00260735424071622
0.001793276808052012
0.001238883879050371
0.0009877408191272146
0.001001956393579519
0.001182216960321386
0.001402174027441511
0.001546284497848503
0.001540233606169661
0.001366597007988474
0.001062322038696906
0.0007006855701054841
0.0003653222877122251
0.000123930859816673
1.007535417912502e-05
1.771030899726803e-05
0.0001084662138139591
0.0002281911215271468
0.0003264458744497776
0.0003721503795987944
0.0003608545921909902
0.0003117691866200391
0.0002566326768705434
0.0002250637269015521
0.0002318886277134915
0.0002710749717771192
0.0003185243522920573
0.0003424832950855914
0.0003178776452416094
0.0002394660220200251
0.0001284866791131179
3.048514446812795e-05
3.960300086547606e-06
0.0001030768982345607
0.0003596626653089307
0.0007700644029610742
0.001291247712122562
0.001847851117797047
0.002348656659988926
0.002708350320588053
0.002868166199506436
0.002810782852249517
0.002564149637494078
0.002194108449421929
0.001788110457119257
0.001433328498737774
0.001196308451887264
0.001108619619451727
0.0011618574021318
0.001313270882077562
0.001499023977326309
0.001652184710474287
0.001719444975540653
0.001672647037298343
0.001513477418305438
0.001269193213191022
0.0009827895941576345
0.0007006399114039066
0.0004605057293698536
0.0002840352170076874
0.0001745409809998516
0.0001202187229571564
0.0001009867295681359
9.644301313994434e-05
9.228245289515508e-05
8.342473755275312e-05
7.333974078674738e-05
7.027193361015458e-05
8.204411619193317e-05
0.0001114971355130353
0.000154140666614114
0.0001988990011222584
0.0002315970598203568
0.0002399424630671964
0.0002183379476516004
0.0001707081520948985
0.0001103992570241487
5.701621807717469e-05
3.085336841833325e-05
4.691341250406811e-05
0.0001098958092895892
0.0002120132664572827
0.0003341402136555664
0.0004503301683825818
0.000534394379737833
0.000566678201881304
0.0005396111124443322
0.0004599787697070155
0.0003477721156331479
0.000231539758756778
0.0001416008133500616
0.0001027758778460806
0.0001284542755990557
0.0002174588041036721
0.0003544219691578268
0.0005134993924268079
0.0006644568366846114
0.000779557972838956
0.0008396524207854624
0.0008380488444042186
0.0007814051610585587
0.0006875178666474526
0.0005807845005818721
0.0004864574650284938
0.0004251089363573556
0.0004084669262062203
0.0004376018811524896
0.0005034866596234972
0.0005897647504242939
0.0006768448044085466
0.0007463288934593634
0.0007846755567892232
0.0007855586419961886
0.000750362186522753
0.0006870085958620159
0.0006075520042678127
0.0005252464113435582
0.0004517053562848583
0.0003948142672037159
0.0003577521101153865
0.0003391285163758172
0.0003340560201272999
0.0003358034898447307
0.0003375314471765951
0.0003337494021480054
0.0003212790517929247
0.0002994942918089566
0.0002699339037714223
0.0002356617265735428
0.000200331331735933
0.0001673662980362661
0.0001393792016118492
0.0001178534068883897
0.0001032141028505821
9.49892819443142e-05
9.214360808337199e-05
9.339410649103476e-05
9.742093312809848e-05
0.0001029925641311711
0.0001090397960318096
0.0001145997139641169
0.0001188681778962155
0.0001212559503802748
0.0001214657850773679
0.0001196137015650278
0.0001163235275771823
0.0001126919000564945
0.0001102157619620201
0.0001105072199886904
0.0001150028081111798
0.0001246308136294964
0.0001394996979696274
0.0001587934660235827
0.0001807983782290213
0.0002031604826172949
0.0002232826238818364
0.000238851816903073
0.000248274178551743
0.0002510471548701599
0.0002479103468962211
0.0002407127252572037
0.0002320892457423284
0.0002249330184293241
0.0002217968807919581
0.0002243939703087993
0.00023319575651713
0.0002473420990151473
0.0002647957520017836
0.0002827499784387819
0.0002982348951243148
0.0003087209234562366
0.0003126541190134946
0.0003098177643376009
0.0003013651812596964
0.0002895881856684877
0.0002774327308154776
0.0002678645243706272
0.000263200749194099
0.0002645978301223711
0.0002717666625099974
0.0002829682407155771
0.0002954413806362252
0.0003059121573274116
0.0003113772663642066
0.0003097884138739652
0.0003006042223189893
0.0002849779182093201
0.0002656499168425692
0.0002464095244369208
0.0002313390323082893
0.0002239104359076522
0.0002261772062204768
0.0002381938494119247
0.0002578223710905346
0.0002810493859644569
0.0003026605199405884
0.000317289488766618
0.0003205697220931787
0.0003101522361008743
0.000286358672728404
0.0002523927539702106
0.0002138955256100552
0.0001779779455411924
0.000151843570995631
0.0001413174615888964
0.0001495092956551056
0.0001759584112198113
0.0002164485595644362
0.0002635700276253603
0.0003080159081473984
0.0003403428364726605
0.0003528903427204555
0.0003415034989858826
0.0003066182745259213
0.000253471064758307
0.0001913883485017384
0.0001321074800392206
8.754428951945562e-05
6.73720219272503e-05
7.688835730806801e-05
0.0001156812639843863
0.0001773893201744409
0.0002506901601281236
0.0003213403713843403
0.0003749927978183464
0.0004001248604571828
0.0003905419051092804
0.0003469366865045356
0.0002769758338858883
0.0001940340494599004
0.0001146003671102368
5.49622302578064e-05
2.777140859306014e-05
3.927687842737616e-05
8.781179864767981e-05
0.0001639416636108893
0.0002522465426264839
0.0003344738721135814
0.0003933694877585338
0.0004163916408705453
0.0003984754293259987
0.000343215126793301
0.0002621706926949478
0.000172396698111658
9.275320783089651e-05
3.971209099908616e-05
2.372186155976104e-05
4.688992041838198e-05
0.000102558735045897
0.0001768724039557684
0.0002520450271543563
0.000310502865735953
0.0003389932925761467
0.0003316149782178713
0.0002911504283428229
0.0002282327184791452
0.0001585762113374979
9.910656943533121e-05
6.363508205024221e-05
5.94896815852305e-05
8.572874626588937e-05
0.000133506261571068
0.0001884994583023716
0.0002347399616605825
0.0002589322551101966
0.0002540471763793876
0.0002213047598825798
0.0001699207965445458
0.0001146775956095371
7.193445305019368e-05
5.509807970463204e-05
7.081066086943603e-05
0.0001168607947884983
0.0001824837760943597
0.0002510405365238536
0.0003043229986830036
0.0003275476304436001
0.0003134157801541735
0.0002643567764633175
0.0001921360906031939
0.0001148466134462309
5.218867826032814e-05
2.011672354310675e-05
2.643418627100689e-05
6.855618907348442e-05
0.0001341031383654082
0.0002042585420778177
0.0002589454222838541
0.0002824915759665182
0.0002680970070244003
0.0002198512126571193
0.0001516532700020367
8.327542352602143e-05
3.465145721416792e-05
1.997347670012428e-05
4.339480516345544e-05
9.756667453042749e-05
0.0001656004947373124
0.0002259560682493491
0.0002589101960370416
0.0002527520870330678
0.0002078028039136464
0.0001370644867538136
6.297012731368595e-05
1.122638871814336e-05
3.283287254528976e-06
4.96476321707675e-05
0.0001460347065657887
0.000273627154334269
0.000403494425591845
0.0005041521725484079
0.000550147115468421
0.0005292245526963512
0.0004460393351185447
0.0003212046152098609
0.0001859261295784736
7.352896879842633e-05
1.042532875784133e-05
8.965456589154599e-06
6.431707799395392e-05
0.0001562601211284509
0.000255405907263458
0.0003319390376071074
0.0003644123248153963
0.0003458706028214705
0.0002855531738685005
0.0002055824269653142
0.0001337898873481009
9.476236703257779e-05
0.0001019551704482306
0.0001532958883396984
0.0002317588016801033
0.0003106650218902514
0.0003622547993151841
0.0003667729312763642
0.0003192268280478594
0.0002316786535275263
0.0001301009924911364
4.682463803506246e-05
1.060737508127784e-05
3.753993152478598e-05
0.0001255393665501534
0.000254236004958257
0.0003904713625502634
0.0004977231071006292
0.0005467826115482853
0.0005243057443274125
0.0004366942598722396
0.0003080501025035008
0.000172779358979685
6.521582699713004e-05
9.311697224820511e-06
1.179586375790851e-05
6.080473628303391e-05
0.000130490611502572
0.0001901107748088816
0.000214704317415232
0.0001938917983913943
0.0001359314057774119
6.554950721824574e-05
1.615994248050465e-05
1.87939177437666e-05
9.12608953389686e-05
0.0002310229416231687
0.0004141872912846053
0.0006012174665554468
0.0007477463105629455
0.0008172537935217351
0.0007919713103297128
0.0006782872577844678
0.0005052160752738618
0.00031610564645527
0.0001561727062590055
5.951882069443535e-05
3.967204234390103e-05
8.651223970776624e-05
0.0001705108223976718
0.0002529122280477857
0.0002987563785468373
0.0002884754728566782
0.0002245755820847663
0.0001310333454556149
4.578229542704209e-05
8.326016711211426e-06
4.654187096195578e-05
0.0001667363308119682
0.0003501478404808074
0.0005572197000835593
0.0007383718312411413
0.0008481236861604457
0.0008583287703580702
0.0007663957556383164
0.0005961429207377062
0.0003908008105603674
0.0002004874325442107
6.780865492937572e-05
1.613195750142026e-05
4.386802252342395e-05
0.0001266550892514262
0.0002264863274508838
0.0003049130149964482
0.0003360600492063609
0.0003152831885726317
0.0002606891390627333
0.0002069340282847584
0.0001932278223971415
0.0002492929457329783
0.0003838545558326817
0.0005794460714834505
0.0007955235344809527
0.000979232439983215
0.001080852173383704
0.001069353732747005
0.0009433099152033958
0.0007334483103857176
0.0004960649253248095
0.0002983678393851981
0.0002002268757764101
0.0002370396107273369
0.0004089817049028498
0.0006797483513341604
0.0009852489575818046
0.001250244788608809
0.001408087965313955
0.00141824953741259
0.001276790665967288
0.001016772529245005
0.0006986721633681532
0.0003935219356376753
0.0001636489892113438
4.644032055732931e-05
4.565774185853138e-05
0.000132666072538904
0.0002570001925397521
0.0003629812335705419
0.0004075375186784403
0.0003737736792447234
0.0002763152452841694
0.0001568431473133247
7.100473506116887e-05
7.054757888199989e-05
0.0001859441410820722
0.0004147402626049421
0.0007192752121272565
0.001034758502123701
0.00128593737546906
0.001407694734724823
0.001364029600252171
0.00115999462948587
0.000842958456590773
0.000492519071644685
0.0002012869941767972
5.156553564963987e-05
9.383689946973066e-05
0.0003328922133527393
0.0007253619980259223
0.001189422203640551
0.001624401557555164
0.001935245014715308
0.002055601733147672
0.001963681366238032
0.00168670806026304
0.001293054299646644
0.000874191652091957
0.0005209432934825078
0.0003008517898965748
0.0002419895091715616
0.0003277773264544868
0.0005038989709514025
0.0006953101921404024
0.0008287893320737708
0.0008547428635830773
0.0007623369926023683
0.0005836858145466126
0.0003854728530362041
0.0002504821054245656
0.0002532246543124273
0.0004365558162084072
0.000795668630868134
0.001274235456935073
0.00177456029831576
0.002180060186643973
0.002384918727238152
0.002323820413855949
0.001994198230980001
0.001464600293519189
0.0008661354075254985
0.0003676270837905782
0.0001392681846511776
0.0003123843508035953
0.0009445029563844606
0.001998190070959099
0.003339157094938202
0.004756347464967059
0.005999938113371363
0.006831239165586224
0.00707386212041196
0.006656012079514767
0.005633962673808788
0.004191165401412647
0.002611675691164095
0.001231578733430986
0.0003776263772698102
0.0003031614671846341
0.001135202137101504
0.00284207892871473
0.005229161134855897
0.007964518180788575
0.01063085813416684
0.01279552368690561
0.01408650463653791
0.01426084924616063
0.01325437032116223
0.0112022143354145
0.008426936710395509
0.005394789248984444
0.002646708450233778
0.0007146834260016395
3.609511217222293e-05
0.0008798274025874633
0.003295560115045023
0.007093600829229028
0.01186099489088802
0.01700977385342046
0.02185328075156959
0.02569995881435914
0.02795328355106568
0.02820495938708996
0.02631015094396648
0.02243574654427904
0.01707520594340392
0.01103004511147542
0.005354503917416708
0.001274624552775024
8.452648565323464e-05
0.003031073338713563
0.0111966389786894
0.02538990150203949
0.04605455781493899
0.07320305583203952
0.1063837898418845
0.1446739065980564
0.1867254331794778
0.2308292376527291
0.2750153572660195
0.3171763678128816
0.3552033512234355
0.3871274382467148
0.4112532334607382
0.4262781559221716
0.4313793916210359
0.4262777849161457
0.4112535734018534
0.3871277799130823
0.355203838450698
0.3171770793723008
0.27501603225671
0.2308298986067482
0.1867260748461623
0.1446722875370027
0.1063824829380303
0.07320348835448633
0.04605492478324437
0.02539016080284254
0.01119679200015418
0.003031166743958381
8.453664185887043e-05
0.001274587037019318
0.005354435280037215
0.01103027693260047
0.01707542938638528
0.0224356680333171
0.02631009279195254
0.02820494120182493
0.02795330355241738
0.02570000051240498
0.02185330337914615
0.01700984943563132
0.01186079303329121
0.007093434742282662
0.003295428311630643
0.0008798511770765058
3.609572938884644e-05
0.0007146644709248741
0.002646680683126182
0.005394738719600669
0.008426886487105788
0.01120216809150198
0.01325443434659828
0.01426086909841511
0.01408651450888083
0.01279555203153854
0.01063089868282338
0.007964555887854295
0.005229201715300344
0.002842112444056149
0.001135221310988494
0.0003031422925878333
0.0003776471369730662
0.001231624211814303
0.002611647324198259
0.004191143198979259
0.00563391076561225
0.006655988644703026
0.007073856001544517
0.006831238202059596
0.0059999575547128
0.004756286286601097
0.003339099816562974
0.001998135504485266
0.0009445211483389876
0.0003123890357085046
0.0001392674790776385
0.0003676220502639288
0.0008661257338039316
0.001464610514309104
0.001994186750661302
0.00232382732617079
0.00238491373079422
0.002180066584158748
0.001774566847418719
0.001274240550273511
0.0007956757124255396
0.0004365628808261713
0.0002532257800471134
0.0002504818421322316
0.0003854794314792221
0.0005836829531939963
0.0007623500767741996
0.000854741287019714
0.000828786640776593
0.0006953103999640416
0.0005039036167627953
0.0003277839157930429
0.0002419865013081234
0.000300848043612183
0.0005209569259018702
0.0008742029624520672
0.001293082181767848
0.001686698355452003
0.001963683125776607
0.002055600726506101
0.001935248005757777
0.001624410985645953
0.00118942839515809
0.0007253662692751772
0.0003328819366759774
9.38304406465486e-05
5.156536289478117e-05
0.0002012858800663983
0.0004925125791858974
0.0008429549618390579
0.001159989402903443
0.001364028131230976
0.001407697831947501
0.001285925175876594
0.001034744789890007
0.0007192630120150424
0.0004147453286445461
0.0001859469223219831
7.054853339986665e-05
7.100345513666791e-05
0.0001568416441663291
0.0002763105701861331
0.0003737710378508456
0.0004075386625596546
0.0003629772887360884
0.0002569950771709701
0.0001326696821737071
4.565831198971636e-05
4.643937898461412e-05
0.0001636456597812982
0.0003935173155978201
0.000698662670811853
0.001016766006199533
0.001276795873234681
0.001418246885456614
0.00140808553423213
0.001250251285129474
0.0009852533884099671
0.000679753348122615
0.0004089902184947166
0.0002370402455276533
0.0002002269034022955
0.0002983776946218167
0.0004960717978306692
0.0007334619671481253
0.0009433056585335571
0.001069352795605544
0.001080841672643265
0.000979230920875886
0.0007955247988583213
0.0005794516275852229
0.0003838584563495381
0.0002492862109222985
0.0001932257235917016
0.0002069336421828248
0.0002606870004977356
0.0003152825729149831
0.0003360623870239378
0.0003049147009328514
0.0002264863216648417
0.0001266566981530805
4.386952074353121e-05
1.613260183428884e-05
6.781136603238304e-05
0.0002004818995444717
0.0003907969822745701
0.0005961429328062919
0.0007663938857525974
0.0008583314680916591
0.000848127207927502
0.00073837201624794
0.0005572130892354339
0.0003501401487480816
0.0001667304770418834
4.654298187845781e-05
8.325785526095494e-06
4.578224887426188e-05
0.0001310324378460893
0.0002245744266426087
0.0002884755283457083
0.000298756338075867
0.0002529135161284029
0.0001705049226619769
8.651390769812241e-05
3.967303874706943e-05
5.951797247351173e-05
0.000156169885205991
0.0003161008778474549
0.0005052088235460112
0.0006782862366918775
0.0007919686677662213
0.0008172535734591508
0.0007477347731719215
0.0006012174543379151
0.0004141855573722088
0.0002310227763332492
9.126215531983593e-05
1.879391072653148e-05
1.615946611664656e-05
6.554923195186428e-05
0.0001359337158795473
0.0001938933369037974
0.0002147040272835342
0.0001901112810117696
0.0001304915977797556
6.080557219550401e-05
1.179396774448256e-05
9.311754008999404e-06
6.521904713482907e-05
0.0001727776108557668
0.0003080432343984711
0.0004366905990623649
0.0005243052788938143
0.0005467829681132701
0.0004977261887556129
0.0003904607960198794
0.0002542401226577177
0.0001255314734007946
3.754066381030225e-05
1.06081723865266e-05
4.68244528943126e-05
0.0001301042902935728
0.0002316704000829589
0.0003192268421035184
0.0003667722025013571
0.000362256773774094
0.0003106641488040647
0.0002317638902254135
0.0001533019309416244
0.0001019560801457084
9.476330586935347e-05
0.0001337882482779101
0.0002055805391497088
0.00028554756699501
0.0003458690948064631
0.0003644121605394698
0.0003319360432560983
0.0002554032770166177
0.0001562659840788286
6.431690963639554e-05
8.966356678855107e-06
1.042497250246842e-05
7.352328782659099e-05
0.0001859225772102044
0.0003212104721309419
0.0004460313750647561
0.0005292299382412037
0.0005501408097891105
0.0005041509830574448
0.0004034914053853045
0.0002736217293667134
0.0001460426137753557
4.964802366213921e-05
3.28255475603748e-06
1.12253552253415e-05
6.29738051854256e-05
0.0001370632211905979
0.0002078096741335123
0.0002527510864088959
0.0002589084957135764
0.0002259589920872872
0.0001656016756796949
9.757308081045426e-05
4.339640294969393e-05
1.997353206385699e-05
3.465041248532204e-05
8.327675309735995e-05
0.0001516501507252676
0.0002198573365095731
0.0002680968715249836
0.000282489152238064
0.0002589491626702187
0.000204255110412089
0.0001341017000465149
6.855669619454707e-05
2.643415912433692e-05
2.011710563347348e-05
5.218949676464002e-05
0.0001148405506815369
0.0001921369391911165
0.0002643567894803149
0.0003134180335519752
0.000327550601726408
0.0003043277646301642
0.0002510411444949325
0.0001824866337418097
0.0001168577445775407
7.080927039529486e-05
5.509925336655833e-05
7.193282690836883e-05
0.0001146794456210941
0.0001699161015906481
0.000221303563984786
0.0002540451883645497
0.0002589290203086286
0.0002347410652719818
0.0001885005539702406
0.0001335046929535498
8.572621349355954e-05
5.948863366514023e-05
6.36319814167873e-05
9.910720264376395e-05
0.0001585815021020998
0.0002282320898144435
0.0002911531523872901
0.0003316126607646454
0.0003389872104474734
0.0003105056729468578
0.0002520425889729685
0.0001768774545318796
0.0001025594608089073
4.688833168436711e-05
2.372208698136928e-05
3.971253783989389e-05
9.275387369868597e-05
0.0001724046703587789
0.0002621679707507697
0.0003432174058795522
0.0003984741139820339
0.000416393863550419
0.0003933731578614041
0.0003344765839912544
0.0002522426984214094
0.0001639445438203728
8.780981699710332e-05
3.927762581259849e-05
2.777070337116547e-05
5.496175724507489e-05
0.0001146008836027921
0.0001940264391405616
0.0002769792172619968
0.0003469405228046157
0.0003905459834148625
0.0004001217613197286
0.0003749967564729281
0.0003213352289358664
0.0002506891829827256
0.0001773895267029648
0.0001156853327105164
7.688858281921696e-05
6.737218173663706e-05
8.754386678889286e-05
0.0001321076285383135
0.0001913876203368094
0.0002534742927678488
0.0003066144408009438
0.0003415000880741038
0.0003528881794531794
0.0003403391823102227
0.0003080217745455507
0.0002635732737883378
0.0002164479817879941
0.0001759630464997688
0.0001495089737957269
0.000141317180854682
0.0001518451960557412
0.0001779775176896859
0.0002138948140368792
0.0002523890027033411
0.0002863589761000886
0.0003101557024961787
0.0003205762029435429
0.0003172926075351001
0.0003026576820267194
0.000281045134387792
0.0002578272196713901
0.0002381909917007834
0.0002261807117065649
0.0002239115515117677
0.000231344876070962
0.0002464093513763118
0.0002656539598118936
0.0002849781026400971
0.0003006029426498706
0.0003097854792215974
0.0003113718976048949
0.00030591047457772
0.0002954395938571609
0.0002829693725709775
0.0002717665760564922
0.0002645987443507108
0.0002632013521481523
0.0002678638890293224
0.0002774324306897896
0.0002895894422333159
0.0003013618804203429
0.0003098198347379674
0.0003126556704961071
0.0003087218462232332
0.0002982356654790391
0.0002827482599372552
0.0002647964870588345
0.0002473411886919537
0.0002331990655357002
0.0002243991207696349
0.0002218020541649048
0.0002249319388272124
0.0002320905134033233
0.0002407159105194211
0.0002479116548559555
0.0002510480487318154
0.0002482772785901506
0.0002388470147304912
0.0002232843054810633
0.0002031579113893465
0.0001807996642571728
0.0001587947315474976
0.0001395046479999417
0.0001246302355672716
0.0001150042251721847
0.0001105090783370448
0.0001102184043733747
0.0001126937080034604
0.0001163240893501913
0.0001196140319647594
0.0001214617514586824
0.0001212547410507651
0.0001188668807903839
0.0001145960960949875
0.0001090424539445845
0.0001030002986322927
9.741776442032228e-05
9.339393904961329e-05
9.214527475813941e-05
9.498949679890327e-05
0.0001032176908375236
0.0001178535231251383
0.0001393792715836977
0.0001673676692038509
0.0002003325435995165
0.0002356607450256747
0.0002699345184404237
0.0002994867287804347
0.0003212860285685596
0.0003337497064508454
0.0003375198238098125
0.0003358018655553872
0.0003340594794975893
0.000339128638795873
0.0003577541692994969
0.0003948059678704477
0.0004516986099852978
0.0005252441508744883
0.000607549961279319
0.0006870025219165935
0.0007503559154757404
0.0007855636236366952
0.0007846779968341449
0.0007463300987362471
0.0006768585039886187
0.0005897726100553215
0.0005034895884311887
0.0004376107540958424
0.0004084686655995701
0.0004251031251837117
0.0004864582210021349
0.0005807782920968122
0.0006875077448783083
0.0007814146480130977
0.0008380482475937388
0.0008396531680687627
0.0007795628972365307
0.000664455282900443
0.0005135051870344391
0.000354412307373867
0.0002174512575668444
0.000128455638917333
0.0001027766143500468
0.0001416016679714784
0.0002315426766412926
0.0003477597739447078
0.0004599789610750915
0.0005396025772523411
0.0005666818330672159
0.0005343878980994417
0.0004503357601744669
0.0003341259098416705
0.000212012258783857
0.0001098951752642152
4.691176435261379e-05
3.085470991465812e-05
5.701312773504831e-05
0.000110411641580328
0.0001707015556602928
0.0002183361749642351
0.0002399444509194714
0.0002315968068852112
0.0001989021452314339
0.0001541405720188465
0.0001115003408241617
8.204651789959186e-05
7.027104988560421e-05
7.333927212501962e-05
8.342470892908996e-05
9.2284015744609e-05
9.644656922257037e-05
0.0001009844807797414
0.0001202148703437264
0.0001745462657939465
0.0002840360814282401
0.0004605175486155241
0.0007006156096698682
0.0009827891036310382
0.001269167597967035
0.001513483217792193
0.001672664728638406
0.001719406118879203
0.001652188625773229
0.001498998455978505
0.001313267958125829
0.001161864979062388
0.001108604297400718
0.001196301458687141
0.001433329026995347
0.0017881297167998
0.002194111157682008
0.002564157689543968
0.002810807237888709
0.002868167373599745
0.00270831455953529
0.002348657152778401
0.001847868282522229
0.001291248315584861
0.0007700470619078436
0.0003596628128793917
0.0001030678761587008
3.961706938942817e-06
3.048782838133084e-05
0.0001284820173055964
0.0002394666886157996
0.000317893612951576
0.0003424809890764592
0.0003185319430829517
0.0002710748541720922
0.0002318852840281153
0.0002250613524072979
0.0002566317250907653
0.0003117566805709921
0.0003608526295839368
0.0003721498978864153
0.0003264385775513971
0.0002281983331895168
0.0001084661996668822
1.770730452971697e-05
1.007488263970439e-05
0.0001239359459279206
0.0003653233285078499
0.0007007021844692659
0.001062305928571282
0.001366622994957149
0.001540232438246986
0.001546284340792404
0.001402168743641135
0.001182216928935702
0.001001939607205209
0.000987743657798425
0.001238902467967298
0.00179325921382971
0.002607376395335925
0.00355713123483646
0.004462765766020203
0.005129668180820088
0.005398412617101523
0.005186578880012538
0.00451414699469056
0.00350179148480104
0.002344444161784597
0.001263897148227169
0.0004563875338389777
4.572542322109194e-05
5.720360043013504e-05
0.0004171663973165301
0.0009782481874611091
0.001562131887474057
0.002007735780412751
0.002210106471972041
0.00214100284444574
0.001846179648726693
0.001421508941144056
0.0009783636702066108
0.0006085247124847207
0.0003612846101439699
0.0002378713365461445
0.000204561299672827
0.0002179001450119673
0.0002515224182845715
0.0003138345636866032
0.0004490329961326362
0.0007196413918443506
0.001176639050663955
0.001826837349948777
0.002612260924253804
0.003408580654764382
0.004049434984973719
0.004370899662506344
0.004263327587844376
0.003716106591723817
0.00283812920511582
0.001844350998130206
0.001008972851354675
0.0005936345527155246
0.0007713889415657851
0.001566870868630506
0.002833918517932016
0.004278857694693152
0.005530111982256194
0.00623535990578926
0.006164127519532275
0.00528559833414869
0.003798313243597956
0.002100435516032452
0.0007030846732093604
0.0001059110810454689
0.0006670316269029441
0.002499120299987887
0.00542066056949894
0.008980191065650855
0.01254466699889444
0.01544126803990436
0.01710647284522109
0.01721988030676019
0.01577654085846579
0.01308981267562576
0.00971627992282267
0.006329793001762975
0.003566014337913457
0.001887732502195759
0.001490873028280333
0.002281565739976208
0.003920948248515171
0.005923827406589639
0.007784169514807542
0.009093548087310818
0.009620515467769281
0.009339486611868843
0.008401595518004876
0.00706472308872805
0.00560751004522386
0.00425188351969194
0.003120323627367137
0.002233952433103448
0.001549336247530506
0.001017176545232257
0.0006363629802888794
0.0004828120538945009
0.0006971075135481112
0.001432049352503081
0.002775655366271191
0.004675075815219492
0.006894406610143083
0.009026321613753848
0.01057098354083134
0.01106878289305711
0.01025509652518196
0.008197761815481633
0.005367704574837843
0.002609388807685577
0.001002252597082794
0.001624434647825972
0.005271841756583497
0.01219200362659161
0.02191377025262326
0.03321815732368119
0.04430214447889994
0.05309600544556536
0.05771146033409773
0.05690406398266752
0.05046185782796628
0.03940829932070111
0.02595328013540358
0.01316158138826371
0.004402928316485503
0.002644061439006229
0.00976031114829699
0.02599556175409513
0.04970845311772479
0.07751335550821965
0.1047830479065169
0.1265036614033938
0.1382661916307266
0.137263608459112
0.1230419579199791
0.09783943827135362
0.06639323555278301
0.03524061019526328
0.01153885294983876
0.001693021525960312
0.009962627455230211
0.0373991428322641
0.08130789595900699
0.1354437766372333
0.190891658444016
0.2376346736942665
0.2664221851154026
0.2707517645881183
0.2484541003081445
0.2026145421960116
0.1415704321946137
0.07786958337101085
0.02626783390412863
0.001141120862010686
0.01358534392876358
0.06885291831479053
0.1645802989903192
0.2901845739282994
0.4278593992199055
0.5548967091582055
0.6474912938994204
0.6851529370798483
0.6554210519420243
0.557894393355918
0.4070073764288148
0.2327708859397793
0.07942547409117338
0.001525200901489388
0.05820639669971694
0.3058833065867281
0.7904034650470737
1.53954990478098
2.557474848132585
3.820479368293729
5.2773169494081
6.850806812532139
8.444910342466956
9.951803971643583
11.26342712230498
12.28092894366067
12.92540646190672
13.14611220718385
