# RCS in m**2 for a L=5 cm PVC cube at 0.0 degree aspect angle
# frequency = 84.75 GHz, 
# theta = linspace(0, 6.2832, 1441)
# phi = linspace(0, 0, 1  1)
13.65433369680201
13.46418581804895
12.90655860107733
12.01873835001888
10.85907038920297
9.501772076467335
8.030357359315664
6.530534678676869
5.083132488010951
3.757870060961354
2.608527584255295
1.669883479732216
0.9566965256679295
0.4646255865286815
0.1728935867521162
0.04828271902204607
0.04990027191946604
0.1341679158232913
0.2594639499031838
0.3899507244981538
0.4982686441422959
0.5669059916330506
0.5882662379771977
0.5635913987979375
0.5010013896674892
0.4130311643238004
0.3140235597570457
0.2177333780754206
0.1354232869551777
0.07462334624829116
0.0386286558182569
0.02668586237256607
0.03474294187156263
0.05656464306588581
0.08500070565767584
0.1131944181614085
0.1355595289384359
0.14841540028287
0.1502340083124444
0.1415164376185858
0.1243774238278447
0.1019466285580706
0.07770558902742254
0.05487961684631659
0.03596926559490146
0.02247964687778736
0.01485150203529113
0.01257958407892666
0.01446219921553082
0.01891941526591205
0.02431503371754822
0.02922539196277998
0.03262134758886849
0.03394837595406341
0.03311050995863619
0.03038311372644504
0.02628409499852821
0.02143679760431447
0.01645229816711102
0.01184451150706758
0.007987590733364308
0.005108265969774348
0.003302545021853337
0.002562068208981894
0.002800584318020131
0.003871072857858927
0.005574088713925266
0.007663059252159964
0.00984974732253477
0.01182313915735094
0.01327858591269304
0.01396227529534838
0.01371959123369881
0.01253832383225652
0.01057348291872096
0.008145374044329533
0.005698965733903935
0.003738338954119025
0.002735306983494341
0.003034846973584851
0.004775493314743449
0.007842644220073683
0.01186807144751809
0.01627975376766665
0.02039414683175158
0.02353729046743128
0.02516843475390751
0.02498582358673419
0.02298776115805485
0.01947922462646259
0.01502041787003244
0.01032545532119126
0.006130180869795788
0.003059195345920476
0.001512460079856694
0.001598610546866532
0.003125152367013097
0.005647325617310952
0.008563796584248664
0.01123933498634913
0.01312819912677106
0.013874117395479
0.01336674293912631
0.01174588026041771
0.009354628130703199
0.006655284448814649
0.004126312720577305
0.002163721016640861
0.001008016253386237
0.0007090649060380145
0.001134855805504726
0.002018223694854864
0.003028735166503144
0.003851794544413927
0.004257233964719254
0.004142945161611658
0.00354590536701445
0.002620987239394483
0.001595289417972177
0.0007105920332267105
0.0001672939030645201
8.345919585264312e-05
0.0004754396263919412
0.00126297467703671
0.002294452224443479
0.00338436895110696
0.00435331043852369
0.005060661129021119
0.005424578892741384
0.005426656493722442
0.0051029017185485
0.004526493632433092
0.00378752519972096
0.00297613633405677
0.002171484476526273
0.001437703165468432
0.0008252733386984692
0.0003738167853496321
0.0001140834331040779
6.603534309807228e-05
0.0002336314940900792
0.0005978465711656628
0.001111650874380318
0.001699871622753523
0.002266455214571497
0.002709438059172226
0.002940493934191828
0.002905325867991086
0.002599016267370273
0.002071762196259957
0.001422531016402249
0.0007805107458896035
0.0002784857619992623
2.379964220470929e-05
7.387280544307596e-05
0.0004225137888382708
0.00100048913712121
0.001690641051483466
0.002354183728544523
0.002861604436937476
0.003121408254340081
0.003099207044110096
0.002823092205158275
0.00237470143448059
0.001867810532890318
0.001420601943116863
0.001128358749010673
0.001043074999885568
0.001164213034909107
0.001442647606808992
0.001795518532223097
0.002127899923983879
0.002355305518487697
0.002421937036054762
0.002310261075656832
0.00204091019328885
0.001663640452046224
0.001242830878243524
0.0008419408550405719
0.000510099778954238
0.0002750331239408563
0.0001419263863048626
9.794354348038822e-05
0.0001201464362470365
0.0001835204324706689
0.000267164492436312
0.0003568386169169961
0.0004441426692690087
0.0005234990279284355
0.0005886914343653157
0.0006309371283827496
0.0006394643443353584
0.0006046717580818309
0.0005227745032167812
0.0004001345921534447
0.0002554220706100724
0.0001181517462654985
2.363469546342171e-05
5.068405684081112e-06
8.4885095406894e-05
0.0002677064983049073
0.0005371298448912357
0.0008575129627123965
0.001180630167501042
0.001455865571805241
0.001641487058505306
0.001714056803729488
0.00167366969853892
0.001543916396912379
0.001365927435453418
0.001188698802893803
0.001057498812936268
0.001003673872370157
0.001037855100085276
0.001148334715200884
0.001304662718409335
0.001465468261981511
0.001588333228900082
0.00163939202361367
0.001600154749914951
0.001470781534165716
0.001268550367614665
0.001022996199605843
0.0007688726223143803
0.000538704725713525
0.0003569903965543947
0.0002368852921432419
0.0001797628704476316
0.000177446587713208
0.0002158594400628089
0.0002791022734537662
0.0003526545714701275
0.0004253868451175846
0.0004897831355214926
0.000541159247744821
0.0005763237246571109
0.0005924378837482387
0.0005866722572791678
0.0005566689145318881
0.0005017382447069448
0.000424276194900808
0.000330619141791385
0.000230961543525486
0.0001381868265424465
6.556377459229299e-05
2.397964700346397e-05
1.937075269652596e-05
5.103958173610618e-05
0.0001113896139526011
0.0001872828514622024
0.0002626234771041032
0.000321776706184678
0.0003529026210652041
0.0003503780713815098
0.000315868087205153
0.0002577461552676088
0.0001890021117108851
0.0001242072027379891
7.625180935921023e-05
5.367216175364123e-05
5.906069160676966e-05
8.892099092835235e-05
0.0001349576485042627
0.0001863184323384308
0.0002322718620618225
0.0002646460751758674
0.0002795057918466185
0.0002775935379554729
0.0002637865363760744
0.0002454799637797786
0.0002305395518344388
0.0002253329809103567
0.0002332162986684567
0.0002538658846010513
0.0002835628253006076
0.0003162528326145935
0.0003450730991570554
0.0003640760074169738
0.0003695310004491609
0.0003607019662197679
0.0003399254486928903
0.0003119611279294149
0.0002828606932432123
0.0002586338808971101
0.0002439940226837306
0.000241428140463694
0.0002508549865067969
0.0002697396645983856
0.0002937229174800068
0.0003175489954118499
0.0003360826663400182
0.0003452614616217682
0.000342681710023788
0.0003279327004079878
0.0003025742518716925
0.0002696938886035026
0.0002334182405884538
0.0001981554005083641
0.0001680587309370231
0.0001464259823924419
0.0001353282448186985
0.000135471962599142
0.0001461380040013181
0.0001653861122382103
0.0001902997432781686
0.0002174213752932322
0.0002431362182734022
0.0002641502126747132
0.0002779223027574522
0.0002829726096080027
0.0002790750696848421
0.0002673222956453957
0.0002499816198576086
0.0002301399283470095
0.0002112894987882889
0.0001967356899370211
0.0001891262895351398
0.0001899830719454213
0.0001994671663564133
0.0002163563861851147
0.0002382423429476841
0.0002619910609701494
0.0002842561921184905
0.0003021170757217924
0.0003135462648325119
0.00031783422464971
0.0003155469056952972
0.0003085012396701964
0.0002992962246591951
0.0002907968698052933
0.0002854751294496406
0.0002850447731681683
0.000289953043036496
0.0002994085979801872
0.0003115170800158785
0.0003237153942496438
0.0003333359740436181
0.0003381288951766284
0.000336929099964711
0.0003298140152309721
0.0003181848546108504
0.0003045615465608265
0.0002920449460149494
0.0002837040870558005
0.0002819233429428968
0.0002878610198545483
0.0003010876996721756
0.0003196258121997843
0.0003402126737258423
0.0003588679340342343
0.0003716576297315271
0.0003754656166966307
0.0003686358370096656
0.0003514067570385961
0.0003259539052421823
0.0002960997299877033
0.0002667077041678188
0.0002427958834002676
0.00022866941064897
0.0002270658480652047
0.0002385883600699607
0.0002615268061320195
0.0002920686005030433
0.0003248769271250298
0.0003540414352881167
0.0003740536868715816
0.0003808453062916622
0.0003725118316997428
0.0003497291354620225
0.000315681765378653
0.0002755645300766112
0.0002357187219590631
0.0002025472362368803
0.0001813958267234816
0.0001756385874603316
0.000186045097531589
0.0002106497736488057
0.0002450946767864253
0.0002833307890909653
0.0003186917131341222
0.0003450158580465822
0.0003577133138321013
0.0003544953541115602
0.0003357420217239693
0.0003044042509903901
0.0002654353665834885
0.0002249377505176031
0.0001890816170481851
0.0001631090969499924
0.0001505059943113374
0.0001524845408109734
0.0001679361881616128
0.0001936594157152293
0.0002251020479895933
0.0002570613131436767
0.0002845996137079688
0.0003037394948878608
0.0003120417949651794
0.0003087038168163666
0.0002946146391722682
0.000271995472377952
0.000243971746084845
0.0002140560412496678
0.0001857253992295953
0.0001620314030092879
0.0001453786055068714
0.0001373877130881923
0.0001388359761216101
0.0001496263646072418
0.000168777730765499
0.000194418237204793
0.0002238131757508718
0.0002534992701153188
0.0002795395311984714
0.0002979486357502256
0.0003052259668673378
0.0002990617094734726
0.0002788674558625458
0.0002461992970700092
0.0002049026100774354
0.0001607019025306517
0.0001205013281215736
9.12247045185018e-05
7.860630644824058e-05
8.58722934345225e-05
0.0001129679745451741
0.0001562030201198256
0.00020867545947737
0.0002613467446669198
0.0003046457980819865
0.0003303311004966462
0.0003331469369316797
0.0003120071231907013
0.0002703374064070538
0.0002155208152004565
0.0001574617611369719
0.0001066044326420052
7.178870548948542e-05
5.840882188074522e-05
6.733590817685621e-05
9.481896787762306e-05
0.0001334379526018246
0.0001738732003390776
0.0002070883530051092
0.0002264266352195739
0.0002290569984523331
0.0002164946126070178
0.0001939809123892153
0.0001688968818679777
0.0001487119353479833
0.0001387954264194525
0.0001409632921173073
0.0001529051435316753
0.0001688417285020268
0.0001812362639486792
0.0001831023698907294
0.0001703069041728734
0.0001432155737249603
0.000107174715279355
7.157995630259969e-05
4.772015152916923e-05
4.583477723393814e-05
7.218946866160034e-05
0.0001268860090462406
0.0002030888311791417
0.0002879971354925908
0.0003653634496594488
0.0004191141397229449
0.00043710162916835
0.0004142213912018543
0.000353875524917194
0.0002675323868204788
0.0001723230958740407
8.724421422926228e-05
2.888021810833856e-05
7.69026660520032e-06
2.576129710585811e-05
7.661873935997345e-05
0.0001470944396410317
0.0002207437188663503
0.0002819652892076492
0.0003196721075690869
0.0003296194633577746
0.0003147855657452691
0.0002837973007412262
0.0002479038822713093
0.0002173713579188855
0.0001984366478254918
0.0001916515445906557
0.0001920933226403895
0.0001914551082197261
0.0001812643154140831
0.0001563202723275879
0.0001172076737727418
7.105060682128452e-05
3.017276822541492e-05
8.916456328286107e-06
1.94542069503977e-05
6.779118708742434e-05
0.0001511616276863817
0.000257668350010591
0.0003683882340603924
0.0004616436454182512
0.000518136094366416
0.0005257815967184413
0.0004828529569175491
0.0003985124122945253
0.0002905007108705445
0.0001806869832652842
8.956808084084345e-05
3.124788825213528e-05
1.027976246442563e-05
2.129273558106291e-05
5.136815132001294e-05
8.454725101407619e-05
0.0001070678673015166
0.000111802521372677
0.0001005485703167435
8.343161186501805e-05
7.558790692976446e-05
9.20642679214897e-05
0.0001424476509315136
0.0002268950501926217
0.0003348190110364547
0.0004467577801354975
0.0005390407848404372
0.0005900012552347584
0.0005859734496347179
0.0005253646511762759
0.0004195724463617546
0.0002903469791583453
0.0001643190759022809
6.615770540120691e-05
1.228425349528958e-05
6.919989888712982e-06
4.16041124417339e-05
9.832086031557688e-05
0.0001553049485468554
0.0001938643862431027
0.0002041412314778399
0.000188109187828952
0.0001588948441439978
0.0001365237232270121
0.0001413797044596809
0.000187267260328
0.0002762095993199174
0.0003965988406667021
0.0005253728367894227
0.0006337784854345171
0.000695051294107168
0.0006919283526352171
0.0006217131276978685
0.0004974905954752272
0.0003449409845257215
0.0001956229162372706
7.866008309767246e-05
1.310431962910498e-05
3.197786243760442e-06
3.796872832731357e-05
9.522540262465131e-05
0.0001488144011615065
0.0001770282482218883
0.0001696254453789256
0.0001313756697111465
8.09586432764667e-05
4.546152561349151e-05
5.198763001985258e-05
0.0001187847323178121
0.0002485698077067453
0.0004260553247141114
0.0006206084960171569
0.0007934599470974032
0.0009075560647477733
0.0009373920191014498
0.0008760255823210693
0.0007371868430727834
0.0005520729603423809
0.0003611993595397489
0.0002039117919347009
0.0001082713217676044
8.409776579179484e-05
0.0001211892444775139
0.0001931765943682223
0.0002658894150195238
0.0003079115692414836
0.0003002337188682728
0.0002422905235362062
0.0001525124204068492
6.321947841476869e-05
1.12186060283906e-05
2.67209102997284e-05
0.000123744794321376
0.0002947998779527816
0.0005115155337137019
0.0007311773048247762
0.0009075598806442496
0.001003238006019624
0.0009998785090980151
0.0009037472961370625
0.0007447979051771268
0.0005694405345793965
0.0004287225137857413
0.0003651100072305826
0.0004012520131825143
0.0005337718946294177
0.0007337336456970845
0.0009537625294693724
0.001139934143576933
0.001245305342834898
0.001241667073544823
0.001126323631825058
0.0009222715708921484
0.0006717664131503733
0.0004250294222803366
0.0002272806110261302
0.0001073585939253977
7.124214189985598e-05
0.0001019984431356825
0.0001661732064270528
0.000224817783248579
0.0002460697924916145
0.0002157214065897129
0.0001427848758790483
5.820957750420568e-05
7.002276358342221e-06
3.552448585718273e-05
0.0001773971658826138
0.0004417789669446557
0.0008073949831978106
0.001224362383009294
0.001623823283352798
0.00193350070688932
0.002095503117909688
0.002082120954423952
0.001905482810913689
0.00161832235516626
0.001304928285853608
0.001064138186601553
0.0009875033003324382
0.001137722733555129
0.001532095245983578
0.002135120585511733
0.002862243058679631
0.003594348527675496
0.004200611727437514
0.004564757529923699
0.004609324201150395
0.004313018579136229
0.003717004951945247
0.002919122766827548
0.002056497237596788
0.001280269058095465
0.0007273007172109621
0.000494690862798963
0.0006215278243981183
0.001082159440038125
0.001791510689912965
0.002621508120603039
0.003425017813500359
0.004062669204565765
0.004427210047715168
0.004461065864275872
0.004163860078973683
0.003589297120009548
0.00283231767254155
0.00200979917720392
0.001238892618208961
0.0006172114929777999
0.0002086470667831358
3.688571332768715e-05
8.722957220033822e-05
0.0003153741696936249
0.0006604556343260013
0.001059274730131011
0.00145815154342253
0.00182019057775457
0.00212679105900194
0.00237375002230659
0.002563806568606228
0.002698267069798013
0.002770478140083238
0.002763657499214873
0.002654280201026285
0.002420677503106041
0.00205516923229572
0.001576582598961179
0.001039556958275059
0.0005372053774164647
0.0001946260649384462
0.0001526696745258975
0.0005432858547149031
0.001459866242754962
0.002928169670970062
0.004883446837213361
0.007160237896966931
0.009499061736668939
0.01157291911744709
0.01303240539799648
0.01356590822219606
0.01296755607592072
0.01120362956577813
0.008467527631881334
0.005211254839932535
0.002147882773356582
0.000217846334975909
0.0005196217213736606
0.004208565988301083
0.01237288983469063
0.02589948542253059
0.04534455005478268
0.07082683839205264
0.1019489306310245
0.1377788239884562
0.1768724358751902
0.217355856042678
0.25705544744445
0.293665529798642
0.3249391255909258
0.3488786454072189
0.3639142431729672
0.3690404405268058
0.3639137244171091
0.3488789132014221
0.3249394227711725
0.2936661028152086
0.2570559812084836
0.2173564281533588
0.1768730099942835
0.1377793871744226
0.1019476345113895
0.07082573384443104
0.04534485585261305
0.0258997106052533
0.01237306702965386
0.004208656313250211
0.0005196519136833997
0.0002178306138188296
0.002147846867721204
0.005211209166335357
0.00846764399426444
0.01120372406125723
0.01296754125324111
0.01356588059909398
0.01303242481027581
0.01157294568221327
0.009499097278476802
0.007160246135917983
0.004883484209918233
0.002928097396690787
0.001459825228518581
0.0005432595734107996
0.0001526714837255066
0.0001946232290538144
0.0005371972534098824
0.001039549784932947
0.001576573500698541
0.002055160765327364
0.00242067313358924
0.002654281239536923
0.002763659910890559
0.002770475951450231
0.002698270268403873
0.00256380898455341
0.002373741370877387
0.002126795324921963
0.001820198945561581
0.001458160980883151
0.001059260696681729
0.0006604397571815122
0.0003153605439106673
8.723179221111979e-05
3.688547865753386e-05
0.0002086405631899392
0.0006172023306125743
0.00123888384744293
0.002009794981201023
0.002832313061704931
0.003589333425756313
0.004163880310500893
0.004461074679596183
0.004427214058159289
0.004062680730001722
0.003425035230352394
0.002621523728621608
0.001791523748850571
0.001082150546427493
0.0006215323451795051
0.0004946942716007756
0.0007273189811701568
0.001280257947928836
0.002056491601111304
0.002919114800780236
0.003716994952026615
0.004313014808046759
0.004609324433647467
0.004564755337766581
0.004200592996251413
0.003594309443584916
0.002862221592940471
0.002135131001252624
0.001532101889488136
0.00113772690326036
0.0009875049836345997
0.001064138093560539
0.001304924216037256
0.001618310231148376
0.001905505919275142
0.002082121008848002
0.002095497976529988
0.001933509578261503
0.001623826790034163
0.001224369563889948
0.0008073989991568194
0.0004417816796550418
0.0001774010219584821
3.552530622184955e-05
7.003131692420649e-06
5.821358644094239e-05
0.0001427834137373682
0.0002157217453275954
0.000246069071286985
0.0002248189182007415
0.000166175976399143
0.0001019986285849341
7.124257693534774e-05
0.0001073601933302139
0.0002272875433616057
0.0004250388985039759
0.0006717595725729174
0.0009222739077256544
0.001126321500784838
0.001241668025155602
0.001245306021764431
0.001139936133466636
0.0009537686599647771
0.0007337221702827924
0.0005337637338761246
0.0004012507277446161
0.000365108166587873
0.0004287235339013991
0.0005694372331967652
0.0007447976526776017
0.0009037453436762312
0.0009998799289461463
0.001003242173923012
0.0009075536220234709
0.0007311711183723722
0.0005115203008066914
0.0002948039856865971
0.0001237476611110715
2.672190243380797e-05
1.121823097600176e-05
6.321822228907307e-05
0.0001525124085881446
0.0002422919599856829
0.0003002346668612374
0.0003079096085055577
0.0002658907783742378
0.0001931772229152538
0.0001211930007641153
8.409801195179923e-05
0.0001082703651177733
0.0002039099161259856
0.0003611934286342534
0.0005520809575863524
0.0007371927668380594
0.0008760257827842972
0.0009373945228695487
0.0009075552538310355
0.0007934566569776643
0.0006206125164146657
0.0004260553059037134
0.0002485734902025054
0.0001187878827014746
5.198562164551654e-05
4.546182100989366e-05
8.095752986118351e-05
0.0001313744757280792
0.0001696254060228509
0.0001770300264346659
0.0001488167420049626
9.522630223204318e-05
3.796929693258192e-05
3.197200385816503e-06
1.310589689862855e-05
7.866422182711918e-05
0.0001956226601750237
0.0003449361379059137
0.0004974908996382067
0.0006217124434262561
0.0006919281054204974
0.0006950513312125327
0.0006337809756721961
0.0005253668818736252
0.0003965943386267194
0.000276211536700495
0.0001872677176665698
0.0001413781755495004
0.0001365218285413644
0.0001588909384595708
0.0001881087469275314
0.0002041399231041014
0.0001938665815964729
0.0001553022176567515
9.831828660810322e-05
4.160408334560549e-05
6.919929195897822e-06
1.22839951483984e-05
6.61569172476898e-05
0.0001643191954398911
0.0002903469173309167
0.0004195685499466095
0.0005253695660079324
0.000585972059377274
0.0005900021263555199
0.0005390440057196922
0.0004467582831150309
0.0003348206161312309
0.0002268944057070266
0.0001424486904878027
9.206225945473953e-05
7.558903496227468e-05
8.342891067130749e-05
0.0001005472000197282
0.0001118031140504414
0.0001070691715232629
8.454777478169475e-05
5.136758157931839e-05
2.129324561401047e-05
1.028092704842305e-05
3.124827973934352e-05
8.957506004578983e-05
0.000180686421913172
0.0002905021249575477
0.0003985042861409733
0.0004828527987151964
0.0005257724517993941
0.0005181373321829269
0.0004616434360924352
0.000368392005744681
0.0002576620238111097
0.0001511650565373389
6.779045576829948e-05
1.945538390032476e-05
8.91694870861769e-06
3.017027615147667e-05
7.104931882356346e-05
0.0001172094742081854
0.0001563224296031187
0.0001812650818825485
0.0001914538067084335
0.0001920933126911767
0.0001916489948682741
0.0001984374305909791
0.0002173684556155376
0.0002479015210354141
0.0002838001492086243
0.0003147844999896977
0.0003296112783093068
0.000319670958094164
0.0002819657663607417
0.0002207450315558332
0.0001470931288089526
7.662268587344758e-05
2.576185474172896e-05
7.690471674762051e-06
2.887893784223877e-05
8.724809554645829e-05
0.0001723221658537337
0.0002675360325790148
0.0003538749420017317
0.0004142198646121663
0.0004371023172159668
0.0004191123524026394
0.0003653711219751047
0.0002879973711334231
0.0002030857515999274
0.0001268867162185118
7.218752281759617e-05
4.583448521664636e-05
4.772011908291073e-05
7.158094357627614e-05
0.0001071750689404897
0.0001432133013524886
0.0001703080257963957
0.0001831023236773475
0.0001812367754890392
0.0001688412095686948
0.0001529048962476611
0.0001409623856494477
0.0001387959486367854
0.0001487106585888434
0.0001688982978626274
0.0001939807369686362
0.0002164955154552662
0.0002290507295466911
0.0002264268497478015
0.0002070915794018034
0.0001738741396718551
0.0001334401928855671
9.48212336499604e-05
6.733796820013768e-05
5.841023196154512e-05
7.178785741535881e-05
0.0001066042144776752
0.0001574644473350938
0.0002155182496445011
0.0002703383159744964
0.0003120083963466911
0.0003331467596952956
0.0003303326565760451
0.0003046463528868849
0.000261348042462583
0.000208677832271097
0.0001562031191063647
0.000112968507869135
8.587216470810259e-05
7.860388432912545e-05
9.122081733771147e-05
0.0001205018769846536
0.0001607023732053012
0.0002049007944854899
0.0002462013789537081
0.0002788629242540732
0.0002990580803612485
0.0003052248968856936
0.0002979483971565127
0.000279542351765746
0.0002535038614374096
0.0002238139927669085
0.0001944195252145066
0.0001687767847916218
0.0001496275186590159
0.0001388369063466701
0.0001373865856877693
0.0001453797006862962
0.0001620340263863953
0.0001857249624039689
0.0002140578964991898
0.0002439688637323854
0.0002719986442819964
0.0002946136180541563
0.0003087034947799941
0.0003120437326569693
0.0003037570677508972
0.0002846010421438799
0.0002570659994223501
0.0002251009191137399
0.0001936638189465104
0.0001679365029075782
0.000152486392019013
0.0001505078365952961
0.0001631130408959967
0.0001890786165979303
0.0002249338330361059
0.0002654342232164204
0.0003044140290100614
0.0003357454064554968
0.0003544997275349206
0.0003577187404043682
0.0003450178778719017
0.000318688635059206
0.0002833331522207523
0.0002450910329532968
0.0002106502805510696
0.0001860414420269449
0.000175639383814383
0.000181395297875676
0.0002025445960659512
0.0002357193457201328
0.0002755580432172134
0.0003156799703135329
0.0003497286428192649
0.0003725104365451727
0.0003808432982657315
0.0003740533216567929
0.0003540422087363304
0.0003248788229785923
0.000292066334199895
0.0002615327696640803
0.0002385897700850814
0.0002270663442860228
0.0002286758386934593
0.0002427976335270035
0.0002667066628471522
0.0002961022524176222
0.0003259536594105929
0.0003514091354358391
0.0003686363869600626
0.0003754615010833306
0.0003716608662216413
0.0003588702514010327
0.000340214341386709
0.0003196259744327402
0.0003010875959507822
0.0002878566048202354
0.0002819182920237673
0.0002836991778515476
0.0002920436314946769
0.0003045643893381384
0.0003181826055023031
0.0003298134052093718
0.0003369321096057484
0.0003381265083630895
0.0003333186717512761
0.0003237176223500345
0.000311515178522023
0.0002994070380674673
0.000289949643847943
0.0002850419863682626
0.0002854764496797727
0.0002907970410279491
0.0002992972367685883
0.0003085022598598947
0.0003155497064125898
0.0003178335441377965
0.0003135635840690305
0.0003021194562334707
0.0002842562143242038
0.0002619890880853444
0.0002382465904062682
0.000216354616844105
0.0001994649632585386
0.0001899849610310378
0.0001891302366486866
0.0001967385835456111
0.0002112907459646076
0.0002301496094913603
0.0002499821169134501
0.0002673218803055403
0.0002790715375708337
0.0002829715530184815
0.0002779232061917406
0.0002641528523296365
0.0002431316434180282
0.0002174180329865505
0.0001903016117803214
0.0001653830891914534
0.0001461409733937771
0.0001354706228782868
0.0001353295458230693
0.0001464217813351218
0.0001680602956485959
0.000198155690394118
0.0002334119440754114
0.000269700504169258
0.0003025693548197413
0.0003279327917450228
0.0003426714886064451
0.0003452619645307079
0.0003360876427780532
0.0003175453835847156
0.0002937216172384982
0.0002697447158614338
0.0002508606549167409
0.0002414279300419207
0.0002439911104228671
0.0002586387887178962
0.0002828588431622355
0.0003119578264528547
0.0003399266035959035
0.0003607004770962258
0.0003695304286551095
0.000364078854552089
0.0003450836077842701
0.0003162497197243155
0.000283562542293173
0.0002538674169899001
0.0002332171783504963
0.0002253382085242329
0.0002305360029491566
0.0002454788626058412
0.0002637903458367351
0.0002775919023750018
0.000279500350336002
0.0002646492066854852
0.0002322735841937085
0.0001863158109512892
0.000134958251743583
8.891923189829467e-05
5.905819392456107e-05
5.36724863904374e-05
7.625069283349751e-05
0.0001242075862132686
0.0001890030871229851
0.0002577504134733653
0.0003158629819473249
0.0003503760489185132
0.0003529032732619577
0.0003217750212343658
0.0002626167893375277
0.0001872837063908126
0.0001113885019015284
5.104189802297271e-05
1.937692541588719e-05
2.397908150847042e-05
6.556215946793166e-05
0.0001381872880860714
0.0002309605650104218
0.000330610047802919
0.0004242774550263093
0.0005017421026889609
0.0005566640368215401
0.0005866743849394969
0.0005924406635574328
0.000576323752228048
0.0005411651480538489
0.0004897856117903642
0.0004253800478743796
0.0003526598435133164
0.0002790991810796488
0.0002158591826813985
0.0001774408976435582
0.000179759601207335
0.0002368897662851975
0.0003569892867878741
0.0005387010701215429
0.0007688795823961749
0.001022991829851494
0.001268561575064174
0.001470790401838733
0.001600154482845848
0.001639376965733393
0.001588349592818246
0.001465474126642097
0.001304662713999482
0.001148326977546116
0.001037857497315586
0.001003669976416158
0.001057505220395285
0.001188689260842159
0.00136594544208021
0.001543916510386737
0.001673667092322695
0.001714056802010973
0.001641469477447843
0.001455865223317599
0.001180617840884004
0.0008575139943264113
0.0005371322055802896
0.0002677120945180941
8.48801070035714e-05
5.071020361129654e-06
2.363470501635122e-05
0.0001181457842066126
0.000255422030895496
0.0004001456485229213
0.0005227792490589917
0.0006046723622771004
0.0006394700981909066
0.000630947050258663
0.0005886931673635726
0.0005234958450825324
0.0004441452894911765
0.0003568385730973536
0.0002671706789647039
0.0001835228980316196
0.0001201409476250475
9.794288594654326e-05
0.0001419202190826682
0.0002750249724663191
0.0005101086075592765
0.000841927301742525
0.001242830632676942
0.001663650165477318
0.002040910317584163
0.00231027062075211
0.002421929133356389
0.002355291822544209
0.002127907608258214
0.001795513624387087
0.001442669567975081
0.001164216974431774
0.001043083970361657
0.001128358532889587
0.001420612464031465
0.001867791783685555
0.002374719778959087
0.002823085567827284
0.003099193456860807
0.003121450128077988
0.0028616074668257
0.002354182226386497
0.001690641317031092
0.001000450925363474
0.0004225158493632423
7.386896206485801e-05
2.379858755003521e-05
0.0002785064994695888
0.0007804929361657267
0.001422533730063248
0.002071730211469186
0.002599016047326629
0.002905326534036864
0.002940493967425278
0.002709448773874461
0.002266477168073247
0.001699835902083782
0.001111663513282436
0.0005978339780738828
0.0002336347001397019
6.605262021419524e-05
0.000114079852188466
0.000373816853296337
0.0008253068960277353
0.001437707751043634
0.002171508308392933
0.002976108883431132
0.003787544492170671
0.004526468105026759
0.005102901547895116
0.005426658437877228
0.005424577239956098
0.005060636689323385
0.004353316958225393
0.00338435777488818
0.002294445673012896
0.001262945179241196
0.000475467778387179
8.345898602339562e-05
0.0001672835801542106
0.0007105920229070244
0.001595348256178321
0.002620987558263111
0.003545960052981433
0.004142965842202861
0.00425722063908465
0.003851750923854699
0.003028738011963752
0.00201828825544521
0.001134854110492112
0.000709064597822852
0.001008016501304438
0.002163780401745916
0.004126271136729442
0.006655401122455857
0.009354547834953646
0.01174590919417755
0.01336668309367888
0.013874130749104
0.01312827491107249
0.01123933240372478
0.008563697273782122
0.005647336758586217
0.00312504906456607
0.001598596883163342
0.00151247766505506
0.003059156019105031
0.006130247178742709
0.01032517596692018
0.01502053553505909
0.01947936921525222
0.02298757496001124
0.02498592388709623
0.02516840712091249
0.02353713691606725
0.02039423678911496
0.01627964858358331
0.01186826382476827
0.007842593114177055
0.004775550208895219
0.003034848051981174
0.002735299174738567
0.003738294360325954
0.00569902958753181
0.0081453401640136
0.01057355547191152
0.01253827313825866
0.01371958549168576
0.01396229433961726
0.0132785883136652
0.01182301500733905
0.009849781202828199
0.007662865318427207
0.005574153664972627
0.003870853410500121
0.002800627197415181
0.002562088890656092
0.003302463492018273
0.005108265845149609
0.007987719624784189
0.01184441781869401
0.01645255942462874
0.02143673228646634
0.02628408920562385
0.03038289606299393
0.03311046901417464
0.03394848806219254
0.03262127381385423
0.02922544773893995
0.02431502603251543
0.01891928302513789
0.01446218964090067
0.01257959721472252
0.01485144040461656
0.02248001233526312
0.03596883748193336
0.05487983405679802
0.07770411864803246
0.101946627716166
0.1243781065473701
0.1415163386655547
0.1502339477576572
0.1484155810732039
0.1355587801261196
0.1131952635778426
0.08500038407552295
0.05656573901591554
0.03474281418814554
0.02668599877034683
0.03862852039887267
0.07462543654688701
0.1354220915404091
0.2177358886405346
0.314021001889628
0.4130328771485167
0.5009976874183077
0.5635913546425251
0.588266464293475
0.5669061069533696
0.4982648141243105
0.3899529192506085
0.2594591238912313
0.1341709983468639
0.04989927866711659
0.04828075007194911
0.1728957212376393
0.4646063862921213
0.9566960456987507
1.669921739930132
2.608512929863392
3.757917239266662
5.083098861425678
6.530574508176602
8.030304659987435
9.50179088207547
10.85901049499589
12.01874256265207
12.90659769424073
13.4641824900205
13.65433058656283
