# RCS in m**2 for a L=5 cm PVC cube at 0.0 degree aspect angle
# frequency = 85.25 GHz, 
# theta = linspace(0, 6.2832, 1441)
# phi = linspace(0, 0, 1  1)
14.66917868382952
14.46119629965254
13.85144731188392
12.8812065706858
11.61505292350484
10.13505759153323
8.533469240809795
6.904775331051144
5.337849751867978
3.909023614557894
2.676728810831732
1.678145372704765
0.9281271276023585
0.4203188974859291
0.1302234317324809
0.01975111627561035
0.04263105614490836
0.1500451616566883
0.2958494610720555
0.4408443860248286
0.5557345130523059
0.6225640503760101
0.6346569104112123
0.5952447819802519
0.5151018598018308
0.4096205716312092
0.2957569620729785
0.1892609699191493
0.1025191455103025
0.04321010457236411
0.01385069076434535
0.01216931934356928
0.03214267698052929
0.06544916135515066
0.1030726224797805
0.1367909054161238
0.1603382660958657
0.170106330932093
0.1653335685425969
0.1478155955534923
0.121249038973369
0.09035678198472796
0.05996345276564166
0.03418064551238516
0.01581807977962703
0.006094599441418626
0.004651965889699875
0.009835874652441484
0.01915892782751833
0.0298433851458339
0.03933908360956816
0.04572964777506036
0.04797092953753743
0.04594193194977574
0.04032458802956981
0.03235866963192283
0.02353214043460162
0.0152758021440736
0.008714790028388474
0.004515915361626509
0.002844704356941926
0.00342228312888921
0.005654801975119376
0.008797592994801977
0.01211598923857163
0.01501148462627133
0.01709329209761116
0.01819543383589924
0.0183418267713534
0.01768728538540329
0.0164470574666221
0.01484113050246603
0.01306076453074989
0.01126095036921345
0.009574529427020643
0.008131627896607846
0.007075487026935843
0.00656105868597787
0.006733526142326434
0.007690334467469813
0.009436879244597341
0.01185081116339795
0.01466899851648651
0.01750697588502933
0.01991102876965951
0.02143776336892966
0.02174259818196256
0.02065994340238378
0.01825314811645487
0.01481959632861064
0.01084885541028614
0.006936192696169515
0.003669807473105881
0.001516466343160553
0.0007280318269678295
0.001292282836988604
0.002938429548665573
0.005197696567379283
0.007505378322074338
0.00932243523364929
0.01024888902874941
0.01010546721654447
0.008963018401544866
0.007116034871750266
0.005006434285110504
0.003116573757547213
0.00185624219849124
0.001469525113148814
0.00198445532853581
0.003213638144028425
0.004805898452736087
0.006334513474386109
0.007400714989505089
0.007726810525365501
0.007218192086991573
0.005980403268075301
0.004288195266815928
0.002516766244024545
0.001052096141119334
0.0002029037392114273
0.0001338498109175763
0.0008355070344641546
0.002135265885782712
0.003744123209724037
0.005326619205174293
0.006575438190274901
0.007273515576894755
0.007329775715542113
0.006783698118356769
0.005780277390298327
0.00452506382987245
0.00323256544075809
0.002080802172295275
0.001183129421442825
0.000580465298903385
0.0002529547819193562
0.0001440728869821946
0.0001877325280308939
0.0003299294414333294
0.0005387681011844191
0.0008021955049211019
0.001115689052915934
0.001467323387126887
0.001826280535633538
0.002140497837154108
0.002345343209400632
0.002381006083961973
0.00221323614579428
0.001849769958019903
0.001346843424791997
0.0008017687582546013
0.0003324974759570908
4.912617866544026e-05
2.489603583307203e-05
0.0002750296376338168
0.0007500468983934805
0.001345856489959162
0.001929070489537146
0.002370717943929993
0.002579681541793444
0.002526819956883741
0.00225292072498145
0.001858269594298962
0.001476556098549061
0.00123961328692839
0.001242577577865368
0.001518556129986393
0.00202922771502297
0.002673937786401469
0.00331408213040525
0.003806938778014254
0.004039832091737401
0.003955235417900166
0.003562492899009232
0.002932371769441639
0.002177446396259823
0.001424234179734549
0.0007841125371481026
0.0003310069863167323
8.981223168774961e-05
3.855444474207422e-05
0.0001211482372552919
0.0002667999517923592
0.000409930392057376
0.000505264316584742
0.0005347840973894367
0.0005056594900447962
0.0004413186505755648
0.0003694160106682163
0.0003108708497640654
0.0002734382974943368
0.0002513808724557187
0.0002307422594750803
0.0001976516699733926
0.0001463500426332892
8.414373465370482e-05
3.086867546423171e-05
1.34652064105232e-05
5.70509557504957e-05
0.0001756365971339827
0.0003655349320883128
0.0006040904565137378
0.000854170749297027
0.00107358367504393
0.001226689643453896
0.001294880343179572
0.001282658500526629
0.00121732138211133
0.001142367854714641
0.001105829682626595
0.001147069636006801
0.001285327414357586
0.001513279552531849
0.001797545116250732
0.002085773113585966
0.002318694583453352
0.002444167191780679
0.002429340177898216
0.002268136202361664
0.001982336661410911
0.001616225814814454
0.001226197493037014
0.0008683216542607333
0.0005869023471985552
0.0004064607926245528
0.0003291683097657386
0.0003374314884457543
0.0004006516403906748
0.0004841186902894254
0.0005574256961868251
0.0006005802922654789
0.0006063473641774833
0.0005791376048493374
0.0005308053454033728
0.0004753465642998319
0.0004240581457631607
0.0003823626382458077
0.0003492687281400382
0.000319072545076496
0.0002845824472172191
0.0002406946605265135
0.0001869806438343316
0.0001285499155276982
7.495203118292741e-05
3.737708861585603e-05
2.523364368104129e-05
4.300220081906908e-05
8.84608930739905e-05
0.0001527051970414743
0.0002221635689015269
0.0002818173721227257
0.0003189309788159714
0.0003262210445012844
0.0003035493723429967
0.0002578172462438874
0.0002011049673941826
0.000147497074590975
0.0001095870770377299
9.546272606089006e-05
0.0001070501055040826
0.0001399918628487527
0.0001852106926021962
0.0002316242601925565
0.0002691209855245636
0.0002912218182260981
0.0002965959820485739
0.000289193386711595
0.0002768732081850069
0.0002691724591011072
0.0002745869329854385
0.0002982172216085561
0.0003403393421701088
0.000396227060794254
0.0004571934748915413
0.0005127245112371568
0.0005528499316997497
0.0005706463532497509
0.0005636382919763077
0.0005345620417736858
0.0004905246195502843
0.0004415618024664315
0.000398357046710908
0.0003700127342906612
0.0003621784683862221
0.0003760253957983892
0.0004081085202950302
0.0004512694652883906
0.0004961715857776543
0.0005332121572367689
0.0005542849244994181
0.0005542607064347045
0.0005317014766065827
0.0004888677411834533
0.0004310335419844726
0.0003654647243858266
0.0002999489915158287
0.0002416048532060263
0.0001958329077029548
0.0001657558109745198
0.0001520349065816586
0.0001531793007050774
0.0001660221576987035
0.0001864515697451012
0.0002100408097350417
0.0002327029815332637
0.0002510629515606254
0.000262727144890553
0.0002663802718394136
0.0002617646252332212
0.0002495606448140472
0.0002312598010577595
0.0002089804577957664
0.0001852452196680953
0.0001627569004348625
0.000144144799307176
0.0001316664166697871
0.0001269640097018261
0.0001308241944311706
0.0001430473734450848
0.0001624506689655017
0.0001869511463412361
0.0002138753144032926
0.0002402634468747661
0.0002633410282877166
0.0002808580933336509
0.0002914827038191623
0.0002948638690639394
0.0002917767523033538
0.0002838608336548342
0.000273388896681192
0.0002628141365092537
0.0002544641209504188
0.0002501038693112521
0.00025072959089982
0.0002564646794963239
0.0002666145806233149
0.0002798575604161318
0.0002944756899799699
0.0003087221873174379
0.0003210713119687383
0.0003304052775735227
0.0003361893762610278
0.000338423295821017
0.0003375807173730772
0.0003344677710430809
0.0003300299285271088
0.000325170671596284
0.0003206460491011593
0.0003169887118950038
0.0003144403022058364
0.0003130599039412752
0.0003127268179121548
0.0003132319283168219
0.0003143315403882544
0.0003157792483789148
0.0003173559459619608
0.0003188483805253749
0.0003200460223174722
0.0003207418479927612
0.0003207594240446826
0.0003199182228504264
0.0003181544282612282
0.0003154989971556364
0.0003121252042770429
0.0003083161903435734
0.000304438479043017
0.0003008590568482134
0.0002978614821821403
0.0002955636944784782
0.0002938680204188957
0.0002924548435267096
0.0002908722536348836
0.0002886332978451053
0.000285366758331194
0.0002809946687914814
0.0002757815973598842
0.0002703953079235722
0.000265798531313614
0.0002630484857444198
0.0002630213541628393
0.0002661833199234651
0.0002722827535835116
0.00028027193773982
0.0002883718054036553
0.0002943347857285002
0.0002958515113981378
0.0002911244584569688
0.000279364775116106
0.0002611767101134675
0.0002387417826963295
0.0002155952616321012
0.000196153788631792
0.0001848129069763335
0.0001851270261219151
0.0001987845706308509
0.0002250135118530921
0.0002602974957361798
0.0002988013015543646
0.0003331203069490117
0.0003557292403705991
0.000360495046308444
0.0003441491824577513
0.0003073308021802442
0.000254979932733735
0.0001958141783373481
0.000140987203354003
0.0001020748819517714
8.875039616318439e-05
0.000106564621885334
0.0001554163391959266
0.0002289969130330314
0.0003154787840634234
0.0003994279382578561
0.0004646249240136092
0.0004973300301990071
0.0004892129506543381
0.0004395546248221519
0.0003558515040946326
0.0002529049695356962
0.000150298198855829
6.862871538186046e-05
2.544343107085453e-05
3.142691853947851e-05
8.79195161584747e-05
0.0001861663680343245
0.0003086957918702279
0.0004325284158959246
0.0005337047713856587
0.0005921379883077782
0.0005958276356901309
0.0005434937293227592
0.0004450039990532101
0.0003194454332448196
0.0001912200367867454
8.497422207270062e-05
2.043658285876609e-05
8.321564423182834e-06
4.818731824728776e-05
0.0001287378209238082
0.0002305120097096749
0.0003303180618583779
0.0004064342261156312
0.0004433129647440681
0.0004347701059978122
0.0003849260511963761
0.0003066734254704771
0.0002182156609547775
0.0001383984257703274
8.217375826446345e-05
5.722610856062136e-05
6.260250833724957e-05
8.970812046219705e-05
0.000125233331415975
0.0001552636605390017
0.0001694233683762211
0.0001638735773942805
0.0001423315044310987
0.0001148591972452771
9.46863894731766e-05
9.399191901105393e-05
0.0001198422600758737
0.0001714541229515328
0.000239690284103911
0.0003089930001229523
0.0003613401890611237
0.0003812741386856706
0.0003604776312097684
0.0003007462232124382
0.0002143303797788465
0.000121443133384873
4.539433278853722e-05
6.682501234154398e-06
1.748530475781905e-05
7.81156871586057e-05
0.0001764579026061856
0.0002906762506140788
0.0003945130092649153
0.0004639164690949514
0.0004831800319716045
0.0004490041823396337
0.0003712641254202683
0.0002703136614625902
0.0001714637071146968
9.812970246155794e-05
6.556160047799838e-05
7.683545722695766e-05
0.0001223160218443911
0.0001827434165611635
0.0002350778996823789
0.0002595016887730429
0.0002455973258552087
0.0001957611516899368
0.0001249680123281044
5.679569477240542e-05
1.659873427097426e-05
2.407082729288784e-05
8.697932639322359e-05
0.0001981182356203264
0.0003363717620697959
0.0004717838071796295
0.0005732290622511178
0.000616599979595021
0.0005913403794381056
0.0005032965157691709
0.0003731478230427386
0.0002308615071130689
0.0001076243478840233
2.756253292831805e-05
1.644449630896821e-06
2.541723690829393e-05
8.124139998435178e-05
0.0001443293128425438
0.0001907408967800106
0.0002049407018584467
0.0001846556874846237
0.0001414956325667525
9.714690265030911e-05
7.622035844971549e-05
9.794619389885292e-05
0.0001692270985283092
0.000281298747808074
0.0004111371626023685
0.0005273691027231574
0.0005991091390707809
0.0006051054580804853
0.0005405252021218574
0.0004192219836704988
0.0002706879481335091
0.0001323142899296292
3.924419139241292e-05
1.451394797366701e-05
6.252432238700513e-05
0.0001676974385434701
0.000298900201007312
0.0004183683333740207
0.0004926376322485183
0.0005023700190461092
0.0004480446356795814
0.0003500005743533579
0.0002424968472060855
0.0001636692966724609
0.0001441394323166039
0.0001976598112650978
0.0003165596440394765
0.0004733688369178503
0.0006282642473234292
0.0007401778499524899
0.0007783993867918272
0.0007313709130642931
0.0006099456999326976
0.000444268880921037
0.0002751796105421073
0.0001426048995024294
7.435251809857742e-05
7.859868876181353e-05
0.0001422930582165391
0.0002358620798773378
0.0003228779581722321
0.000371673735266134
0.0003654158489372468
0.00030762755073847
0.0002213183595127062
0.0001419944115039722
0.00010654372630373
0.000141300628924478
0.0002529316797172873
0.0004249253170245163
0.000620989308749705
0.0007944540631616297
0.0009010690897991576
0.0009116090203486574
0.0008204509518670093
0.0006476941289026439
0.0004339938808786413
0.0002295112756493852
8.011501279846549e-05
1.480713698695204e-05
3.79228730469886e-05
0.0001285759530201193
0.0002474342143518822
0.0003489939905787934
0.0003957680034405241
0.0003703028286453142
0.000281367191137716
0.0001623760399119241
6.234017754331836e-05
3.167187485377252e-05
0.0001069133017307523
0.000298646890322986
0.0005862239291452721
0.0009209432489304348
0.001237182887773373
0.001468529401906394
0.001564738113222403
0.001504913905534322
0.001303344844307049
0.00100636092606263
0.0006809616681445238
0.0003982489239368351
0.0002159503893156591
0.0001647554648216994
0.0002417900817449213
0.0004129997193691475
0.0006234808081127852
0.000812797686886619
0.0009312003366723631
0.0009521236139063688
0.0008778735331324648
0.0007370161975765509
0.000574611947754409
0.0004380686408155669
0.0003629018806906877
0.0003624268539678428
0.0004244026488527406
0.0005155389386812448
0.0005926060407617015
0.0006169928061901587
0.0005682896305270129
0.0004530627550553398
0.0003057969348449421
0.0001814436155066815
0.0001411457923561245
0.0002348345444193567
0.0004852864560165
0.0008780980910326855
0.001360829112763326
0.001851973426619114
0.002258191198280561
0.002495853802755269
0.002511741137668064
0.002297829411836941
0.001896064160454132
0.001391725944195718
0.0008965072380320521
0.0005245083259235816
0.0003671734508088793
0.0004723689704785306
0.0008326881024403234
0.001385779534873221
0.002026719901283422
0.002629793789221184
0.003074887529759705
0.003272583898900998
0.00318256866711752
0.002821043018770662
0.002256289526473288
0.001592863840186526
0.0009485919486605589
0.0004294972299657447
0.0001082898409341883
1.090391099719971e-05
0.0001140477275176899
0.0003538079818386303
0.000642929129623959
0.0008927608239191703
0.001034397439576089
0.001034300075437928
0.000900860230070962
0.0006805377152670776
0.0004447368754480015
0.0002705914693718112
0.0002204369987397097
0.0003248054452537129
0.0005732060272115998
0.0009149817198531449
0.001270399160776362
0.001549500110326914
0.001674770483491138
0.001602170968392746
0.0013358472915807
0.0009325001773605384
0.0004938852921834031
0.0001484078695283863
2.479311591659234e-05
0.0002233807281510848
0.0007906982888943051
0.001703010402646355
0.002862941751661045
0.004110845632126731
0.005249906821416339
0.006081002397232259
0.006441601062322178
0.006241399504277168
0.005488100055775471
0.004297467230670855
0.002884848011649584
0.001538106459470886
0.0005751321458928385
0.0002919892256962943
0.0009096369385171708
0.002527993772629739
0.005094785173529234
0.008396831660203484
0.01207520657817137
0.01566540920716885
0.01865810855903893
0.0205742015744154
0.02104417974641577
0.01988234626805999
0.01714535513482724
0.01316655373775939
0.008561314249022151
0.0041975085653616
0.001136601301919048
0.0005467584582676305
0.003596922258861671
0.01134179286922576
0.02460857111958737
0.04389681513635466
0.06930161150138019
0.1004693173146797
0.1365807969238144
0.1763900053598466
0.2182828468835548
0.2603746572053662
0.3006332874368591
0.3370133870989674
0.3675999683359636
0.390739355886923
0.4051597730644668
0.4100575092325564
0.4051595169178709
0.3907396283919132
0.3676002042898457
0.3370140864148343
0.3006338732321767
0.2603754220253872
0.2182834069347411
0.1763906503706011
0.1365792597414845
0.1004679775946912
0.06930201669082904
0.04389714203289927
0.02460880604391867
0.01134195353216858
0.00359700878777167
0.0005467726341419092
0.001136578821122547
0.004197454689641758
0.008561493723890137
0.01316672101974736
0.01714530064347502
0.01988230869976896
0.02104418169152138
0.02057423513751365
0.01865815114797766
0.01566541801436401
0.0120752563269003
0.008396697970312183
0.005094666744273598
0.002527901885305312
0.0009096515031752231
0.0002919905383084653
0.0005751239395708229
0.001538088516349504
0.002884832083127332
0.004297445429277535
0.005488089128032478
0.006241407679814977
0.00644160084070661
0.00608100826174457
0.005249919665265672
0.004110865842125738
0.002862962010395963
0.001703024247453465
0.0007907100269649649
0.0002233856767082306
2.479186949044315e-05
0.0001484183390218922
0.0004939004710325155
0.0009324932643527028
0.001335846372268544
0.001602161898331961
0.001674764041756927
0.001549502040348416
0.001270398460389659
0.0009149865183301846
0.0005731896587741804
0.0003247990874253168
0.0002204357627315901
0.0002705898066753948
0.0004447356501437341
0.0006805339255302539
0.0009008558537235059
0.001034299499442648
0.001034394979874001
0.000892762446596328
0.0006429157370981195
0.000353796002591998
0.000114050785805726
1.090407605025113e-05
0.0001082882025946111
0.0004294966767112903
0.0009485792101652671
0.001592857036510583
0.002256283041519562
0.002821057689721371
0.003182555833887586
0.003272599777098028
0.003074895593496421
0.002629805804001527
0.002026732110906285
0.001385790833884409
0.0008326970620978801
0.0004723710465299598
0.0003671713318212954
0.0005245145821740797
0.0008965229098817341
0.001391755582570973
0.001896055669080901
0.002297824501241448
0.002511740548839865
0.002495856036784108
0.002258196371764572
0.001851980679283846
0.001360832875154033
0.000878078193894095
0.0004852734311434514
0.0002348364807026921
0.000141146462545147
0.0001814423470410256
0.0003057950889809131
0.0004530636713390683
0.000568289598756446
0.0006169967874083254
0.0005926125935569242
0.0005155339347248341
0.0004244030943901845
0.0003624281872935669
0.0003629023088835736
0.0004380671539992776
0.0005746104718265383
0.0007370116103328041
0.0008778673687741759
0.0009521258052285092
0.0009312003863782066
0.0008127907838298978
0.0006234728264922126
0.0004130030755902806
0.0002417923979770767
0.0001647564283923435
0.0002159500623929323
0.0003982418557408027
0.0006809560841344865
0.001006352534518167
0.001303352616445908
0.001504919936215313
0.001564738542937837
0.001468534029372374
0.001237187259648428
0.0009209484488144501
0.000586228287120296
0.0002986508677516177
0.0001069132688535197
3.167174931719564e-05
6.234235221011357e-05
0.0001623824119047979
0.0002813668927833581
0.0003702964859167005
0.0003957618049566812
0.0003489938630028552
0.0002474342703092126
0.0001285789804499676
3.792424219578971e-05
1.480840557261479e-05
8.011992033262518e-05
0.000229508362900393
0.00043399172657767
0.0006476947493024909
0.0008204422925083999
0.0009116090609523381
0.0009010689468152666
0.0007944569318880122
0.0006209964874280172
0.0004249173654431426
0.0002529265375792641
0.0001413021365910675
0.0001065436036236595
0.0001419943552733896
0.0002213182106154657
0.0003076282505141691
0.0003654169632631053
0.0003716732255159999
0.0003228766791661263
0.0002358588604280425
0.0001422892647666677
7.859838834803286e-05
7.435178141773235e-05
0.000142604832265986
0.0002751788644912564
0.0004442662896256023
0.0006099456246545273
0.0007313817246959189
0.000778400840214684
0.0007401729414271408
0.0006282671238082037
0.0004733723602137685
0.0003165615289453775
0.0001976614126315459
0.0001441376554555786
0.000163669824233882
0.0002424956599366225
0.0003499996743109504
0.0004480488701183496
0.0005023676459331596
0.0004926374303120596
0.0004183676416227832
0.000298902873881518
0.0001677004144840415
6.252435174592197e-05
1.451415750302089e-05
3.924317757231971e-05
0.0001323205042443193
0.0002706928602210802
0.0004192278840039772
0.0005405241846471293
0.0006051036117757296
0.0005991092806479501
0.0005273647114322431
0.0004111384641472957
0.0002812940488572203
0.000169230033463567
9.794278621316782e-05
7.621933568163953e-05
9.714588753742754e-05
0.0001414912796351766
0.0001846546770098699
0.0002049428444501505
0.0001907387840062692
0.0001443252911508283
8.124221099929657e-05
2.541424394616289e-05
1.644318818793328e-06
2.75637086298562e-05
0.0001076170795496805
0.0002308614464665078
0.0003731466920170039
0.0005032970321586972
0.0005913463451038721
0.0006166008282396001
0.0005732211004389705
0.000471787078659682
0.0003363677163519156
0.0001981206271151474
8.69805998682733e-05
2.407341428780108e-05
1.659832612505433e-05
5.679755495335004e-05
0.0001249695920728466
0.0001957624619849818
0.0002455969640894778
0.0002595054929068467
0.0002350785431754702
0.0001827440325163515
0.0001223204128745905
7.683607031901218e-05
6.55627654622524e-05
9.812944544160862e-05
0.0001714621142956151
0.0002703112176580287
0.0003712703045589951
0.0004490046296247246
0.0004831911923837107
0.0004639162858739265
0.0003945147145618022
0.0002906718718753047
0.0001764635955026626
7.811082047919062e-05
1.748608439302817e-05
6.682974585082895e-06
4.53944262881185e-05
0.0001214464637903716
0.0002143293234197496
0.0003007421590155878
0.0003604550953114682
0.0003812731421140431
0.0003613389236075956
0.0003089923390876138
0.0002396861936232574
0.0001714538759222886
0.0001198421401722188
9.399272008930361e-05
9.468532455644349e-05
0.0001148575771147321
0.0001423313506241129
0.0001638700695305099
0.0001694235522464041
0.0001552610744183642
0.0001252322078810834
8.970687866964752e-05
6.260407955465773e-05
5.722568572511382e-05
8.217491244203789e-05
0.0001384020183478855
0.0002182185684737436
0.0003066632518881266
0.0003849300688254261
0.0004347754687593726
0.0004433146602596186
0.0004064418420535405
0.0003303244773398568
0.000230517398689822
0.0001287386544816947
4.818935732550683e-05
8.321947965364242e-06
2.043734304485944e-05
8.497167260226148e-05
0.0001912250095993287
0.0003194459381298197
0.0004450081070462035
0.0005434920780997697
0.0005958278535043654
0.0005921396243427606
0.0005337076316984344
0.0004325243236390534
0.0003086956598521868
0.0001861634272693423
8.791887935139424e-05
3.142507783406213e-05
2.544262865003921e-05
6.863338757951872e-05
0.0001502942119479835
0.0002529099905321007
0.0003558531163451874
0.0004395518175444306
0.0004892153790793896
0.0004973285802164553
0.0004646294485750755
0.0003994297898474885
0.000315475395671359
0.0002290019041383507
0.0001554173788437018
0.0001065668169410787
8.87494471561268e-05
0.0001020757639009886
0.0001409864065720005
0.0001958160565874679
0.0002549793507136713
0.0003073321313239302
0.0003441520147959779
0.0003604978264753297
0.0003557319362217305
0.0003331196154061675
0.0002988032329439338
0.0002603148548625194
0.0002250152222068737
0.000198790905589356
0.0001851240365387035
0.0001848137729729733
0.0001961539979437178
0.0002155972435237492
0.0002387424126941407
0.0002611830221116256
0.0002793632654585599
0.0002911292905944162
0.0002958527681905115
0.0002943367281808944
0.0002883773069697505
0.000280273724033895
0.0002722834846297655
0.000266184188800785
0.0002630196015402196
0.0002630462377664032
0.0002657970083731508
0.000270393557334865
0.0002757824889034791
0.0002809960078270176
0.0002853671251615831
0.0002886306661523539
0.0002908737239000814
0.0002924523486770103
0.0002938673089493142
0.0002955648256054962
0.0002978596525252703
0.0003008567037746719
0.0003044375337742752
0.0003083178652667157
0.0003121229298040628
0.0003155005066409871
0.0003181563481251654
0.0003199181483051422
0.0003207615578004953
0.0003207453199067325
0.0003200478162467216
0.0003188480216277979
0.0003173560317266142
0.0003157779636561052
0.0003143281653012799
0.0003132340261284914
0.0003127254361742106
0.000313065125048131
0.0003144427520231044
0.0003169888340403061
0.0003206461333877503
0.000325167369164069
0.0003300299666874481
0.0003344610812053927
0.0003375759051458372
0.0003384161636157983
0.0003361849607937823
0.0003304043297615097
0.0003210672544739713
0.0003087230329282675
0.0002944698968868208
0.0002798514396498893
0.0002666132962432991
0.0002564608031388995
0.0002507288133652526
0.0002500998042143657
0.0002544618620344414
0.0002628132649965784
0.0002733895005121642
0.0002838592971137954
0.0002917724689178238
0.0002948691263585899
0.0002914785157567744
0.0002808676402847051
0.0002633444781903465
0.0002402639182835669
0.0002138732613897843
0.0001869559913635227
0.0001624496007278246
0.0001430446441718827
0.0001308222628558003
0.0001269650462292938
0.0001316684155711284
0.0001441453060214686
0.0001627608681751947
0.0001852439013959672
0.0002089807971722874
0.0002312626906650036
0.0002495589658416568
0.0002617659971451689
0.0002663842577525877
0.0002627255063375598
0.0002510673519736979
0.0002327025932504736
0.0002100389895785019
0.0001864444404561937
0.0001660194458089821
0.0001531832760898463
0.000152033901173405
0.0001657533627716505
0.0001958314615855424
0.0002416008610749501
0.0002999463965083185
0.0003654541418135231
0.0004310331830133042
0.0004888370954099241
0.0005316987797796384
0.0005542666169689382
0.0005542888454091219
0.0005332092234914085
0.000496179977470914
0.000451267223472747
0.0004081092484793219
0.0003760245393758584
0.000362191156273969
0.0003700080778126942
0.0003983533438868658
0.0004415640127444401
0.0004905275244236766
0.00053455516712765
0.0005636442085778071
0.0005706505121617142
0.0005528545667645
0.0005127125590442239
0.0004571965079133866
0.0003962232918692354
0.0003403534401079818
0.0002982160443418786
0.0002745848460081221
0.0002691740202678879
0.0002768714672571395
0.0002891873961156687
0.0002966019152785924
0.0002912241659813148
0.000269120210181618
0.0002316205149564671
0.0001852076693934212
0.0001399874827912259
0.0001070493613876246
9.546385606997435e-05
0.0001095873893599576
0.0001474987049501584
0.0002011048327877983
0.0002578154413163354
0.0003035467829772909
0.000326223800089077
0.0003189311996454936
0.0002818117911293544
0.000222165858416829
0.0001527009797941325
8.846086770141948e-05
4.301241945367157e-05
2.523429403101764e-05
3.737546679734435e-05
7.495250131017004e-05
0.0001285473134635202
0.0001869696216649744
0.0002406948657546241
0.0002845837383422572
0.0003190677354135531
0.0003492702769585063
0.0003823652935891808
0.0004240579497296244
0.0004753475633079984
0.0005307991649346001
0.0005791343991701163
0.0006063511755715977
0.0006005742400497862
0.0005574282802889637
0.0004841107742108755
0.0004006615268623071
0.0003374324116168005
0.0003291665039524667
0.0004064586057908717
0.0005869031776213909
0.000868320505800929
0.00122622001455526
0.001616253582202019
0.001982341412403533
0.00226813874818048
0.002429342858076393
0.002444179403242598
0.002318695063604348
0.002085752973052723
0.001797561470874594
0.001513267707606396
0.001285318720808742
0.001147061589944377
0.001105836586315592
0.001142367883674559
0.001217331011906129
0.001282658314129053
0.001294873897905161
0.001226689534700055
0.001073572059636122
0.000854170913839984
0.000604091655522934
0.000365538038615406
0.0001756292714600433
5.705963494273141e-05
1.346409231808426e-05
3.08665818576061e-05
8.41436716912171e-05
0.0001463572033681761
0.0001976532218398957
0.0002307474262370839
0.0002513798034171281
0.0002734402457853152
0.0003108698991597765
0.000369418446521501
0.0004413141525985297
0.0005056595339208763
0.0005347976656282898
0.0005052637348070593
0.000409920783354326
0.0002668079209815314
0.000121148549364851
3.85620982595596e-05
8.981469582511273e-05
0.0003309920441271185
0.000784112546350363
0.001424260392304171
0.002177445674949207
0.002932382237377032
0.003562485477585684
0.003955234599511391
0.004039837840531999
0.003806963244316861
0.00331412375780046
0.002673944523233162
0.002029286135866112
0.00151855614151707
0.001242554258708463
0.001239611147381697
0.001476577882473695
0.001858265696435492
0.002252919612460873
0.002526836625723876
0.002579684552798612
0.002370712269554498
0.001929070418011645
0.001345816100338886
0.000750038586004053
0.0002750194435477008
2.489904754756914e-05
4.913244178508359e-05
0.0003324835723539891
0.0008017715472529035
0.001346822401143242
0.001849769748072563
0.002213247710585379
0.002381005927986948
0.002345348135871272
0.0021405046205343
0.00182628526773223
0.001467343703365129
0.001115673154363714
0.0008022049204486784
0.0005388192831071155
0.0003299278028227976
0.0001877327109063066
0.000144077271061883
0.0002529629207607433
0.0005804757250521917
0.001183104081094911
0.002080812621872913
0.003232499712560176
0.004525099489906512
0.005780215779004817
0.006783698125205496
0.007329811836445799
0.00727351536125906
0.00657543498605271
0.005326618626149605
0.003744045427706307
0.002135332913670557
0.0008354960053399747
0.0001338564482658424
0.0002029035237526799
0.001052160066127606
0.002516766088601348
0.004288288477706738
0.005980411948423627
0.007218228605926149
0.007726706599724385
0.007400721750531201
0.006334594637088993
0.004805884706835969
0.00321373798516379
0.001984455352653158
0.001469513398697058
0.001856223436344774
0.003116689479960598
0.005006357137280847
0.007116065017580445
0.008962944601711136
0.01010550477410805
0.01024889041709184
0.009322435175695528
0.007505298332584825
0.005197712195281741
0.002938352482031316
0.001292275903657976
0.000728034315596049
0.00151644709324764
0.003669856832265953
0.006935998635348758
0.01084891888285544
0.01481968484484653
0.01825299714005833
0.02066005739220802
0.02174248928792587
0.0214376598415121
0.01991107186434737
0.0175069175049626
0.01466913960740551
0.01185076979413784
0.009436903727865587
0.007690334208773266
0.006733449280978378
0.006560969550943722
0.007075509178202401
0.008131583536371055
0.00957453407479358
0.01126091336073883
0.01306081067789292
0.01484105697223534
0.0164470578030283
0.01768724748343179
0.01834179852310159
0.01819525468393318
0.01709332037634124
0.01501102385505358
0.01211605451440896
0.008797561333293322
0.00565493071694047
0.003422283157324473
0.002844700333839258
0.004515836202791276
0.008715094424567218
0.01527570235005839
0.02353229445821874
0.03235823307060178
0.04032458166865283
0.04594187049943851
0.04797086207499448
0.04572980871800214
0.03933908669562889
0.02984297495463712
0.01915905394207058
0.00983557961527518
0.004652046762349633
0.00609477446747048
0.01581765471778784
0.03418091669665582
0.05996182989498816
0.09035679000630414
0.1212502736589252
0.1478154669114546
0.1653337748515918
0.1701065046745054
0.1603376656786362
0.1367919385728533
0.1030721663745458
0.06545072939922414
0.03214248746922699
0.01216881662176036
0.01385062118182549
0.04321197159363266
0.1025179154304843
0.1892635500977302
0.2957538942320131
0.4096226025779611
0.5150974804215185
0.5952448270457668
0.6346564772570678
0.6225640161462214
0.5557305201690715
0.4408466770809419
0.2958439412086796
0.1500488631671363
0.04262958014435814
0.01974981509840618
0.1302253027333388
0.4202993164197017
0.9281262800736949
1.678187196769159
2.676713984068731
3.909073176879324
5.337813176550531
6.904814056200028
8.533410518565425
10.13508183753214
11.61498509705406
12.8812087945948
13.8514887010513
14.46119395469571
14.66917872693238
