# RCS in m**2 for a L=5 cm PVC cube at 0.0 degree aspect angle
# frequency = 90 GHz, 
# theta = linspace(0, 6.2832, 1441)
# phi = linspace(0, 0, 1  1)
6.53325033623352
6.409570001521935
6.04965885037265
5.485607327262339
4.766666728307553
3.953539587162513
3.111433298111317
2.302912612376481
1.581341138115608
0.9858365885660576
0.5382586915335003
0.2425304769688968
0.08623851629361762
0.04413924709555708
0.08295974383154578
0.1667385744820764
0.261915574883995
0.3414822057716091
0.38768183388425
0.3930123229069125
0.3595619754737389
0.2969457003840326
0.2193299637480905
0.1421082325726997
0.07882039815424947
0.03879762059087759
0.02585928963813965
0.03817777825823405
0.06921599686677475
0.109460234975521
0.1485547447628097
0.177405518026352
0.1898551157334568
0.1836495274089842
0.1605642924541509
0.125730616008906
0.08634776389513361
0.05007846217504217
0.02346429112549809
0.01066976424526233
0.01278928479547797
0.02781571132535537
0.05124041664877431
0.07712663996565591
0.09941158807601404
0.1131600023185323
0.1155153114961739
0.1061710888101825
0.08728895262876814
0.06290899977282501
0.03800154579551572
0.01737618694295754
0.004680574780393006
0.001697386794254147
0.008071061740143187
0.02150131835947287
0.03834011376024497
0.0544427143476644
0.06608243323044827
0.07072605063104195
0.06751217408232801
0.05734321519658574
0.04259133750477821
0.0264973036869272
0.01241745864819642
0.003080877163496312
2.733035570293306e-05
0.003337457004037949
0.01169807220717157
0.02277395247078874
0.03378161875273719
0.04213243642078724
0.04599166332692772
0.04463719651859372
0.03854650663335395
0.02921029912416027
0.01873113423995081
0.009312309371498496
0.002758308374031193
0.0001032320691097486
0.00143921288331492
0.005972462618301651
0.01227546601742573
0.01866262267770936
0.02359136644851135
0.0259956211750491
0.02547659989721158
0.02232245122108636
0.01736597872266842
0.01173117446866316
0.006540616477717345
0.002658153161687582
0.0005245543137835505
0.0001171244753549578
0.001026888225110014
0.00261993780762504
0.004230998089222518
0.005335251475207969
0.005655979416895174
0.005189515296590207
0.004151752322444765
0.002874327448544303
0.001686301311147743
0.0008196714908929199
0.000362605287548544
0.0002682277470514863
0.0004070087684665075
0.000639374938786868
0.0008793251746233436
0.001126563746509027
0.00145698437929668
0.001976865743713399
0.00275957693723037
0.003789764866791926
0.004937931513995128
0.00597819411696458
0.006645577711897835
0.006718701763795055
0.006099418689420948
0.004863862888346736
0.003264720639415326
0.001679893417871563
0.0005194064739761462
0.000114728526180971
0.0006230180724284716
0.001974560173751255
0.003880506734760957
0.005900962158813373
0.00755650172984732
0.008452143179309488
0.008380374934335563
0.00737502606026668
0.005699473810581924
0.003775546302148905
0.002070426755349099
0.0009752393305262667
0.0007069075512435001
0.001260039969369208
0.002419511205804394
0.003828062186564165
0.005087253477011714
0.005863960648318123
0.005970822593672779
0.005403099569131108
0.004322787341030969
0.003000106366991574
0.001731339462808894
0.0007583425164955861
0.000212009465689432
9.343129315638318e-05
0.0002937473806482548
0.0006424325925011372
0.0009665949221941928
0.001141774212029352
0.001120030743310727
0.0009298353028148383
0.0006510498253614263
0.0003774508794260101
0.0001807316565746099
8.892135059204883e-05
8.511156015596109e-05
0.000125087394554683
0.0001652289043456246
0.000188596124156684
0.0002184617497806271
0.0003132542691102119
0.0005442618956802666
0.0009638399007865821
0.001576155096318373
0.002321680904817938
0.003082552391748671
0.003709271214719765
0.004060831297492228
0.004047048470162345
0.003658726964962826
0.002975996023808367
0.002151436054302317
0.001371692533930596
0.0008086610361280954
0.0005741277169334768
0.0006915315736158484
0.001092162901687866
0.001636978799463069
0.002156933752018527
0.002500147674483015
0.002571588928931214
0.002355334742943976
0.00191283456707708
0.001360416210127791
0.0008325544897002957
0.0004435467585660745
0.0002578914024482408
0.0002778011292670576
0.0004495829742592129
0.0006854747139367468
0.0008928648512777068
0.001001640767873465
0.0009813893091947191
0.0008447297159240176
0.0006371163042330372
0.0004180026247931603
0.0002404583636491851
0.0001359386230019781
0.0001085167406210755
0.0001393691390842386
0.0001986828825013618
0.0002597714873723938
0.0003099954134702646
0.0003544682985253653
0.0004116470149892467
0.0005028780380683009
0.0006401372610518772
0.0008170536063671721
0.001006848611862312
0.001168451608767522
0.001259286615056023
0.001250208584846236
0.001137908947608283
0.0009500025414658918
0.0007406682108179286
0.0005777099124911896
0.0005242098634516531
0.0006204870951102357
0.0008713201493069866
0.001242518725260194
0.001667903774783461
0.002064933994937446
0.002354657040463323
0.002480512850851983
0.00242110046712286
0.002193718907837037
0.001848159704898398
0.001452735727946239
0.001077028691625895
0.0007758126039000293
0.0005782548780108887
0.0004847725474491311
0.0004715115110433077
0.000500454562957462
0.0005317850031906
0.0005347957541495035
0.0004947099945745339
0.0004139469936747541
0.0003082899294501934
0.0001998124871399232
0.0001090984951665805
4.909801541960675e-05
2.237141196342631e-05
2.19237561542138e-05
3.505432815626909e-05
4.840820571872919e-05
5.257825137160577e-05
4.465231271611178e-05
2.824706711168056e-05
1.113998310732071e-05
1.64394367989375e-06
5.090510715892762e-06
2.163338743977474e-05
4.61173626249861e-05
6.996624946121209e-05
8.437057855447701e-05
8.360462743221039e-05
6.737584091829862e-05
4.129136722285185e-05
1.536214723209135e-05
9.129465624608482e-07
6.930345376925405e-06
3.698190990945133e-05
8.771597166535722e-05
0.0001494245181431792
0.0002086027728227111
0.0002517221972386474
0.0002692340471100177
0.0002585459905618337
0.0002251943851847628
0.0001817709779017418
0.0001449087477468271
0.0001311448601921928
0.0001526257640548821
0.0002139031156424782
0.0003105676631592503
0.0004300728466482312
0.0005545125650996181
0.0006646503238178801
0.0007441677992821006
0.0007831836974473904
0.0007801399290436997
0.000741856015217877
0.0006815553515386602
0.0006158063083180602
0.0005607786053806894
0.0005288927920860314
0.0005265529587437784
0.0005533007060590137
0.0006026155648363206
0.0006637102317403865
0.0007242512300288689
0.0007729576872982663
0.0008017393490392865
0.0008068484737250213
0.0007891368471135753
0.0007530623190217969
0.0007055009676108729
0.000653823259158591
0.000604589683744565
0.0005623556658376294
0.0005292820221121268
0.0005052640020036733
0.0004885063934214486
0.0004763597675621812
0.0004661350007311871
0.0004557330338700125
0.0004439402574439102
0.0004305001569635976
0.000415816387509756
0.0004006221553302104
0.000385591105104536
0.0003710216471337283
0.0003568142596852175
0.0003424263513685606
0.0003271526450796244
0.0003103546852019741
0.0002917179009159597
0.0002714852510493806
0.0002504473998214172
0.0002299140657138626
0.0002114785469784432
0.0001967592984144857
0.000187058568280811
0.0001831275448671845
0.0001849144030053659
0.0001915621039305144
0.0002014152027483831
0.0002123000656596639
0.0002217815076622337
0.0002275902156680513
0.0002280032985121733
0.0002221679147665072
0.0002103184172955064
0.0001938263170684968
0.000175020456036587
0.0001568747536844119
0.000142515642269003
0.0001346631156168821
0.0001351050899325581
0.0001443013989001593
0.000161195923070292
0.0001832802988032315
0.0002069771357007297
0.0002282021315864606
0.0002431133180974574
0.0002488356897627748
0.0002440459710422081
0.0002293337107338908
0.0002071589066979653
0.0001815183823887104
0.000157226472589227
0.0001390469885383003
0.0001307809696203609
0.0001344838902339112
0.0001500362880407243
0.0001750465639985648
0.0002052435216839784
0.0002352376375148375
0.0002595266632133091
0.0002735147464520353
0.000274419508721531
0.0002618737324529008
0.0002379809570395552
0.0002070266668099977
0.0001746244869880897
0.0001467586629584342
0.0001285665770522442
0.0001234513359741438
0.0001324057459758293
0.0001538305779797209
0.000183840206634404
0.0002169900060720549
0.0002472866745814671
0.0002692784352453376
0.0002790204087267574
0.0002747773210138921
0.0002572628195498147
0.0002294786198761076
0.0001961260479074991
0.0001627714014262734
0.000134880844397732
0.0001169269201812038
0.0001116886451524264
0.0001198608330426183
0.0001400196580726919
0.0001688955358351359
0.0002018912761847312
0.0002338280075557223
0.0002596402072990067
0.0002751327276275014
0.0002775513974802172
0.0002660348195617939
0.0002417462563102658
0.0002078736503835475
0.0001692631602359845
0.0001318523222014604
0.0001018789603597976
8.490556214899704e-05
8.488018297076162e-05
0.000103267813318364
0.0001385102314730157
0.0001859399001091365
0.0002382424530320161
0.0002864871953753219
0.0003216475477355999
0.0003362978729950564
0.0003262437442760801
0.0002917235596926938
0.000237802535329595
0.000173816403522141
0.0001118809417444156
6.462708455012796e-05
4.260527069134837e-05
5.193257701724664e-05
9.264490194842697e-05
0.0001582860929825765
0.0002368502606007497
0.0003130488380129078
0.00037141784338699
0.000399628568014121
0.0003913328290853604
0.000347692943829157
0.0002774129022104417
0.0001948936304765406
0.0001171750660652034
6.013220453969825e-05
3.488933216120864e-05
4.529616062585836e-05
8.710931777767217e-05
0.0001490982141113948
0.0002158049776386715
0.0002713375448233453
0.0003031660751006697
0.00030510397390247
0.000278533603776699
0.0002317473795496144
0.0001774597614469057
0.0001292622006744887
9.794218803263772e-05
8.865681589414202e-05
9.982741285724151e-05
0.0001238945063950213
0.0001498819517082986
0.0001668644088780163
0.000167450890336462
0.0001501116102023275
0.0001197964145553405
8.647686480147367e-05
6.214309348982422e-05
5.69956449091939e-05
7.609400754588119e-05
0.000117399565486634
0.0001719052417453138
0.0002258877931134889
0.0002646519502204661
0.0002767754409998463
0.0002575303172816115
0.0002104751679002755
0.0001467377634508999
8.204365500083506e-05
3.242173195822155e-05
9.753640408525615e-06
1.850742858971234e-05
5.462048512843921e-05
0.0001068687860103591
0.0001603206382067943
0.0002007896433349999
0.0002189664469683749
0.0002129621797201237
0.0001883968585302314
0.0001562012565534987
0.0001286411541274124
0.0001150502698748214
0.0001185922788569129
0.0001351729722618345
0.0001549726314861675
0.0001660704383287303
0.0001590988039926721
0.0001312821689843253
8.848295671603885e-05
4.438524074197301e-05
1.685266715390416e-05
2.248304771140658e-05
7.09541081668503e-05
0.0001609921113392872
0.0002793430365596039
0.000403315195432759
0.0005062753235081409
0.0005646748826404222
0.000564502463339759
0.0005052906076945404
0.0004004184728318367
0.0002735157745343965
0.0001520282000472611
5.983031011266417e-05
1.109220449380215e-05
7.129778770340185e-06
3.722047632100812e-05
8.296645388397461e-05
0.0001247605426703883
0.0001482509773592481
0.0001487181825770818
0.0001320059382110198
0.0001117332080202408
0.0001038034711263062
0.0001201261362101858
0.0001636635035382473
0.0002266203882573877
0.0002924044098914729
0.0003408475203292722
0.0003549502579200662
0.000326912262464925
0.0002614215951087319
0.0001748661187058591
9.073035142879272e-05
3.247330451097248e-05
1.620081138156128e-05
4.553155069420113e-05
0.000110394547872417
0.0001902392862096308
0.0002607077363539256
0.0003015634940294646
0.0003034196812991643
0.0002707827833558395
0.0002205600383208517
0.0001762638123965158
0.0001598231207652764
0.0001837286984189765
0.0002461035216619042
0.0003305296114987104
0.0004108161301055239
0.0004593107731206684
0.0004561828532337074
0.0003965221309117637
0.0002929450854918092
0.0001726772866981536
6.974929791975066e-05
1.482112855805132e-05
2.568150508187622e-05
0.0001015080657713469
0.0002228117528888928
0.0003570888819388984
0.0004686318898719907
0.0005292205465395552
0.0005265439300905174
0.0004675859736462938
0.000375874255687361
0.0002836597641376713
0.0002213143345030684
0.0002076506438198367
0.0002440287644398467
0.0003143298430002049
0.0003906667950804922
0.0004429361027982411
0.0004491020147897569
0.0004026748682883473
0.0003150283701898455
0.00021163857687624
0.0001236059567885446
7.716977386810609e-05
8.4834144944809e-05
0.0001410489908595693
0.0002240985738203984
0.0003035607003830638
0.0003510216942079231
0.0003503904255178532
0.0003043530238550699
0.0002345331073863494
0.0001751279437072089
0.0001617470773655794
0.0002190609763113756
0.0003511947624945226
0.0005382453379361766
0.000740267643982499
0.0009078828023515316
0.0009964126422814564
0.0009792180807820751
0.0008561947011510962
0.0006545052667751242
0.0004212892919359063
0.0002102913670854159
6.652352886491439e-05
1.355593989258163e-05
4.736896889875989e-05
0.0001387035152232151
0.0002431860100105888
0.0003161175423943367
0.0003272960479217623
0.0002712430354725093
0.0001694863695109464
6.410945686058253e-05
4.381485100090045e-06
3.061814520072454e-05
0.0001602175719498755
0.0003803432468072791
0.0006497175268374508
0.0009092428974601562
0.001098471198748567
0.001173081400539773
0.001118191940199963
0.0009533460788513796
0.0007277019763038151
0.0005064867621922912
0.0003528124805094672
0.0003099431328051228
0.0003892174962120286
0.0005671888554423685
0.0007926664457008314
0.001001604363418688
0.001135458533200482
0.001157490349142403
0.00106238811773391
0.0008764330775365794
0.0006483788117269325
0.0004339537364225921
0.0002788219416745908
0.0002053071180288425
0.0002069145902896797
0.0002524229712157026
0.0002982361507897834
0.0003051410171284601
0.000254109836710928
0.0001559270591366377
5.119505265010341e-05
3.628536873893217e-08
6.405330753314834e-05
0.0002856232464628726
0.0006706334055174621
0.001180434772671231
0.001736152540245491
0.002235192487190058
0.00257655871495603
0.00268846310868469
0.002550745356196107
0.002205767576814606
0.001753674804978745
0.001332288687977136
0.001085574611183207
0.00112806644265354
0.001513798402780509
0.002218134069958319
0.003137365613286681
0.004107265884975933
0.004937164884115732
0.005451981793661026
0.005532884500112981
0.005146765545674364
0.004357912708001303
0.003317853979307785
0.002236054699331994
0.001337040179491033
0.0008133539006981789
0.0007847107016682499
0.00127206585939155
0.00219234210426799
0.003374864330706092
0.004595440814240731
0.005621640806879507
0.006258360453708319
0.006385214945967796
0.005977880647707288
0.005109648326159504
0.003933996721677296
0.002652233033832139
0.001473947199902044
0.0005784403806287207
8.498129549758924e-05
3.658470801716455e-05
0.000400119250493966
0.001080329572765283
0.001943718560768582
0.002846101556691383
0.003657704911071214
0.004281062566763985
0.004659131044105634
0.004773943170149592
0.004638430031297505
0.004285396810177549
0.003757923704979117
0.003104358644119995
0.002379035962736974
0.001647616057016963
0.0009936547896865866
0.0005221276299316455
0.0003555374474087064
0.0006200073087265397
0.001421189271830457
0.00281335496856739
0.004767851342067732
0.007149061938641533
0.009706717467879572
0.01209155864671944
0.0138979221152629
0.01473201813691742
0.01429900761592137
0.01249695134903902
0.009501570009544829
0.005825340413048398
0.002335074550137857
0.0002172402716885959
0.0008869356919691359
0.005844995242549035
0.01649634600453687
0.03395038307438391
0.05883062904537856
0.09111251151145093
0.1300344954846159
0.1740763118502753
0.2210303893501876
0.2681604795216384
0.3124310474013713
0.3507873181446963
0.3804536597567469
0.3992119248707428
0.4056287163522048
0.3992113903499732
0.3804539746450664
0.3507879321298
0.3124314715918987
0.2681611687610815
0.2210311240946141
0.1740769540848487
0.1300351291592873
0.09111107817662428
0.05882953786277213
0.03395066473855632
0.01649654644276934
0.005845102465423321
0.0008869743489655157
0.000217221229049714
0.002335027889032902
0.005825293706027565
0.009501512841775049
0.01249705385376948
0.01429905346007193
0.01473203362152939
0.01389793997531323
0.01209159591777557
0.009706754950378848
0.007149103216747436
0.004767866676375735
0.00281338056544641
0.001421139090592129
0.0006199852267173495
0.0003555364607492827
0.0005221226806537524
0.0009936453130133809
0.001647606137984884
0.002379027011652736
0.003104348843353383
0.003757916161746161
0.00428538156544951
0.004638439965310761
0.004773937781879257
0.004659132833260675
0.004281073481492543
0.003657716687083354
0.002846103754897041
0.001943732726305316
0.001080343156324162
0.0004001269178563943
3.657757651702702e-05
8.499387176177121e-05
0.0005784705330761487
0.001473928484454755
0.002652202760878671
0.003933955932778337
0.005109634878595816
0.005977871610377669
0.006385226128574599
0.006258374853998075
0.005621603623075835
0.00459538809541623
0.003374809617867357
0.002192359505175041
0.001272076208867609
0.000784715405900381
0.0008133489821061892
0.001337028952690335
0.002236050194455154
0.003317831213938098
0.00435796014614255
0.005146804561720456
0.005532878615529056
0.005451988604164517
0.004937175284050883
0.004107282440106162
0.003137386606527525
0.002218144684408879
0.001513801842911282
0.001128054987016179
0.001085592836268515
0.001332294891188388
0.001753666802705988
0.002205755987852903
0.002550753647198524
0.002688465151388367
0.002576567137960998
0.002235186117654771
0.001736153238901197
0.001180420993253175
0.0006706116184991229
0.0002856092941532362
6.405659979188586e-05
3.625335815875621e-08
5.119434971305766e-05
0.0001559257747491155
0.0002541082461463098
0.0003051414897814894
0.000298235812018071
0.0002524196791753441
0.0002069127887715893
0.0002053065411485025
0.0002788216217597421
0.0004339514215634043
0.0006483718190059062
0.0008764282242824318
0.001062385243808659
0.001157490069572829
0.001135453403358164
0.001001595997081989
0.0007926587269238526
0.0005671905326589832
0.0003892197691110254
0.0003099435206885064
0.0003528120965391975
0.0005064803972323946
0.0007277003151615254
0.0009533461813586914
0.001118191350271411
0.001173080632386807
0.001098468739065195
0.0009092383419770206
0.0006497194425133153
0.0003803481246263071
0.0001602207130756284
3.061950219092029e-05
4.380685111410176e-06
6.410725209896132e-05
0.0001694896716767609
0.0002712445766543637
0.0003272957770301189
0.0003161169283094328
0.0002431887883100151
0.0001387058962068481
4.736981427723058e-05
1.35554793290543e-05
6.652350293677944e-05
0.0002103000758624475
0.0004212996877310677
0.0006545111402625045
0.0008561926108890423
0.0009792195413785836
0.0009964202093095326
0.0009078791414609417
0.0007402708820991024
0.0005382499315410845
0.000351200665875537
0.0002190565119091224
0.0001617469621727897
0.000175127890136785
0.0002345308725804102
0.0003043504856512372
0.0003503897206831365
0.000351022282170101
0.0003035606949847002
0.0002241006289964062
0.0001410535400083375
8.483136498927562e-05
7.717032507018343e-05
0.0001236041178040155
0.0002116381160669406
0.0003150286126704739
0.0004026742774944071
0.0004491036489778338
0.0004429399770746398
0.0003906686371220941
0.0003143272559602716
0.000244028036144125
0.0002076509178462266
0.0002213158959229268
0.0002836567518788601
0.0003758741360876319
0.0004675814713954437
0.0005265440101301036
0.000529220578609844
0.0004686325023222801
0.0003570835515448196
0.0002228051653542792
0.0001015084176114439
2.568223465274352e-05
1.482128170246946e-05
6.974755317240435e-05
0.0001726747733860431
0.0002929463176056924
0.0003965201645313518
0.0004561834948231739
0.0004593135964260929
0.0004108126099944145
0.0003305298821488712
0.0002461048483540413
0.0001837286967998976
0.0001598227461852815
0.0001762637355120616
0.0002205597155477452
0.0002707824176299742
0.0003034175551143039
0.0003015651717286548
0.0002607062818856235
0.0001902411819247042
0.0001103945608607578
4.553310400360242e-05
1.620236198426306e-05
3.247421207294758e-05
9.073414853434292e-05
0.0001748640959013184
0.0002614278778397944
0.0003269126889450302
0.0003549489497118105
0.0003408512004195176
0.0002924031051031775
0.0002266192255080481
0.0001636647887305068
0.0001201227579831367
0.0001038025859136873
0.0001117331839727129
0.0001320042864745628
0.0001487163175100397
0.0001482499345499912
0.0001247605682757421
8.296415711124243e-05
3.722106229129539e-05
7.129041995510336e-06
1.109272064435373e-05
5.983686993979702e-05
0.0001520234450497839
0.0002735200973116878
0.0004004199019537096
0.000505290341901051
0.0005644996277588598
0.0005646755547608356
0.0005062717069883118
0.0004033166478457155
0.0002793363118002864
0.0001609931654014263
7.094938175412664e-05
2.248400197252533e-05
1.685197047500874e-05
4.438308822718242e-05
8.848222391919957e-05
0.0001312830804145618
0.0001590965629910696
0.0001660730501496186
0.0001549710551830011
0.0001351740315363558
0.0001185905274890437
0.0001150506460756589
0.0001286390742224664
0.0001561993334274825
0.0001883943034932913
0.0002129576532237501
0.0002189651813590394
0.0002007894058443238
0.0001603201542077348
0.0001068728830230058
5.461841256370015e-05
1.850710687372678e-05
9.753698026324711e-06
3.242022495385487e-05
8.204373634957528e-05
0.0001467406012071705
0.0002104761763842268
0.000257532339336466
0.0002767780723933755
0.0002646512951542228
0.0002258879756317341
0.0001719054706536874
0.0001174014777538146
7.609246046192193e-05
5.699548412133768e-05
6.214368265789777e-05
8.647999661626745e-05
0.0001197958722573237
0.0001501156861623204
0.0001674517522063278
0.000166869737916005
0.0001498813661973986
0.0001238952911007561
9.982734664875486e-05
8.865998209690472e-05
9.794379353223019e-05
0.0001292616552878573
0.0001774584876497543
0.0002317448024995616
0.0002785347913218596
0.0003051040560308275
0.000303163657778512
0.0002713482612753172
0.0002158079138363904
0.0001490933969043608
8.711230648718215e-05
4.529397636402095e-05
3.488860999002439e-05
6.013203077859998e-05
0.0001171712528057822
0.0001948942987777414
0.000277409057981409
0.0003476953359125163
0.0003913284833858345
0.0003996291634803461
0.0003714180575867756
0.0003130520278678729
0.0002368496137183328
0.0001582881132373193
9.264405597364979e-05
5.193466788349166e-05
4.260548236299491e-05
6.462521214329882e-05
0.0001118814505279257
0.0001738193848624619
0.0002378008116950476
0.0002917252540625043
0.0003262463053925629
0.0003362978453019989
0.0003216528710342629
0.0002864897289269119
0.000238246346439601
0.0001859437157031328
0.0001385086430897583
0.0001032695703220896
8.48802766224773e-05
8.490737783085843e-05
0.0001018770487508993
0.0001318538948345436
0.000169263867769686
0.0002078732074011619
0.0002417477699538092
0.0002660373372504944
0.0002775601499568148
0.0002751319076044517
0.0002596381511483897
0.0002338261673969291
0.0002018953463204306
0.0001688934708188583
0.0001400205470123313
0.0001198601814487494
0.0001116846053426671
0.0001169270472772682
0.0001348802998523402
0.0001627692785886413
0.000196127090331136
0.000229478193241616
0.0002572622209657303
0.0002747793042298852
0.0002790212152588127
0.0002692761920496248
0.0002472862636249833
0.0002169881568504086
0.0001838384371402645
0.000153829437992408
0.0001324058506505649
0.0001234519106747451
0.0001285664208352642
0.0001467571714805522
0.0001746275385498408
0.0002070246049065078
0.0002379836887201065
0.0002618736968084482
0.0002744229047011255
0.0002735125361680548
0.0002595306332393626
0.00023523657646785
0.0002052449094152474
0.0001750419522358458
0.0001500361878868459
0.0001344819951696482
0.0001307774744568425
0.0001390469856346433
0.0001572269573256019
0.0001815184616666758
0.0002071614834660388
0.0002293339435092771
0.0002440458165241135
0.0002488342367505088
0.000243118818232719
0.0002282024372369717
0.0002069761906788746
0.0001832796913932042
0.0001611936711453043
0.0001443028547540963
0.0001351027959203048
0.0001346615036094958
0.0001425201916485351
0.0001568756148845934
0.0001750205270117713
0.0001938260051433228
0.000210319351554498
0.000222164976257438
0.0002280108819299536
0.0002275897272029363
0.0002217839410928646
0.0002122982157070416
0.0002014171275126505
0.00019155944652846
0.0001849157637294901
0.0001831286990592161
0.0001870636334166226
0.0001967590785318032
0.000211478538858687
0.0002299087390953331
0.0002504456367794252
0.0002714838941658056
0.0002917164181027001
0.0003103484221072937
0.0003271520897764212
0.0003424261940431311
0.00035681161625433
0.0003710241117352074
0.000385588019269551
0.0004006228343818137
0.0004158153234090269
0.0004304979143080958
0.0004439349530383214
0.0004557308373974927
0.0004661346362471741
0.0004763587208023779
0.0004885089925172437
0.0005052663596492995
0.0005292809357439365
0.0005623553711502978
0.0006045914880560545
0.0006538293739423255
0.0007054989758525891
0.0007530638365784527
0.0007891350926719995
0.0008068490505085077
0.0008017350381244488
0.0007729477044035833
0.0007242503274284247
0.0006637046469767311
0.0006026100561477087
0.0005533109363267793
0.0005265473978687116
0.0005288895085719898
0.0005607838810830764
0.0006158058667320307
0.0006815513695277199
0.0007418548458081295
0.0007801390396983326
0.0007831853489963234
0.0007441684528484043
0.0006646630033701074
0.0005545156293595316
0.0004300701466547428
0.0003105697839103576
0.0002138969122770431
0.0001526251544675829
0.0001311446793538022
0.0001449085871689134
0.0001817716924187575
0.0002251914627264001
0.0002585470684207175
0.0002692350351554148
0.0002517238457700938
0.000208594787040177
0.0001494252736268927
8.771262943307894e-05
3.698501155367384e-05
6.929407231633615e-06
9.126370823311341e-07
1.536230602087931e-05
4.12917694137914e-05
6.737631697199737e-05
8.360449847593824e-05
8.436791086987384e-05
6.996443356365724e-05
4.611636105866814e-05
2.163286069214909e-05
5.090621086649021e-06
1.644520775136749e-06
1.113653562399564e-05
2.824637750890828e-05
4.465176814297068e-05
5.257686655191287e-05
4.841011229455921e-05
3.505278342929135e-05
2.192519207927771e-05
2.237193615589493e-05
4.910590766773835e-05
0.0001090962329065895
0.0001998112426636337
0.0003082977743333333
0.0004139474246351773
0.0004947241947137397
0.0005347908849985107
0.0005317900675365381
0.000500459275605274
0.0004715103598985954
0.0004847691441011362
0.0005782548946136646
0.000775825246154707
0.001077021650785116
0.001452750169735439
0.001848161514211736
0.002193761365569876
0.002421084806315727
0.002480507206087694
0.002354673760241062
0.002064935548821603
0.001667934471458179
0.00124252887414901
0.0008713063451976132
0.0006204929201028318
0.000524219902654544
0.0005777071680437597
0.0007406765341460595
0.0009499939703078345
0.001137907819157816
0.001250207274594943
0.001259286292756851
0.001168447708165855
0.001006851487433704
0.0008170457040659208
0.0006401342677665535
0.0005028722505573266
0.000411649805994421
0.0003544684082852757
0.0003100163886142466
0.0002597714261692873
0.0001986762143592704
0.0001393691336709889
0.0001085179337621848
0.0001359388882704943
0.0002404649542572094
0.0004179801142787737
0.0006371245331967239
0.0008447505658620792
0.0009814061914699933
0.001001645707959425
0.0008928648645042086
0.0006854473562746549
0.0004495780998574523
0.0002777950762478921
0.0002578838383142008
0.0004435512050571162
0.0008325350292332362
0.001360413779638522
0.001912794821888876
0.002355335056654567
0.002571597511769259
0.002500139738776068
0.00215690227424308
0.001636976810608032
0.001092146497865393
0.0006915373427775369
0.0005741288854000065
0.0008086386789290672
0.00137169258026319
0.002151472927001684
0.00297599548153421
0.003658757545396008
0.004047039747003794
0.0040608307819706
0.003709280106712255
0.00308254702286613
0.002321710858948068
0.001576159600367409
0.0009638690692460304
0.0005442622415982266
0.0003132430830262273
0.0002184633466961835
0.0001885927238774613
0.0001652314185888853
0.0001250879247344768
8.511180593794573e-05
8.892268691298754e-05
0.0001807274245164836
0.0003774511981724941
0.000651056717681985
0.0009298324753305374
0.001120032082851674
0.001141779823421524
0.0009665811283205834
0.000642449327663736
0.0002937429948330079
9.343231207691797e-05
0.0002120095150376539
0.0007583825853113875
0.001731339410285697
0.003000205857614313
0.004322766488979193
0.00540311810889094
0.005970826556069055
0.005863925080067054
0.005087276481914029
0.003828007307161889
0.002419567906785068
0.001260039665751185
0.0007069159158442973
0.0009752328489625196
0.002070483252014367
0.003775457525051399
0.005699528530952897
0.007374977607149499
0.008380402513286462
0.00845215784664775
0.007556501541374444
0.005900857929793646
0.003880515208282411
0.001974486110050744
0.000623035663736172
0.0001147267911418746
0.0005193838050153752
0.001679915349317764
0.0032646076386257
0.004863862458898209
0.006099494949909686
0.006718698458161546
0.006645555973856634
0.00597821750529742
0.004937929212205548
0.003789741054115805
0.002759537734258242
0.001976911958130043
0.001456997713664588
0.001126596175958939
0.0008793255494200891
0.0006393636017819216
0.0004070136707269128
0.0002682136935043409
0.0003626049393463344
0.0008196849161792509
0.001686253918353938
0.00287437621837639
0.004151696522614635
0.005189516466764938
0.005655983088390664
0.005335259128722326
0.004230945278794608
0.002619945405769062
0.001026848245841747
0.0001171339738191164
0.0005245606721120209
0.002658040223828665
0.006540700456700869
0.01173142838046037
0.01736590660743624
0.02232265867671843
0.02547650405982048
0.02599550706191799
0.02359149123740631
0.01866242328835433
0.01227580178776133
0.005972422502402411
0.001439346399630675
0.0001032323181064913
0.002758557010302922
0.009312203956554122
0.01873151398003159
0.02921002332900554
0.03854658585226066
0.04463690356758404
0.04599164380663774
0.04213269235127375
0.03378161503772115
0.02277341016395861
0.01169831608491147
0.003337202583974146
2.733644625507001e-05
0.003081007823149647
0.01241718548452719
0.02649769055485589
0.04259060924889833
0.05734321334704352
0.06751230880932269
0.07072595493128205
0.06608210869000225
0.05444296513605755
0.03833960369381693
0.02150190448795128
0.008070865791190164
0.001697457817322941
0.004680591509196671
0.01737524384432863
0.03800146122161411
0.06291018349352742
0.08728845832977263
0.1061717162342447
0.1155152245685155
0.1131598742929735
0.09941244265882342
0.07712628231643452
0.05124169555912525
0.02781571539360462
0.01278886395080459
0.01066972369886566
0.02346489324745544
0.05007771081126233
0.08634876073436315
0.1257294714974511
0.1605645954587411
0.1836488271334511
0.1898550187704746
0.177404412778557
0.148555131982291
0.1094583826630635
0.06921672757773054
0.0381771618755835
0.02585932973923225
0.03879809474554354
0.07881792042019083
0.1421086580747791
0.2193259187067696
0.2969454515884604
0.3595640201940402
0.3930121117187124
0.3876806969061612
0.3414840151128514
0.2619138190620269
0.166742047608163
0.08295905138690085
0.04413956840664898
0.08623844856520713
0.2425409564149887
0.5382537102598876
0.985855824472982
1.58132521771383
2.302931851142371
3.11140376718743
3.953550912691062
4.766630895500114
5.485608209832115
6.049682455510704
6.409567074832
6.533250394191012
