# RCS in m**2 for a L=5 cm PVC cube at 0.0 degree aspect angle
# frequency = 89.5 GHz, 
# theta = linspace(0, 6.2832, 1441)
# phi = linspace(0, 0, 1  1)
7.187363523772596
7.052152972012471
6.658544904329944
6.041228042075901
5.253504996521333
4.36119336344978
3.435202830124291
2.543845223005737
1.745761662395886
1.084407668979066
0.5846921548271609
0.2520848535787338
0.074173116997441
0.0242832916313202
0.06654676284307608
0.1616192236436137
0.2722136241679236
0.3677075541398844
0.4272586117823571
0.4411298598499699
0.410223980822515
0.3440654325360503
0.2577293526284464
0.1682885500871014
0.09141216275400491
0.03864678042878703
0.01575804120562934
0.02230076991806745
0.05236288180924793
0.0962334551103127
0.1426063656815181
0.1808693133289723
0.2030545830544271
0.2051173702706139
0.1873640790181496
0.1540170751418058
0.1120650117332629
0.06967726430713206
0.03450694590971057
0.01222937916475612
0.005571250820798715
0.01398789201205967
0.03400708177625443
0.06012695338754391
0.08605373965014634
0.1060125526902271
0.1158655641604494
0.1138279985752504
0.10066273544555
0.07934676889143422
0.05431235207511883
0.03044165559427888
0.01203564582462477
0.001970963666940465
0.001206091770261973
0.008717639354324156
0.02185402542151501
0.03700514182009233
0.05043045426869572
0.05905876053562108
0.06109414164265757
0.05630900867893258
0.04598430066044928
0.03252506465275188
0.01886376014266862
0.007783499092315651
0.001320017194229744
0.0003663142093510131
0.004551927754916831
0.01240919802263736
0.02176913808358711
0.03028804667890813
0.03597679064940615
0.03761734761841284
0.03497946698513907
0.0288037690407188
0.0205689325634839
0.01211178461015487
0.005193231151761078
0.001114785849574121
0.0004645979520999382
0.003043254916280762
0.007970849646953463
0.01393675924489127
0.01952278467871979
0.02352228058157102
0.02517958890358536
0.0243068321720243
0.02125982638268991
0.01679604394017486
0.01185978809642264
0.007351730120024874
0.003939608450418067
0.001949081120432395
0.00134968592152251
0.001825671477157051
0.00290228474461381
0.004087489702868154
0.004990979211096129
0.005393833100705571
0.005259673949801605
0.004695666918733748
0.003882976905023587
0.00300513852206874
0.002195102763143241
0.001515302426944115
0.0009699740358365652
0.0005395896614493622
0.0002187032097867685
4.043246698759681e-05
7.607235979697001e-05
0.000409019608111208
0.001092440004179199
0.002107129768913485
0.003337284318352111
0.004577014536158658
0.005569945754148278
0.00607409540694265
0.00593369516651226
0.005136058617531468
0.003834183828096378
0.002324677705164614
0.0009836678665206713
0.0001747811825289839
0.0001540811616313561
0.0009975489120180314
0.002572301494100134
0.004561219789838254
0.006535925438087491
0.008060257470195915
0.008796815310021577
0.008589428204491635
0.007499193724396496
0.005786087185555911
0.003840380026799196
0.002084416054239191
0.0008694952841325547
0.0003951652255667996
0.0006710325546617944
0.001528009049184706
0.002673517911786119
0.003774059986417956
0.0045402601805741
0.004793850329379947
0.004499287510143236
0.003755938983503081
0.002756280245493971
0.00172551915076656
0.000860505222410826
0.0002848316402021124
3.038083206019074e-05
4.631166054479963e-05
0.0002292623875179722
0.0004624944769725549
0.0006509048217661807
0.0007424151004298128
0.0007309877024880306
0.0006444173553600616
0.00052359629253893
0.0004028660602451316
0.0002985396580230176
0.0002094242827818782
0.0001275121956474234
5.298088432837414e-05
6.028259291906658e-06
2.926180158075828e-05
0.0001780246964539288
0.0005009895590508484
0.001017405302117886
0.001699429888558204
0.002466912096920536
0.003198620470533756
0.003758100369499196
0.004027799477589191
0.003941808601061786
0.00350715452441568
0.002806953454661771
0.001982964605773079
0.001202324474830774
0.0006170292308174009
0.0003271973848651029
0.0003580253955969879
0.0006568098908189158
0.001110005364053161
0.001575455083453516
0.001919945984402289
0.002052592584081263
0.001944208176996947
0.001629578520078874
0.001192089965697894
0.0007374453397829019
0.0003637422206548943
0.0001368941429645103
7.747811138988208e-05
0.0001613274696931655
0.0003322532724040279
0.000521660465507835
0.0006687285514215545
0.0007352967982589554
0.0007119261713671542
0.0006147772542733911
0.0004757857228181083
0.0003303098660656582
0.0002066241302967911
0.0001203225569919991
7.454722464912442e-05
6.478296829934432e-05
8.535454212276248e-05
0.0001345562449119019
0.0002161642029206674
0.0003366667379507667
0.0004995375901877284
0.0006991114665344718
0.0009169558480362858
0.001122694314801872
0.001280048318796529
0.001356383992166074
0.001333198382621017
0.001213937868232364
0.001026389046492916
0.0008182797212965866
0.0006467963973439482
0.0005645893120698718
0.000605970092908066
0.000777291814562746
0.001053930772016117
0.001385221630841012
0.001705864817010564
0.001950836035345917
0.002070169410600716
0.002039717988473733
0.001865439115994801
0.001580326199177308
0.001235442032976163
0.0008874038398730533
0.0005858508216379997
0.0003636481509287323
0.0002324302878107816
0.0001833970811869728
0.0001929253348403192
0.0002307778408218824
0.0002684714256847514
0.0002857738052333764
0.0002738499534269621
0.0002348527873032488
0.0001787309870713721
0.0001185841137371136
6.615384531024219e-05
2.867717327054735e-05
7.821255496716079e-06
5.254798224025703e-07
1.154274139329139e-06
4.014196648036459e-06
5.312340098934631e-06
4.014610196641786e-06
1.460552121187087e-06
1.238644417991753e-07
2.072685223284938e-06
7.79746386580966e-06
1.583988781749263e-05
2.334498969441845e-05
2.727553927739849e-05
2.583133501839351e-05
1.949216405158583e-05
1.128250383994075e-05
6.092502925643582e-06
9.240512928394379e-06
2.470588802981425e-05
5.361792441167518e-05
9.348885936676565e-05
0.000138498976163135
0.000180817978201347
0.0002126412968460714
0.000228367063081578
0.0002263348275639743
0.0002096066934543102
0.0001855255310872178
0.0001642342931708704
0.0001562356981737099
0.0001699733642706205
0.0002096296919713495
0.0002740212289291014
0.0003565864936644683
0.0004466659841665489
0.0005316089226153585
0.0005994098809969573
0.0006410446510138058
0.0006522676439136212
0.0006342282846743932
0.0005931779626498327
0.0005390078411854969
0.0004832431375088251
0.0004368558343603091
0.0004082617431657904
0.0004020557767878319
0.0004183914795122713
0.0004534076251615337
0.0005001485423667236
0.0005500734593150393
0.0005945614644633892
0.0006264106954745988
0.0006407563267324601
0.0006356803469208604
0.0006121209734469336
0.0005734880340967121
0.0005248697236399958
0.0004721356628353531
0.0004210822657674503
0.0003766342928336413
0.0003423423946059656
0.0003201010788192384
0.0003100984492443457
0.0003109776691873557
0.0003201843929116786
0.000334365916737174
0.0003498460734949833
0.0003630889671694393
0.0003710628090158412
0.0003716348729571523
0.00036370341878281
0.0003473525341690002
0.0003237826622679327
0.0002951329373809484
0.0002642595155637874
0.000234322121149799
0.0002084390022835339
0.0001892335584269064
0.0001785240072710064
0.0001770422612226939
0.0001843163238590022
0.0001986872026614293
0.0002175158166792837
0.0002375100088405111
0.0002552064242589797
0.0002674406017235109
0.0002718822841456332
0.0002673972391430958
0.0002543032466364313
0.0002343489534851713
0.0002105187887135116
0.000186562985707542
0.0001664220932712883
0.000153537251109743
0.0001502370721583221
0.0001572631805290323
0.0001735870727009801
0.0001965041301796622
0.0002220455002359569
0.0002456920268608122
0.0002631163466614383
0.0002710594657361941
0.0002679520325533243
0.0002542534493855504
0.0002324528553439181
0.0002066071816782668
0.0001816487883665319
0.0001623954845853043
0.0001526258674398843
0.0001543234013784948
0.0001671764701587161
0.0001886853839329157
0.0002145649217096171
0.0002395992549453869
0.0002587128575872397
0.0002680048251086895
0.0002655677070704423
0.0002519193661731384
0.0002299191080296758
0.0002041449154309183
0.0001799873557705804
0.000162426820784389
0.0001549970478096881
0.0001589669999966033
0.0001730754916071204
0.0001938040518750096
0.0002161449138630283
0.0002347593040979669
0.0002452008574095421
0.0002449586421415423
0.0002340727663419601
0.0002151433455692408
0.0001927318193073669
0.0001722865970872678
0.0001588159935799257
0.0001556286132175943
0.000163454246923827
0.000180195203982878
0.0002013491069205662
0.0002210765146933499
0.0002336555167040453
0.0002349692869502729
0.0002236936019575503
0.0002017712537525753
0.0001741880434481383
0.0001478222600908023
0.0001298259123391229
0.0001257710745386226
0.0001381010143679649
0.0001652191925240706
0.0002015928527619133
0.0002388437484512345
0.0002676249212258041
0.0002799369011645556
0.0002712171057287651
0.0002418101253359006
0.0001971617118218476
0.0001470201048433626
0.0001032042766970197
7.689599791568048e-05
7.587173983817573e-05
0.0001023520666612172
0.0001521092204955072
0.0002151048916014966
0.0002775836344960447
0.0003251822157642519
0.0003463540045216198
0.0003352925353018266
0.0002935330523340138
0.0002298110458103289
0.0001583074131328027
9.52439576170312e-05
5.512160488129664e-05
4.711827078122197e-05
7.282973078683245e-05
0.0001257867952914189
0.0001929855769422761
0.000258108400200817
0.0003055211494373944
0.0003242254390429071
0.0003105105102275902
0.0002687688680836297
0.0002102189278349682
0.0001497737968734514
0.0001020066343844661
7.724347249623251e-05
7.886395759094273e-05
0.0001026046956059921
0.0001380344224442684
0.0001718107620138754
0.0001917913461009564
0.0001908826678487458
0.0001692831221849247
0.0001346178233172969
9.974729314481821e-05
7.882347769044831e-05
8.27028872525961e-05
0.0001151703430342928
0.0001710499566615142
0.0002370141314632907
0.0002949564939652506
0.0003271008213531619
0.0003214327574774544
0.0002759004833939481
0.0001999481835490661
0.0001128582021007423
3.906765170548467e-05
1.67307500424371e-06
1.585714304074007e-05
8.409238778944902e-05
0.0001946315887577658
0.0003238118825285578
0.0004418135752234094
0.0005202869911886297
0.0005398828508447281
0.0004955447724962705
0.000397990013731336
0.0002710041412481349
0.0001450657150623088
4.92033594398618e-05
3.292893010618116e-06
1.294071103216655e-05
6.853080585358396e-05
0.0001485682559855212
0.0002263789438160232
0.0002781692258377829
0.0002899549591442465
0.0002614265885230926
0.0002054350534826646
0.0001434010830772725
9.808490447898614e-05
8.592015402129567e-05
0.0001114995738237844
0.000165868327173855
0.0002293528482131264
0.0002780529554853497
0.0002919723379169078
0.0002622011255684966
0.0001947546561660182
0.0001096767785678795
3.550810439993803e-05
5.987626422073482e-07
2.402411250305604e-05
0.0001088641723310054
0.0002401076226659549
0.0003880429785412184
0.00051624101787722
0.0005918887133343171
0.0005953343149658103
0.0005258748849250731
0.0004020355023011442
0.0002560235677295992
0.0001242610889472305
3.657239580759252e-05
7.647873460511457e-06
3.335298876706717e-05
9.299799785182889e-05
0.0001568950602315068
0.0001967366253570564
0.0001953957911754875
0.0001529763738301824
8.699885079977927e-05
2.660199838299052e-05
2.590390050997738e-06
3.650107612383762e-05
0.0001323584794853373
0.0002739104325951071
0.0004284784234087912
0.0005563196269232197
0.0006226978532208183
0.0006087893827095321
0.0005178456722655346
0.0003745573294937029
0.0002177112907186888
8.831613975940697e-05
1.704777878027553e-05
1.503829834072933e-05
7.100923874239746e-05
0.0001557534076395921
0.0002325740468203046
0.0002701948394435246
0.0002539596865121857
0.0001913448445526216
0.0001100579427905124
4.883258421956775e-05
4.411366948358362e-05
0.0001168395582844522
0.0002637772281181322
0.0004564979595727874
0.0006487230586559108
0.0007897764974520092
0.0008401079867120165
0.0007839097951824461
0.000634591273326687
0.0004312876694476965
0.0002273064588844185
7.401717096044557e-05
5.326611155673392e-06
2.773365667019119e-05
0.0001191325713461373
0.0002368571407708345
0.0003323728135565248
0.0003678250039972397
0.0003290298040219295
0.0002305961367008402
0.000111332915543237
2.136601722312167e-05
5.085010884077432e-06
8.54553839306534e-05
0.0002549905580064658
0.0004764403942560893
0.0006932640544511135
0.0008466487068972008
0.0008936494709786266
0.0008207545261803275
0.0006483168695012583
0.0004242735807446324
0.0002094741435875139
5.856150103585616e-05
3.359705198816469e-06
4.361859947335326e-05
0.0001483622412674868
0.0002673866619267829
0.0003491730710857724
0.0003592556824062064
0.000292991661178921
0.0001782235271696883
6.681178091177896e-05
1.738794505940466e-05
7.497675189367355e-05
0.0002540124059489998
0.0005305495685307977
0.0008466173293761358
0.001125770449487745
0.001295466684755984
0.001309289532090267
0.001162187030059293
0.0008937436764270743
0.0005780212091571059
0.0003029043329836237
0.0001448153970338581
0.0001466039565134557
0.0003050200352995241
0.0005718753014386778
0.0008683978897117916
0.0011086312709752
0.001224632516234312
0.001186193131029466
0.001008733809614452
0.0007474811997208396
0.0004796191607102325
0.0002801238896259309
0.0001986568726489134
0.0002448237423092114
0.0003862143198833926
0.0005598110691497908
0.0006932717172606598
0.00072924551601469
0.000645231233983565
0.0004624591354790409
0.0002409144737535107
6.163113918103977e-05
1.515660204834174e-06
0.0001082477625682101
0.0003830455488245224
0.000776731234056697
0.001200954705860373
0.001551491217573735
0.001737286428450701
0.001706810303343446
0.00146407928405728
0.001069400435256717
0.000624243516490507
0.0002444557321145284
2.888492739296047e-05
3.253611443752718e-05
0.0002515297891901548
0.0006244188532206224
0.001049415911039555
0.001412788359725347
0.001620474502949567
0.001624045877007152
0.00143368015481878
0.001114462250564012
0.0007671942544786096
0.0004986644333546848
0.0003904259479171316
0.0004744767209724946
0.0007231668878966794
0.001056467641183036
0.001364811781448241
0.001541466506934218
0.0015155026906182
0.001275914708802756
0.0008798999042858213
0.0004418553940221111
0.000105531172789893
6.044209350539294e-06
0.0002313463732214826
0.0007936817245358426
0.0016190791698602
0.002558729387419387
0.003420645641119384
0.004014616713390307
0.004199731210769614
0.003923649864315204
0.003241977155417871
0.00231353656268437
0.001370437580393543
0.0006691536009238345
0.0004328820426750734
0.0007982904879574517
0.001778808914100338
0.003253260153175636
0.004984092536269995
0.006661328471165808
0.007964477851328424
0.008629220008128338
0.00850522579699175
0.00759264463977245
0.006049061933072708
0.004165237880291406
0.002313223231325526
0.0008775668898990762
0.0001814911776086792
0.0004239367823135266
0.001638391619120472
0.003681878327747677
0.00625631015738985
0.008958170415754124
0.01134785328504628
0.01302586403781997
0.01370278664524419
0.01325088448696838
0.01172906842156246
0.009376823152199362
0.006579594181155189
0.003809960781539034
0.00155650962955812
0.0002491160925990067
0.0001931242479309217
0.001521222142133821
0.004168752698190901
0.007876631091764209
0.01221945648059132
0.01665634544076723
0.02059780762332253
0.02348186825492241
0.02485121088723266
0.02442426028375797
0.0221531812537861
0.01826270868101477
0.01326684403093207
0.00795662122641537
0.003361858673925704
0.0006843223680437039
0.001206040366843965
0.006177927581202027
0.01669648176789171
0.03357888097597105
0.05724836282200365
0.08764431046844925
0.1241587841035301
0.1656337821532904
0.2103946753583482
0.2563409269494568
0.3010838492695793
0.3421217148062836
0.3770337031529697
0.4036802511049997
0.4203841311813398
0.4260740470270559
0.420383589153592
0.4036805070461023
0.3770341593179448
0.3421222946295362
0.3010844598131374
0.2563414442203269
0.210395354983952
0.1656343860495197
0.1241571825664919
0.08764302547776673
0.05724873478684385
0.03357918750305573
0.01669668952744563
0.006178042808375081
0.001206082761488592
0.0006843036147670184
0.003361809683715787
0.007956547136964347
0.01326706830047445
0.018262884060293
0.02215312972386554
0.02442422978816427
0.02485121053191133
0.02348189585227086
0.02059786717350699
0.01665637215317102
0.01221952908087762
0.007876465197280984
0.004168636572921709
0.001521137894360402
0.0001931335211818541
0.0002491045165321887
0.001556484783157504
0.003809928305198071
0.006579557261340464
0.00937677549505498
0.01172902968044279
0.0132509235347199
0.01370278022680424
0.01302588364990435
0.01134788023515457
0.008958208353982724
0.006256336421655285
0.003681913838221328
0.001638416472323635
0.0004239479085766555
0.0001815014491273144
0.0008776187972641595
0.002313290302073653
0.004165210498799934
0.006049032624922592
0.00759258832886349
0.008505223775790263
0.008629223280543439
0.00796449821659497
0.006661360378634922
0.004984016535220639
0.003253195984631416
0.001778751378974847
0.0007983000314884085
0.0004328810221452893
0.0006691421104835975
0.001370423766738517
0.002313519382992688
0.003241988986994397
0.003923637762986223
0.004199744649477213
0.004014580923528797
0.003420658292379884
0.002558744860431873
0.001619091864520166
0.0007936928599343201
0.0002313549038973102
6.044837991357313e-06
0.0001055280691616894
0.0004418707313272888
0.0008799198236269417
0.001275925951620683
0.001515496702579477
0.001541460821176635
0.001364822737715081
0.001056476201503151
0.0007231764596125001
0.0004744761454549396
0.0003904254621935979
0.0004986721662898255
0.0007672041996016614
0.001114486626211079
0.001433668219791365
0.001624047750992444
0.001620473842107716
0.00141279238563409
0.00104942340150518
0.0006244235598345055
0.0002515322358426606
3.253177985045149e-05
2.888881765895839e-05
0.0002444538852555947
0.0006242382767365376
0.001069397041437645
0.001464072958410266
0.001706808135937605
0.001737284396899602
0.00155150219774265
0.001200942064651114
0.0007767101722384264
0.0003830301596279138
0.0001082506366257887
1.515863645652633e-06
6.162991256531112e-05
0.0002409114623604384
0.0004624567367752812
0.0006452299379497563
0.0007292440859542961
0.0006932625274752689
0.0005598029780171315
0.0003862091498527993
0.0002448208806518887
0.0001986566883933456
0.0002801222835152258
0.0004796175165404695
0.0007474739335307027
0.001008724427030301
0.001186191657688996
0.001224635227032402
0.001108620368196014
0.0008684044231193409
0.0005718800478253986
0.0003050239508470848
0.0001466049165995957
0.0001448144049506605
0.0003028975254112606
0.0005780214411487295
0.0008937569509832713
0.001162194743756051
0.001309289723357772
0.001295467924181534
0.001125775311908128
0.0008466255661000802
0.0005305537158625493
0.0002540143229456433
7.497931289198295e-05
1.738786402139061e-05
6.681562011906118e-05
0.0001782291861919007
0.0002929879335984401
0.0003592547244460822
0.0003491727071755344
0.0002673880174183916
0.0001483642764918111
4.3618626020039e-05
3.359623325231737e-06
5.855857037522384e-05
0.0002094829629599225
0.0004242836282067723
0.0006483084246133151
0.0008207520739856245
0.0008936495783015737
0.0008466476035824685
0.0006932712796505345
0.0004764453957971416
0.0002549921306118061
8.545074090643552e-05
5.083817499521586e-06
2.136837394777062e-05
0.0001113317501819199
0.0002305934077814029
0.0003290298830201064
0.0003678228877546496
0.0003323758460718632
0.0002368571697586139
0.0001191333670164619
2.773140777543539e-05
5.327852324808703e-06
7.401646171233315e-05
0.0002273046727230042
0.0004312869035313397
0.0006345856965223053
0.0007839046481308286
0.0008401116767332909
0.000789777948053
0.0006487275587080997
0.0004564917950968068
0.0002637692689959127
0.0001168395634930321
4.411419779922863e-05
4.883077468349376e-05
0.0001100569894775601
0.000191344792394741
0.0002539595604091554
0.0002701952798803058
0.0002325694517885607
0.0001557492461986829
7.10069268713155e-05
1.503882802396658e-05
1.704742970943371e-05
8.831297823555448e-05
0.0002177196551681167
0.0003745584357567896
0.0005178477767478692
0.0006087879399408226
0.000622698002326509
0.0005563224507570671
0.0004284779500589106
0.0002739231486658223
0.0001323602445131417
3.649950839340864e-05
2.590511561626567e-06
2.66034229654239e-05
8.699705097857129e-05
0.000152978438186841
0.0001953966260755279
0.0001967335274954259
0.0001568982806258126
9.29981201970318e-05
3.335044128493578e-05
7.64795979622319e-06
3.657545887577269e-05
0.0001242623334824004
0.0002560336915995641
0.0004020258093629773
0.0005258740742601282
0.0005953362403306204
0.0005918892862055359
0.0005162492869664922
0.0003880451300345718
0.0002401011328862364
0.0001088660172173869
2.402184326062983e-05
5.986578921088903e-07
3.551156376725095e-05
0.0001096757481863435
0.0001947523614658169
0.0002621964834633584
0.0002919723536088629
0.0002780511976981181
0.0002293513413687044
0.0001658648674139628
0.0001114989969177459
8.59213260225323e-05
9.808234553693632e-05
0.0001434035682827524
0.000205428207780346
0.0002614258298348083
0.0002899541773474896
0.0002781652661501698
0.0002263749685154225
0.0001485674136307239
6.852893369835413e-05
1.294204773381747e-05
3.293471380603683e-06
4.920286168039465e-05
0.0001450648902673607
0.000270995339996707
0.0003979915851367563
0.0004955457525755472
0.0005398883453476066
0.0005202829261655121
0.0004418154626549882
0.0003238088944260342
0.0001946331763860158
8.409274503631939e-05
1.58586347572433e-05
1.673268472685934e-06
3.907105764956426e-05
0.0001128592938608138
0.0001999531476003092
0.0002759010218097962
0.0003214334755611187
0.0003270987171163967
0.000294960122049844
0.0002370204285133525
0.0001710490517852139
0.0001151702134203776
8.270549135754696e-05
7.882556704533497e-05
9.974665257966426e-05
0.0001346147420281172
0.0001692801559839496
0.0001908804263806627
0.0001917937539851392
0.0001718102568114322
0.0001380416533639057
0.0001026062750262274
7.88618206371172e-05
7.724251330152313e-05
0.0001020074914150213
0.0001497724933297339
0.0002102187262944739
0.0002687645323468862
0.0003105094498947903
0.0003242233072144494
0.0003055209918910808
0.0002580996784569179
0.0001929866595433338
0.0001257836181564436
7.283070913552658e-05
4.711767712584983e-05
5.512074359705799e-05
9.524657471705147e-05
0.0001583060290362046
0.0002298168661080536
0.0002935266143045669
0.0003352916093094136
0.0003463547559754059
0.0003251821185056653
0.0002775785614628221
0.0002151089979483248
0.0001521080510941835
0.0001023550806051708
7.587296572960014e-05
7.689601183904556e-05
0.0001032030864224202
0.0001470231271561752
0.0001971616577864544
0.0002418030162460048
0.0002712199313937908
0.0002799352680749699
0.0002676281637371552
0.0002388427632541057
0.0002015955975884202
0.0001652158802893445
0.0001380985583766116
0.0001257774858863129
0.0001298270527723844
0.0001478228273887795
0.000174187717999255
0.0002017730911133529
0.0002236920271782333
0.0002349712313860678
0.0002336542470224151
0.0002210757374608829
0.0002013501202314565
0.0001801943232851231
0.0001634537483998286
0.0001556292727187622
0.0001588173407788992
0.0001722858941258104
0.0001927304195480847
0.0002151440087500414
0.0002340704073882734
0.0002449576319233217
0.0002451994032586021
0.0002347568792105987
0.0002161446110366839
0.0001938037611718368
0.0001730742078376034
0.0001589671081825356
0.0001549959568877252
0.0001624271079865125
0.0001799885203332878
0.0002041475689161896
0.0002299176396172793
0.0002519211243566484
0.0002655662785008946
0.0002680072757078016
0.0002587137813271533
0.0002395988518453197
0.0002145628373852612
0.0001886852482384349
0.0001671736456701385
0.000154322774220827
0.0001526242056562128
0.0001623956230253213
0.0001816486878510426
0.0002066063568548703
0.0002324517465353558
0.0002542552071517458
0.0002679523614996365
0.0002710625617004642
0.00026311611797059
0.0002456897245656728
0.0002220425276933667
0.0001965017850380149
0.0001735876906175701
0.0001572610986465508
0.000150235002458156
0.0001535388685750439
0.000166423152311922
0.000186564129973253
0.000210518763635598
0.0002343485710714163
0.0002543036191863957
0.000267405259440071
0.0002718803151166208
0.0002674426575768256
0.0002552023934128987
0.0002375111517277663
0.0002175144458121154
0.0001986860737725297
0.0001843196510729098
0.0001770441069971944
0.0001785241244330371
0.0001892355219464187
0.000208440269877338
0.0002343314104293494
0.0002642569552695471
0.0002951348137675382
0.0003237762053092987
0.0003473537478206508
0.0003637054238269157
0.0003716318143956276
0.0003710631336932274
0.0003630858785017337
0.000349845330444362
0.0003343579604263081
0.0003201840153552301
0.0003109783268443996
0.0003100995562350468
0.0003201029837355334
0.0003423425217963633
0.0003766385959720281
0.000421081397288995
0.0004721370036475193
0.0005248613028769247
0.0005734954337504952
0.0006121185373766141
0.0006356871198635727
0.000640757394471599
0.0006264161458104117
0.0005945543524574476
0.0005500652842825355
0.0005001407641105593
0.0004534079342959797
0.000418387433842195
0.0004020517574976945
0.0004082671414426067
0.0004368593123659574
0.0004832456619299851
0.0005390101162224048
0.0005931720137883706
0.0006342261625625345
0.0006522660468638752
0.0006410430424554333
0.0005994141210454289
0.0005316101140013222
0.0004466751726705823
0.0003565917101611993
0.0002740173252824527
0.0002096321754348923
0.0001699709657892339
0.0001562386630995326
0.0001642330572734257
0.00018552760894877
0.0002096075034612543
0.0002263372615026635
0.0002283692010814343
0.0002126413480176022
0.0001808160625042555
0.0001384905429198329
9.348991824234368e-05
5.361699288029873e-05
2.470778279260641e-05
9.23970214365541e-06
6.091723656432301e-06
1.12822316396723e-05
1.949293419101142e-05
2.583188711381162e-05
2.727577317573505e-05
2.334437800592944e-05
1.583837886250746e-05
7.797142750812817e-06
2.072352218086607e-06
1.238859893671733e-07
1.460642926342942e-06
4.013157464686235e-06
5.312612374836902e-06
4.013541944632145e-06
1.154168893404683e-06
5.255478756982529e-07
7.82218347830417e-06
2.867599523428087e-05
6.614892582795474e-05
0.0001185919850100827
0.0001787299464505076
0.000234854255511302
0.0002738513328065505
0.0002857773567096497
0.0002684766908300045
0.0002307750693633088
0.0001929270639359531
0.0001833974658106438
0.0002324301826885523
0.0003636436886977514
0.0005858503247048054
0.0008874430388761601
0.001235440323054487
0.001580340079667707
0.001865441821533858
0.002039740384897209
0.002070163847524632
0.001950827728792231
0.00170586698674586
0.00138522112851368
0.001053957857483431
0.0007772978003357389
0.0006059712646129845
0.0005645844367515017
0.0006468145297117155
0.0008182612285930271
0.001026404316848596
0.001213923696218442
0.001333194247743122
0.001356389224382431
0.001280048466459926
0.001122682357330949
0.0009169562467655402
0.0006991085971929918
0.0004995352789267236
0.0003366615245360188
0.0002161713253628795
0.0001345562766333819
8.535611643198257e-05
6.478298143082402e-05
7.454570989031763e-05
0.0001203226373545801
0.0002066277896725284
0.0003303054221563864
0.000475790223353029
0.0006147687095750624
0.0007119356453069049
0.0007353212717895302
0.0006687415329019112
0.0005216725279957829
0.0003322533091155843
0.0001613167959374474
7.747794131452228e-05
0.000136901987014303
0.0003637336529150409
0.0007374510133950813
0.001192068917230234
0.001629572782891598
0.001944193081218468
0.002052592799471516
0.0019199269305741
0.001575455106527008
0.001109996013707135
0.000656809388908056
0.0003580175393713444
0.0003271941759078448
0.0006170432318445302
0.001202292184540266
0.001982963894208269
0.002806989639326928
0.003507153848343296
0.003941772272929901
0.0040277818696323
0.003758091396315478
0.003198651499627219
0.002466903689357183
0.001699450320972281
0.001017404643834214
0.0005010153765955328
0.0001780245597611247
2.925654084893777e-05
6.028232061875799e-06
5.297931730525029e-05
0.0001275086465203221
0.0002094256813625155
0.000298538943853387
0.0004028707231384017
0.000523595637129555
0.0006444175458484455
0.0007309828331160626
0.0007424186969661905
0.0006508971097833941
0.0004625025332266
0.0002292533501592431
4.631501716446221e-05
3.038261388206571e-05
0.0002848141325737725
0.0008605056358079154
0.001725587140496011
0.002756279530593253
0.003756005261742659
0.004499283319150087
0.004793829090475946
0.004540283215388617
0.003774034709341945
0.002673556659384319
0.001527953055947617
0.0006710536287093026
0.0003951655369418448
0.0008695379649808472
0.002084410837155328
0.003840442819392277
0.005785994682006605
0.007499246252402151
0.008589420091613094
0.008796807034335519
0.008060335354778531
0.006535922876736737
0.004561099089919482
0.00257231372028994
0.0009975001553689483
0.0001540900701623936
0.0001747926601310893
0.0009836363007559642
0.00232470365790196
0.003834101145548486
0.005136057863257527
0.005933750863372695
0.006074094852535366
0.005569882667131381
0.004577041306321977
0.003337220302529017
0.002107107822661847
0.001092409593053149
0.0004090506966446643
7.607411793738962e-05
4.042873555706325e-05
0.0002187032002065563
0.0005396067789055213
0.0009699768770391755
0.001515298520491038
0.002195100072719365
0.003005167445751915
0.003882920011401169
0.004695711976320975
0.005259685765250099
0.005393833605611876
0.00499095209983049
0.004087507584213144
0.00290224758422708
0.001825678696080166
0.001349680590103104
0.001949056368000424
0.003939616615706773
0.007351572780246463
0.01185985107188796
0.01679623929760504
0.02125978348949911
0.0243069385465652
0.02517956915375349
0.02352208128506183
0.01952290274867676
0.01393659608483958
0.007971105585492787
0.003043234683999144
0.0004646355706134308
0.001114783576050721
0.005193504415465687
0.01211161767844837
0.0205692255417758
0.02880356248620202
0.03497952077775079
0.03761718733865006
0.03597675901329951
0.03028835632572184
0.02176913992670765
0.01240876099539446
0.004552073147341944
0.0003662532213780018
0.001319898953366881
0.007783669081446963
0.01886351990267311
0.03252542093688708
0.04598372132383911
0.05630901007801174
0.06109402668657209
0.05905876925556234
0.05042994438485994
0.03700541472281977
0.02185363860969966
0.008718034116618402
0.001206014775448855
0.001970781289537885
0.01203566891142949
0.03044044511858979
0.05431226927224873
0.07934800232726552
0.1006622318738743
0.1138283935138704
0.1158657212016088
0.1060123021889923
0.08605472501421854
0.06012658296923171
0.0340083302727363
0.01398789508886582
0.005571173422904372
0.01222925302871451
0.0345078704703146
0.0696763694627948
0.1120661275998778
0.1540158703998717
0.1873642596356154
0.2051169372388778
0.2030544523117079
0.1808676980737296
0.142606768428143
0.09623155853289964
0.05236357055548177
0.02230014521741949
0.01575784367193942
0.03864744858454947
0.09140916277208197
0.1682889751183428
0.257724931385443
0.3440651731640536
0.4102258683619915
0.4411297828082187
0.4272571292038636
0.3677097233026745
0.2722115156088593
0.1616232513436402
0.0665460321034176
0.02428346654257034
0.07417302157447316
0.2520968758886677
0.5846865586049443
1.084429336801553
1.745743705743609
2.54386737384325
3.435169565499731
4.361206566839216
5.253464537024908
6.041229882333548
6.658571155917932
7.052150985229853
7.187364672343001
