# RCS in m**2 for a L=5 cm PVC cube at 0.0 degree aspect angle
# frequency = 91.25 GHz, 
# theta = linspace(0, 6.2832, 1441)
# phi = linspace(0, 0, 1  1)
7.994075935138452
7.84985092565524
7.429840773037252
6.77057504633193
5.92814381983399
4.971742674093648
3.975828554272148
3.012057047420754
2.141898797804032
1.410962564929574
0.8456284241674853
0.4522666587894238
0.2190093391898459
0.1196154065021294
0.1187334430510253
0.1777315423872342
0.2602062978746487
0.336436823530509
0.3862474794296742
0.400037848414538
0.3780563601585583
0.3282311588285758
0.2631109439724113
0.1965201629908928
0.1405421335819409
0.103311108572184
0.08790092071382104
0.09237803528832524
0.110860707233895
0.1352599929528503
0.1572786573117748
0.1702361345880568
0.170363307688832
0.1573484136079089
0.1340843129467639
0.105739400153471
0.07839991681805983
0.05760965206120614
0.04713067016898987
0.04817680539785123
0.05926511949766707
0.07667985443891565
0.09541386269731929
0.1103597434776575
0.1174699406370569
0.1146339711213295
0.1020851762713793
0.08226704654188342
0.05921099953398749
0.03757569120773925
0.02158416259354928
0.01409243479326926
0.01599592953459876
0.02609553034102108
0.04143679370946115
0.05802898811133015
0.07177055926280476
0.07936270692419545
0.07901049296557766
0.07075526699111327
0.05638507384589315
0.03895173971170683
0.02203213094458607
0.008898514517984926
0.001805817940603301
0.001541370851388119
0.007335439141525963
0.01713164221697358
0.0281356173443353
0.03750332475611756
0.04299375073771698
0.04344327851936194
0.03895368437336032
0.0307704287543755
0.02089978419706789
0.01156887345448324
0.004677406273544639
0.001365931874861632
0.001804976222143863
0.005238378371308535
0.01025328545436966
0.01519247381004796
0.0185964228770648
0.01955874029098983
0.01791245277006337
0.01421009708004984
0.009518446374165693
0.005094195076778595
0.002034575165716697
0.0009962113612669221
0.002052522590093103
0.004716635426676188
0.008112603452504844
0.01123731893271465
0.01323659136673915
0.01361963141922475
0.01235825703527811
0.009854447639474691
0.006793145091069927
0.003933418468379789
0.001898925217545323
0.001027179915872023
0.0013129825143784
0.002454375268446744
0.003976680592759226
0.005390483596004025
0.006333888091145012
0.006657817084917087
0.006434195246574007
0.00589261404326041
0.005313656714084863
0.004917790660505131
0.004787338382033459
0.004847380313811087
0.004907350053159209
0.004746503381906247
0.004211117573242361
0.003287745861514203
0.002125876985720783
0.001001248727901654
0.0002301908787732335
6.410557979158799e-05
0.0005988295016371779
0.001730117752104191
0.003172190651836904
0.004535247512629251
0.005439510145122108
0.005630445570874798
0.005059267229653032
0.003902807130628239
0.002514924991197148
0.001324763568371461
0.0007099294877345744
0.0008851024962432878
0.001837915527130535
0.003331702088505086
0.004973992345980514
0.006329852562929976
0.007045080262003824
0.006944070006341587
0.006073075486750993
0.004678911627699713
0.003130398570780252
0.001809193922098648
0.001002326723854994
0.0008285180790422365
0.001217883964101396
0.001947949576107827
0.002721403585683652
0.003260296268063426
0.003385744314955421
0.00306210702861799
0.002392961056495268
0.001576019034022398
0.0008323333528191679
0.0003365523856680422
0.0001679667367104201
0.0002978143621238498
0.0006126402530602288
0.0009631520910489785
0.001219695815782058
0.001314940453313991
0.001260204704519191
0.001131303921255848
0.001031831404966255
0.001048005675827983
0.001212545485029207
0.00149056542306297
0.001792347790961236
0.002007776598139502
0.002049521891727077
0.001889331015134997
0.00157334288750112
0.001211149691531512
0.0009410077320341149
0.0008835395018274116
0.001098993805534814
0.001563147201824972
0.002170500634620202
0.002763519385914547
0.003179908134457875
0.003301902685395378
0.003092175493468099
0.002605098923915556
0.001969686203866374
0.001350417737437401
0.0008977537408499585
0.0007046261902504501
0.0007817550858126862
0.001058959649141406
0.00141076739876133
0.001697738351644763
0.00180988131464418
0.001698478378281007
0.001387414194042389
0.0009614166500758995
0.0005363513385178151
0.0002218499411260246
8.851901517722299e-05
0.0001494964309461091
0.0003611873399377023
0.0006415204320685632
0.000898482744245111
0.001059113475438817
0.0010896399349138
0.001001048694742852
0.0008395071634647212
0.0006663477368461921
0.0005351451748426622
0.0004739429191637319
0.000478589636596876
0.0005185140809509917
0.0005521814885467739
0.0005461364923760715
0.0004902704732670779
0.0004042156995616163
0.0003319134030371153
0.0003269581898211056
0.000433289763234274
0.0006681930626295169
0.001013343356384653
0.001417204117267124
0.001807926883098604
0.002113035470369549
0.002279500259765118
0.002288200672504427
0.002158105510309523
0.00193958940381811
0.001698518046552189
0.001496955234164474
0.001375769647249687
0.0013443715597722
0.00138079198101872
0.001440591061298228
0.001472338813738782
0.00143417525481479
0.001306489515477576
0.001097033436570741
0.0008377263249974677
0.0005741798262648863
0.0003518214130036667
0.0002030214861050678
0.0001388133516008903
0.0001475517010354462
0.0002003963817703387
0.0002613039169489532
0.0002984155404475495
0.0002930555419884853
0.0002441321677084967
0.0001664619746656431
8.456680961692225e-05
2.379875209806495e-05
1.841162289378079e-06
2.335542441461234e-05
7.899381202535029e-05
0.0001489924083899398
0.0002098277992620803
0.0002418068649803833
0.0002350456963852669
0.0001922576445885942
0.0001274343947396523
6.12046301928507e-05
1.435753443691049e-05
1.552674171893318e-06
2.713260746786819e-05
8.418867632275437e-05
0.0001569917759750707
0.0002259411918601439
0.0002735088334140497
0.0002892842028778555
0.0002729027167603016
0.0002339196828831729
0.0001889168720828833
0.0001567392424573598
0.0001532934752975962
0.0001873053360499005
0.0002582278392182463
0.0003566390805689526
0.0004670265730948609
0.0005718323305639101
0.000655932848739477
0.0007100758504972106
0.0007326346849111812
0.0007292654079829758
0.0007107975796378
0.0006901077466961581
0.0006786623083967852
0.0006837736790592424
0.0007073568679290395
0.0007459277479794841
0.0007921260798623347
0.0008369063522862154
0.0008719683290864729
0.0008916404297278252
0.0008939527307492821
0.000880599581244071
0.0008559652229621595
0.0008257175363412637
0.0007951927336218394
0.0007681311378455489
0.0007461099395730791
0.0007283550541880108
0.0007125972011761701
0.0006957947767857771
0.0006752766041997844
0.0006493665189102702
0.0006179302974348585
0.00058219182397247
0.0005443320275644974
0.0005068794085770784
0.00047210121125788
0.0004414458156273393
0.0004153506001649139
0.0003932724105035548
0.0003740037519271694
0.0003560043136866293
0.0003379618774201112
0.0003189507121205102
0.0002987273670034604
0.000277639220343806
0.0002564911404677109
0.0002362838737489932
0.00021795896504388
0.0002021861608409951
0.0001892232786240659
0.0001788793711493135
0.0001706599847792192
0.0001638359278037624
0.0001576535310439121
0.000151493687125324
0.000145009414922862
0.0001381962043555579
0.0001313917125407867
0.0001252442686573768
0.0001205552296300666
0.0001181365946981388
0.0001186047286218301
0.000122205673334449
0.0001286611399045414
0.0001371593615441038
0.0001463512397014514
0.0001545603724955034
0.0001600702266493397
0.0001614556532855049
0.0001579412252422726
0.0001496977093520052
0.000137942614485837
0.0001248838750272238
0.0001133692847898009
0.0001064029883476549
0.000106522181772409
0.0001151549309432641
0.000132195578794804
0.0001557708589499084
0.0001824239395815637
0.0002076398649196724
0.0002266531253318295
0.0002354402653168608
0.0002316210111384846
0.00021515925427501
0.0001885985353124857
0.0001567676846618681
0.0001259903405118819
0.0001029074312346624
9.307922696224774e-05
9.976327660995269e-05
0.000123035518242092
0.0001595427668720608
0.0002029621717469015
0.0002451012333094901
0.0002775392092394501
0.0002933332838285039
0.0002885734342752397
0.000263397669849317
0.0002221447586100438
0.000172663592372737
0.0001248224880513634
8.850809806631801e-05
7.154904948628622e-05
7.796229255796013e-05
0.0001069785215040087
0.0001530470904241437
0.0002068822371946266
0.0002573365275422206
0.000293772944802731
0.00030830971328169
0.0002976068618349532
0.0002636591729656834
0.0002133838647931093
0.0001571836302056551
0.0001066902287097453
7.220971576362265e-05
6.044258590293554e-05
7.305100060350581e-05
0.0001062963745880611
0.0001519733338106324
0.0001993282334341441
0.0002375516854839985
0.0002582725139739339
0.0002574045414823369
0.0002359702515049127
0.0001996971096331765
0.000157448396389266
0.0001189421761188502
9.235385567747114e-05
8.23129084095687e-05
8.898119976290551e-05
0.0001081957510529793
0.0001328897379199566
0.0001551451902428013
0.0001684896914863293
0.0001697131736242156
0.0001596693595134732
0.0001429310228294432
0.0001262423413862703
0.0001163642266500645
0.000117824560348102
0.000131319081428594
0.0001532461978023623
0.000176580071386069
0.0001929577879490551
0.0001952640049986189
0.0001801607530256187
0.000149555669938141
0.0001106892914075599
7.452380208158576e-05
5.286795844063176e-05
5.494192879415841e-05
8.434880415670257e-05
0.0001374208686956843
0.0002034815887341675
0.0002671767115079231
0.0003123119258364549
0.0003263075963074255
0.0003038794405350726
0.0002490915076277793
0.0001748072559043756
9.973788299006793e-05
4.365501472700107e-05
2.205057834185664e-05
4.167782726045166e-05
9.837969171946846e-05
0.000177779650810674
0.0002589214781943541
0.0003198681662335351
0.0003438327353139515
0.0003239435739337096
0.0002654997386411139
0.0001846979511774184
0.0001042426619525095
4.700145735771278e-05
2.935123327557322e-05
5.633959026956091e-05
0.000119970294030289
0.0002013099445520873
0.0002758411776837414
0.0003206743217589063
0.0003213393048807831
0.0002763763967925788
0.0001981107507289004
0.0001093029390498692
3.666427641597272e-05
2.982933710192353e-06
2.024741401989533e-05
8.584119671472411e-05
0.0001829866483147817
0.00028540980085154
0.0003648561931628523
0.0003993359705549235
0.0003794378224694029
0.0003110423591469154
0.0002133844978575877
0.0001132152268838259
3.675071479703562e-05
1.938474422410378e-06
1.343252821903376e-05
6.178830738380913e-05
0.0001270852858452628
0.0001857681845271747
0.0002184314395919581
0.0002160715966629118
0.0001826714132902397
0.0001333375046370108
8.863951667206073e-05
6.706685188939243e-05
7.817560715056741e-05
0.0001188795384439106
0.0001742191803669964
0.000222489377475232
0.0002430697025408364
0.0002243948445679087
0.0001691296407067775
9.47272952483021e-05
2.880325920857867e-05
6.124637899945601e-07
3.126118364862562e-05
0.0001258613350416241
0.0002703247372097548
0.0004340660926272567
0.0005781100060049635
0.0006661813607913694
0.0006753858424081266
0.0006031820071235655
0.0004682397641146494
0.0003049800256864523
0.0001533550203317953
4.706510599388043e-05
3.989338817476702e-06
2.174587062246582e-05
7.979972936813292e-05
0.0001473051258607117
0.0001940420200281531
0.0002007371418095849
0.0001654230462846264
0.0001036571744089421
4.262295880151653e-05
1.117792958609652e-05
2.925002268690535e-05
0.0001002243393701535
0.0002090214844351987
0.0003265397941343344
0.0004190080215506464
0.0004591119621901007
0.0004351324580267728
0.0003548198733774481
0.0002429112742126927
0.0001328156867516886
5.549775326563485e-05
2.92836365656996e-05
5.40958087127744e-05
0.0001122122463772116
0.0001752243266392174
0.0002148474029248621
0.0002137623691576369
0.0001726098578148743
0.0001105976365097157
5.916483008943228e-05
5.087510973156185e-05
0.0001071446026188616
0.0002291733419841015
0.0003953840636567409
0.0005665502275919897
0.0006972589832773939
0.0007500810400097659
0.0007078805297372373
0.0005800500477942338
0.0004004786988718762
0.000217676710734387
8.002876949689783e-05
2.103821781409224e-05
4.912278327337335e-05
0.0001454930379155446
0.000270730053348994
0.0003779836367722412
0.0004285196693771919
0.0004044699904412625
0.0003146892003009155
0.0001916894971123367
8.072762330419893e-05
2.464845740821227e-05
4.9422686993893e-05
0.0001552224410981297
0.0003159131319268062
0.0004871385787370402
0.0006203527332302444
0.0006780657920357953
0.0006454092858406314
0.0005341569709298091
0.0003780850977420575
0.0002212217727343061
0.0001031922291421078
4.655913537095834e-05
5.051464844236785e-05
9.299261127880114e-05
0.0001404230473604855
0.0001616803218306487
0.0001411637673138701
8.639947770214836e-05
2.701934990144435e-05
5.24102930908807e-06
6.070964277257696e-05
0.000214748812265587
0.0004595131620577144
0.0007561540544475249
0.00104320634027171
0.001253144535263034
0.0013324244891322
0.001258423961511348
0.001048184708275383
0.0007554535677231296
0.0004568051168631847
0.0002303734177231588
0.0001336927359146785
0.0001872162524971441
0.00036860011661746
0.0006195403648509794
0.0008633180437857949
0.001027594518707568
0.001065707458815498
0.0009699001374129598
0.0007725874149223657
0.0005353028190209955
0.0003288626558537672
0.0002110070293060258
0.0002084626247108434
0.0003090480279051498
0.0004663759676068973
0.0006155786843951228
0.0006951050339985627
0.000667799632590792
0.0005343099490484608
0.0003345844879146611
0.0001366372178011622
1.574818409821789e-05
3.049533568777027e-05
0.0002028535008994581
0.0005088182285366207
0.0008826497523312497
0.001233913909358471
0.001472530031839516
0.001534625784750863
0.001401487941112891
0.001105967629603131
0.000724171461406523
0.0003549177809394902
9.235551187033165e-05
1.512281952819122e-07
9.433574609287488e-05
0.0003399443799219886
0.0006622755928193028
0.0009694398096845381
0.001179473882585873
0.001243993013376398
0.001161400335779435
0.000975671407824004
0.0007612472418007931
0.0005984691108164678
0.0005471744131776991
0.0006265911322112264
0.0008079245050924726
0.001022417028676748
0.001182991158837909
0.00121334616736423
0.001075906093533706
0.0007898992698125143
0.0004331482207500206
0.0001259614702111537
6.480554003442902e-08
0.000160698294248186
0.0006519628980995153
0.001435664607615147
0.002390778927226445
0.003335541892253402
0.004067901597392344
0.004416069880243521
0.004285450074904422
0.003690795075640435
0.002763599129244018
0.001731242506422803
0.0008709412727615038
0.0004480749652034394
0.0006524896722369185
0.001547920140046081
0.003047178414004878
0.004920202399206318
0.006835112179252964
0.008424304095003665
0.009362475973847517
0.009439383794076009
0.008611566852265199
0.007021008220911249
0.004975137712241081
0.002892205261795964
0.001220469584592927
0.0003495056895619639
0.0005298674293685892
0.001818135700996443
0.004058826812848013
0.006907063577205825
0.009888458349108708
0.01248486946909822
0.01423007022289481
0.01479710196519661
0.01406244442477736
0.01213328419851169
0.009334803946070296
0.006159084790230307
0.003184939175034932
0.0009823319432795111
1.75218475172778e-05
0.0005743920680617121
0.002703712363334231
0.006208553811453328
0.01066674507989104
0.01548709728921674
0.01999085516515727
0.02350759704406181
0.0254731195748288
0.02551802328614232
0.02353673356794127
0.01973000472342836
0.0146179664905791
0.009018340275218823
0.003996295521038733
0.0007853972659643959
0.0006867427776093696
0.004952831713097174
0.0146647451500159
0.03061253932796274
0.05318911694481679
0.08231046667268095
0.1173616717042296
0.1572010609655414
0.2001968218173115
0.2443171449275181
0.2872629424231401
0.3266340959915091
0.3601144311257763
0.3856596858384207
0.4016698833364265
0.4071226823898675
0.4016692756735937
0.3856601761328484
0.3601150316478604
0.3266347617212128
0.2872635795089555
0.2443176975866518
0.2001974813101144
0.1572016699786267
0.1173601310634987
0.08230920639353251
0.0531894877418205
0.03061282450970142
0.01466494107810893
0.004952929081131706
0.0006867746474191632
0.0007853705894137486
0.003996240369465164
0.009018266459342422
0.01461816860050705
0.0197301951987446
0.02353668373174349
0.02551800488826653
0.02547314704625604
0.02350763414221636
0.01999092427477622
0.01548713797504395
0.01066680808910087
0.006208390666044744
0.002703606513109189
0.0005743338803609753
1.751830959834803e-05
0.0009823059126468821
0.003184905594085533
0.006159046062874753
0.009334763822145762
0.01213324465688028
0.01406240865962265
0.01479710789052741
0.01423001037182283
0.01248491273794545
0.009888500434026313
0.006907104152461363
0.00405886208955821
0.001818163320078319
0.0005298783486336296
0.0003494992462455355
0.001220519714617421
0.002892291874075463
0.004975228741308043
0.007020979020855851
0.008611548056447954
0.00943932840651965
0.009362479704957892
0.008424324164211551
0.006835133916846659
0.004920229263064474
0.003047103220339061
0.00154787253273984
0.0006524589834941858
0.0004480726133806466
0.0008709283008857574
0.001731223342190127
0.002763585856619421
0.003690781703435445
0.004285471049671335
0.00441606930367841
0.004067896518671778
0.00333550838533231
0.002390794225106577
0.001435677725826701
0.0006519713903919331
0.0001607027362942249
6.490542464001305e-08
0.0001259573345196594
0.0004331409661641248
0.0007899118124292497
0.001075920531931776
0.001213349480192886
0.001182984999507976
0.001022409666740303
0.0008079223600653648
0.000626594835069775
0.0005471776810676948
0.0005984655335564276
0.000761247671649527
0.0009756788685130292
0.001161402207333139
0.001244001333373981
0.001179475159922513
0.0009694485848019232
0.0006622796119205484
0.000339948368359153
9.433815258175573e-05
1.513320242787029e-07
9.235453879105095e-05
0.0003549271717366633
0.0007241845268093952
0.001105962418035365
0.001401483441527313
0.001534626387884597
0.001472533227673716
0.001233919044383274
0.0008826576235856216
0.000508825809581508
0.0002028444260263394
3.049133821995749e-05
1.575091331436738e-05
0.0001366337821586653
0.000334579738662554
0.0005343061249767596
0.0006677954710723907
0.0006951128401185131
0.0006155827360057333
0.0004663777263146137
0.0003090405835155246
0.0002084599820573731
0.0002110113478794767
0.000328860483691068
0.0005352998168222131
0.0007725862626296659
0.0009698985173634792
0.001065704439543322
0.00102759440233422
0.0008633195201645372
0.0006195288587453606
0.0003685949650251631
0.0001872166258984328
0.0001336936874202618
0.0002303718344153007
0.0004567999694350172
0.0007554494691812188
0.001048176077327061
0.001258424360765129
0.001332421991859183
0.001253136722796142
0.001043191641887935
0.000756156369719686
0.0004595160279197042
0.000214750591512882
6.071149026618283e-05
5.241235100757994e-06
2.701791851925721e-05
8.639848612393827e-05
0.0001411671308740079
0.0001616812684525198
0.0001404246431621222
9.299269963511585e-05
5.051563882512656e-05
4.655881700857049e-05
0.0001031904753777502
0.0002212219404690277
0.0003780819168285991
0.0005341533057065552
0.0006454081794386579
0.0006780672714786479
0.0006203520429458023
0.000487139903507425
0.0003159134887606483
0.000155225426865641
4.942333488572422e-05
2.46480335042678e-05
8.072617866201609e-05
0.0001916951629531629
0.0003146923831513492
0.0004044665100585793
0.0004285184444869236
0.0003779882809877742
0.0002707300911984348
0.0001454966080985983
4.912420813822597e-05
2.103814093907267e-05
8.002996082227221e-05
0.0002176800440351994
0.0004004860111976618
0.0005800508649416199
0.0007078840788753276
0.000750083137549921
0.0006972591902759301
0.0005665523763508135
0.000395386237742342
0.0002291762404785275
0.0001071462289903423
5.087436199618102e-05
5.916590071247772e-05
0.000110597531234239
0.0001726100045838009
0.0002137627644164463
0.0002148480431341829
0.0001752242601080501
0.0001122152104181356
5.409628764345141e-05
2.928353168395588e-05
5.55024235193218e-05
0.0001328138504594581
0.0002429121955159726
0.000354820265287851
0.000435130928700462
0.0004591154756119934
0.0004190059870527036
0.0003265333347000273
0.0002090253147845596
0.0001002208288302438
2.925043771881827e-05
1.11780439115374e-05
4.261884022532157e-05
0.0001036549001149983
0.0001654237509005333
0.0002007369614953141
0.0001940412178928594
0.0001473058350454892
7.979484316130045e-05
2.174735963660351e-05
3.99014363351609e-06
4.705959791181803e-05
0.0001533549429463201
0.000304985819277589
0.0004682355307140839
0.0006031843488528303
0.0006753837065479446
0.0006661763479598246
0.0005781124465143363
0.0004340563160979137
0.0002703278484387959
0.0001258640196070501
3.12657358502092e-05
6.125132173413923e-07
2.880693263003936e-05
9.472468039626461e-05
0.0001691317911500322
0.0002243904906576753
0.0002430707937686469
0.0002224905657861516
0.0001742252601629666
0.0001188814120404249
7.817477810406396e-05
6.706501950998402e-05
8.86401040468331e-05
0.0001333382968749579
0.0001826716874663303
0.0002160752453727459
0.0002184310876650138
0.0001857650870525239
0.0001270918274615318
6.178844327661713e-05
1.343189344083416e-05
1.9384976601612e-06
3.67533304115831e-05
0.0001132161058516908
0.0002133878507741085
0.0003110407065483727
0.0003794394255487452
0.0003993344557611761
0.000364860935171118
0.0002854139126803748
0.0001829866207904111
8.583863750729317e-05
2.024825139534503e-05
2.983091065705255e-06
3.666498150223425e-05
0.0001093075075198875
0.0001981074929380533
0.0002763768085632465
0.0003213361719316649
0.0003206744999429114
0.0002758449900231778
0.0002013076089446374
0.0001199663077306988
5.633956819387466e-05
2.935098608205553e-05
4.699913298771093e-05
0.0001042465577076053
0.0001846929319989352
0.0002654994585539866
0.0003239517783476739
0.0003438393054286642
0.0003198635878508901
0.0002589189568084816
0.0001777762500230397
9.838333661467985e-05
4.167457942174241e-05
2.204808853809678e-05
4.365545901174501e-05
9.973305641175449e-05
0.0001748054360627572
0.0002490958072553684
0.0003038827590354177
0.0003263073783495141
0.0003123114004614503
0.000267174633264504
0.000203484503450902
0.0001374200400945176
8.43516542335126e-05
5.494207278902613e-05
5.286915707616308e-05
7.452150507628508e-05
0.0001106902524390697
0.0001495599477422616
0.0001801617974385834
0.0001952623509383792
0.0001929546094207903
0.0001765800788284105
0.0001532431181445385
0.0001313197432785724
0.0001178283368119987
0.0001163651829013055
0.0001262414230777627
0.0001429329709111292
0.0001596745636065439
0.0001697138370693207
0.0001684906264766788
0.000155145638414198
0.0001328917875572579
0.0001081983638549477
8.898191439649237e-05
8.23132269243417e-05
9.235080709655202e-05
0.0001189407587578763
0.0001574462353246572
0.000199697699064521
0.0002359684772503803
0.0002574016444737912
0.0002582748545757303
0.0002375505752279628
0.0001993224598611499
0.000151967411687551
0.0001062934008791373
7.305006828313669e-05
6.043883759160655e-05
7.220965586166088e-05
0.0001066890466770324
0.0001571832768361339
0.0002133806728474696
0.0002636582961002636
0.0002976098176140352
0.0003083108463141027
0.0002937671599145318
0.0002573331390269892
0.0002068783793529474
0.0001530489788636894
0.0001069778241980743
7.796124776523386e-05
7.154878314611144e-05
8.851041682445698e-05
0.0001248205321779193
0.0001726620695118445
0.000222143969462434
0.0002633989680203525
0.0002885724819995091
0.0002933298368944777
0.0002775462726363462
0.0002451036113302585
0.0002029593663366128
0.0001595429110024423
0.0001230373082066764
9.976410695611514e-05
9.308074186533876e-05
0.0001029058933794241
0.0001259938716730296
0.0001567608678234632
0.0001885969426285336
0.000215156394534441
0.0002316193976890039
0.0002354377801702865
0.0002266529442604241
0.0002076397525588111
0.0001824259964263562
0.0001557711804679036
0.0001321947292657416
0.0001151570261498157
0.0001065200815965241
0.0001064021503365668
0.0001133685916987047
0.0001248814540149497
0.0001379433333580262
0.0001496981230132881
0.0001579424770517377
0.0001614561230217863
0.000160074089925174
0.0001545625340521897
0.0001463503297449019
0.0001371589547346183
0.0001286614634819476
0.0001221977093556569
0.0001186069511131562
0.0001181370562238339
0.0001205563900257312
0.0001252432763532046
0.0001313915284598511
0.0001381942897343046
0.0001450126240052707
0.0001514920577367606
0.0001576509509892192
0.000163837193306406
0.0001706625573854576
0.0001788762247155227
0.0001892094279155655
0.0002021848604392228
0.0002179595764012645
0.0002362833128759828
0.0002564885461230175
0.0002776386930826869
0.0002987285820632121
0.000318953976906181
0.0003379547853685297
0.0003560082427471197
0.0003740055533271516
0.0003932689317498133
0.0004153475401184826
0.0004414463242572745
0.0004720998752145505
0.0005068798950313639
0.000544328005444082
0.0005821861405177342
0.0006179323098830995
0.0006493736297391796
0.0006752683478796627
0.0006958093035475527
0.0007125939754120524
0.0007283495258105746
0.0007461050574728371
0.0007681406443242754
0.000795188066819954
0.0008257082750342987
0.0008559666578441118
0.0008805974643968331
0.0008939538214638598
0.0008916357126564151
0.0008719497068399632
0.0008369003154623257
0.0007921216621285661
0.0007459359266562582
0.0007073506428354648
0.0006837713788468771
0.0006786623218366344
0.0006901168437285928
0.000710801213919191
0.0007292587177092137
0.000732634953167324
0.0007100733052524463
0.0006559220335949418
0.0005718284447142761
0.0004670187148623322
0.0003566407038891443
0.0002582306572482672
0.0001873049864201308
0.0001532934712751165
0.0001567427832170376
0.0001889211027485623
0.0002339293714130877
0.0002729094182907302
0.0002892859084442595
0.0002735062964066227
0.0002259485168796564
0.0001569845827599326
8.419240527138887e-05
2.713268105010051e-05
1.552120660926634e-06
1.435795247991489e-05
6.120627703919494e-05
0.00012743221554119
0.0001922589352822386
0.0002350418134416985
0.0002418048841990675
0.000209829663099343
0.0001489868976888052
7.900378839327584e-05
2.335654874533312e-05
1.841416766616734e-06
2.379747247794179e-05
8.457564629295654e-05
0.0001664575716583386
0.0002441332416370943
0.0002930593726111573
0.0002983993852845665
0.0002613057325464641
0.0002003956258059309
0.0001475506059802656
0.0001388044646710137
0.0002030251402296904
0.0003518248569499123
0.0005741946038826988
0.0008377206958633583
0.001097042093462313
0.001306471165305344
0.001434175049811668
0.001472321621507592
0.001440594413057261
0.001380805904542268
0.001344359654918479
0.001375757407920195
0.001496945139012114
0.001698516049599474
0.001939575867242048
0.002158114231034582
0.002288184665742547
0.002279485856899832
0.002113003747284327
0.001807946928424335
0.00141717746277527
0.001013385958344449
0.000668169381228732
0.0004333069088665156
0.0003269650277884261
0.0003319089612448341
0.0004042155198222657
0.0004902738622119202
0.0005461359206208564
0.0005521731034175726
0.0005185079417819419
0.0004785888998137767
0.0004739377237600472
0.0005351452100736458
0.000666349298441023
0.0008395071553248731
0.001001058396297191
0.001089640011967598
0.001059113178483749
0.0008984843639821086
0.0006415095830529993
0.0003611991711527382
0.0001494867165299878
8.851722895286083e-05
0.0002218536790922928
0.0005363321700064709
0.0009614160570951725
0.001387434951763455
0.001698458606539643
0.001809889171784503
0.001697745441245056
0.001410760828137359
0.001058971222712136
0.0007817580235470701
0.0007046060479083926
0.0008977535630994041
0.001350453690017128
0.001969654606751746
0.002605105421531966
0.00309218258245621
0.003301901612119292
0.003179916996222219
0.002763498397156901
0.00217052243255746
0.001563147178311102
0.001098954845398604
0.0008835397117162574
0.0009410182701157115
0.001211132670067313
0.001573363514082682
0.001889324802981731
0.002049522331195975
0.00200777190330602
0.00179235913236633
0.001490571845471653
0.001212545734402461
0.001048007620106302
0.001031831816581798
0.001131295863928238
0.001260203350781063
0.001314944150029203
0.001219701714720276
0.0009631442902706126
0.0006126672608187847
0.0002978140672818515
0.0001679636145807834
0.0003365469918337202
0.0008323660162404974
0.001576008100915491
0.002392981219598567
0.003062092142832457
0.003385754523599666
0.003260310010441056
0.002721402905933635
0.001947902313762982
0.001217883585493423
0.0008285170294274149
0.00100231983802699
0.001809234870598668
0.003130342023863622
0.004678930295463942
0.006073002665353842
0.006944128545473753
0.007045079439466667
0.006329851226570999
0.004973908425730329
0.003331710020869229
0.0018378724777142
0.0008851224240080446
0.0007099139145614282
0.001324718003889986
0.002514942936449696
0.003902700373563511
0.005059267223255123
0.005630450991437951
0.0054395001378113
0.004535201046478081
0.003172206202927258
0.001730085840213047
0.0005988514468375041
6.410643011467666e-05
0.0002301690547515012
0.001001248959134176
0.002126002424184998
0.003287745521630644
0.004211154414777026
0.004746492327842053
0.004907345419366945
0.004847335330721033
0.004787314176672404
0.004917787500482346
0.005313700578833262
0.005892612676996685
0.006434194424554408
0.006657809118194
0.006333903613826556
0.005390400091391791
0.003976721948184073
0.002454356065237748
0.00131299529550265
0.001027197543573832
0.001898861144547611
0.003933418301207571
0.00679329007243698
0.009854373634909822
0.01235833566639106
0.01361954567935064
0.01323654292532898
0.0112373906562256
0.008112611201751999
0.004716757608854383
0.002052489648815614
0.0009962246283083472
0.002034540630635418
0.005094360896952119
0.009518320999251437
0.01421015936655966
0.01791239411359342
0.01955876594967156
0.0185966118718384
0.0151924410848688
0.01025348961399145
0.005238375695613761
0.001804867904083713
0.00136594255051392
0.004677604173619226
0.01156869550323187
0.02089992067666902
0.03077006065893766
0.03895368334445602
0.04344320859475923
0.04299375040293954
0.03750295173634573
0.02813581468090997
0.01713115486321219
0.007335651273422716
0.001541208507197805
0.001805738968835518
0.008898729950104543
0.022031423109988
0.03895173504705846
0.05638557429173501
0.07075521117048843
0.07901079514255749
0.07936282738870783
0.07177020126172994
0.05802955565498188
0.04143637343782852
0.02609604988820476
0.01599589541169001
0.01409222843056756
0.02158411289167731
0.03757664190297313
0.05921045004414215
0.08226810229182967
0.1020847447101076
0.1146342639587426
0.1174702135448371
0.1103595062672432
0.09541464423562157
0.07667984938390357
0.05926441921300196
0.04817685823688
0.04713074385545718
0.05760933780766658
0.07840049116047054
0.1057386025219109
0.1340845807032168
0.1573475116040084
0.1703632265486804
0.170235810902135
0.1572789278473161
0.1352590164274906
0.1108611774351941
0.09237777994536168
0.08790091956116465
0.1033115528085736
0.1405398605186645
0.1965204511242545
0.2631075811063887
0.3282309269413961
0.3780578532356265
0.4000377178354596
0.3862460648921354
0.3364386831246535
0.260204775056897
0.1777343738548295
0.1187330477897789
0.1196132617829055
0.2190092489878032
0.4522812889799303
0.8456219064997487
1.410987038195776
2.141878490883018
3.01208104789942
3.975793649270496
4.971757199023998
5.928099937177889
6.770576235825603
7.42987093789584
7.849850867881137
7.994076215276714
