# RCS in m**2 for a L=5 cm PVC cube at 0.0 degree aspect angle
# frequency = 91 GHz, 
# theta = linspace(0, 6.2832, 1441)
# phi = linspace(0, 0, 1  1)
7.360984234253963
7.226302451837005
6.834201760830792
6.219126944139984
5.433938985586948
4.54380331505808
3.618744653295677
2.726023719166054
1.923144622756121
1.252503431792956
0.7382215087896579
0.3854631061228463
0.1821642956356793
0.1027589907316618
0.1132319685702024
0.1766982541775736
0.2586648057721739
0.3312667364185266
0.3759655071415884
0.3844769392169158
0.3580030568320116
0.3050706967411867
0.2385173397122541
0.1722038712706623
0.1180625084702934
0.08394153898998227
0.07253948808343987
0.0814920070767445
0.1044610888029194
0.1329079986542021
0.1581300932250857
0.1731275905471514
0.1739438077183435
0.1602460522517143
0.1350924797492587
0.1039961194356525
0.07352868919097809
0.04979262784060323
0.03709356755152182
0.03707988321854603
0.04851108564669974
0.06766859082316806
0.08928853285189356
0.1077901447798054
0.1185192661114349
0.1187382452078087
0.1081526465440047
0.08888430133398147
0.06491483468321675
0.04113886581368633
0.02225567163826444
0.01174306597896445
0.01113662961369307
0.01976444546918944
0.03497729472922798
0.05280552810471111
0.06888318331986508
0.07942095245122412
0.08201559298553107
0.07611614057846142
0.0630610586850347
0.04569314534226553
0.02765957346533825
0.01256075359533892
0.003157304096598393
0.0008009425674783634
0.005214421808685709
0.01465089599871552
0.02637574166919569
0.03734710660792579
0.04492142381443408
0.04742766649361763
0.0444772807193626
0.03695794255487701
0.02673181938082241
0.01612440708068262
0.007346011837631639
0.001981176687931931
0.0006675050640859392
0.003028059970647792
0.007853862663757639
0.01347445607743937
0.01821059893305522
0.02079079669355254
0.0206297192639112
0.01791019536219817
0.01346253993813478
0.008489166258778868
0.004217605096649175
0.001577373154100342
0.0009840320840747211
0.002277404790196315
0.004818150811820118
0.007703289798240847
0.01003262021561915
0.01115052478553824
0.01079802228897199
0.009143680468750321
0.00669306434699257
0.004115123852021633
0.002040607442827272
0.0008927825445216652
0.0007948151763311471
0.00157390076218948
0.002850731569167049
0.004179099396928574
0.005188298056344784
0.005685010118941966
0.005685409387997108
0.005375029696686242
0.005015199475173536
0.0048321711299325
0.004927953497374169
0.005242803460772957
0.005581006486462561
0.005689405806832579
0.00535880213557563
0.004514822780159382
0.003263132940422561
0.001873378747509982
0.0007044569216863096
9.430173013921918e-05
0.0002495733127494478
0.001170842824048518
0.002639552903072977
0.004272379894981998
0.005628498995550702
0.006337860155930465
0.00621120369485764
0.005298522600037118
0.003876757863212368
0.002371098027962289
0.001231029192538754
0.0008005761257007822
0.001218986301370974
0.002382118722130791
0.003974874476265631
0.005564027497646907
0.006722572174590265
0.00714919913400065
0.006747110245396853
0.005642452059657677
0.004136701471476094
0.002613011505336502
0.001423760923088357
0.0007946994740672346
0.00077235319778239
0.001227629601067971
0.001910503242729381
0.002535963229959159
0.002872506724258447
0.002806492421988217
0.002364124746032264
0.001688199827066889
0.0009803496890637101
0.0004311784944644185
0.0001601591115782363
0.0001857773920371475
0.0004318896733898793
0.0007656266438150689
0.001050993578612707
0.001198639402264617
0.001194289292541162
0.001097029326411749
0.001010083101757302
0.001035502941272812
0.001230481780499692
0.001581249673788339
0.002004178229932462
0.002373858845721258
0.002567830108966518
0.002512490869802961
0.002213249946574656
0.001758244295582433
0.001293457697565011
0.000977068089020805
0.0009281092810408919
0.001186288305324738
0.001696626825318686
0.002323822735241747
0.002892467154542317
0.003239884083327339
0.003265016483342758
0.002958039805068587
0.002401726694183892
0.001744431719838344
0.001154364857341911
0.0007690011672652672
0.0006563013372994143
0.0007985058175789133
0.001103021688823795
0.001435415475429315
0.001663534154319857
0.001698067751405215
0.001517310784293923
0.001169458414788326
0.0007528659624725037
0.0003819789259409089
0.0001507839111455725
0.0001052215724325114
0.0002328344158007795
0.0004717885210626026
0.0007346335533882328
0.0009381426813839215
0.001029193593759371
0.0009982120045793469
0.0008769437490716892
0.0007226052525251068
0.00059472488744034
0.000533325931701784
0.0005460927502869122
0.0006083495899588188
0.0006754715109480951
0.0007024585466976702
0.0006636795429443851
0.0005652963549535459
0.000445898610618889
0.0003651372137644031
0.000383935993479717
0.0005430371315435891
0.0008470745034789536
0.001259639218916927
0.001710899156225872
0.002115937026493449
0.002397648611191216
0.002507803770070023
0.002439312569780378
0.002226727820545863
0.001934790152090596
0.001639060545553105
0.001404510577907822
0.00126850541684407
0.001233013756133953
0.0012675203328935
0.001321388234115485
0.001341210617495767
0.001287775912989883
0.001147129737067111
0.0009336424156875349
0.0006838680193637069
0.0004443182843701258
0.0002570021417498954
0.0001473725448748933
0.0001181801409380674
0.0001506684993127056
0.0002120825161885073
0.0002668818770482494
0.0002878151991081042
0.0002635057618927795
0.000200422904912434
0.000119111656760816
4.624395804911922e-05
5.202867209170734e-06
8.427747856902945e-06
5.365535176683438e-05
0.0001251273510264621
0.0001990521656154695
0.0002514457204260821
0.0002657115991706529
0.000237677003393276
0.0001765919697632616
0.0001019177849525702
3.717880629829841e-05
2.679228238496778e-06
9.483363030988726e-06
5.63399558039395e-05
0.0001303779695079481
0.0002112337246026337
0.0002772778287033901
0.0003120049454716477
0.0003088468278634743
0.000272886128136907
0.0002193386738529517
0.0001691130260797337
0.0001430001013931468
0.000155993227332218
0.0002133741131066132
0.0003095273925576571
0.0004296622788901733
0.0005537638107370651
0.0006618084690795153
0.0007385528145712869
0.0007769396511186306
0.000779142808638411
0.000755322346884922
0.0007204834331964494
0.0006903050418256778
0.0006773921667828691
0.0006883837667868843
0.0007229283138532395
0.0007744714704506177
0.0008323906638378233
0.0008849593470404345
0.0009222151178782854
0.0009382030970825497
0.0009317849952740617
0.000906385248675134
0.0008686497620867461
0.0008264140433860484
0.0007867263316523561
0.00075444715286588
0.0007312392039641879
0.0007159119274953182
0.0007050182829714038
0.0006941917819808796
0.0006793216618844582
0.0006576664658208164
0.000628320950372893
0.0005922362868645726
0.0005518382894470274
0.0005102700893369148
0.0004706081730320552
0.0004352138018399194
0.0004053223458518087
0.0003809985100103292
0.000361304652386713
0.0003447392109107275
0.0003295920664633717
0.0003144777298832763
0.0002984670481290894
0.0002812547474750247
0.0002630904786068323
0.0002446009699557982
0.0002265792048452016
0.0002097712443817099
0.000194696360038169
0.0001816394520114167
0.0001705880818495608
0.0001613260555139369
0.0001535471317367822
0.0001469453774074881
0.0001413286364533992
0.0001366384102719024
0.0001330164624862235
0.000130703199524847
0.0001299979266171431
0.0001311226121275584
0.0001341107648408032
0.0001387102944243845
0.0001443478549106408
0.0001501251627467602
0.0001549512101968768
0.0001577095931086869
0.0001575065671768302
0.0001538986619526888
0.0001471131294190551
0.0001381271900569367
0.00012860694959434
0.0001206862403944449
0.0001165762308344648
0.0001181218164239762
0.0001263031885891584
0.0001409160168328631
0.0001603938896801633
0.0001819491382691044
0.0002019751655156513
0.0002167299421923884
0.0002230698798929235
0.0002192003409397511
0.0002052278803716227
0.0001833421274640736
0.0001575644495868814
0.0001330814378145366
0.0001152929892010608
0.0001086379301036672
0.0001156022470823399
0.0001360015885874612
0.0001668179409346682
0.0002026023328680359
0.0002364664464810512
0.0002614446082895574
0.0002719895795034869
0.0002652241472649099
0.0002417678250775348
0.0002057928721767683
0.0001643276139692213
0.0001258983151314399
9.875928626642366e-05
8.908146941515042e-05
9.950313290132879e-05
0.0001284033675732873
0.0001700507075587898
0.0002157261544148681
0.0002555209912213707
0.0002805022989407087
0.0002847409306187073
0.0002667430188224041
0.0002299470763051809
0.0001820712291314105
0.0001334900572128145
9.494288004053701e-05
7.506829629763051e-05
7.834060274140849e-05
0.0001039578896288802
0.0001458826626311854
0.0001941733204991033
0.0002372446518165627
0.0002646114388767856
0.0002694244574636466
0.0002501894130576879
0.0002112604036983173
0.0001618689053948261
0.0001139586847118368
7.926557351596677e-05
6.640536311849072e-05
7.862331140022553e-05
0.0001128947187407153
0.0001605181385217955
0.0002092421973698626
0.0002463100087865072
0.0002617475240480764
0.0002510294917658036
0.000216387392736649
0.0001664316965428213
0.0001140519683453911
7.31683854916056e-05
5.50790906757969e-05
6.540869608156547e-05
0.0001024359418209349
0.0001573241702362195
0.0002162819565586954
0.0002640450065126583
0.0002879403820100142
0.0002812598935602437
0.0002452483760180279
0.0001889169011386953
0.000126800324516863
7.516465345082669e-05
4.766308991051045e-05
5.159099998736256e-05
8.586478854580702e-05
0.000141221371261897
0.000202696751801507
0.0002537202726541722
0.0002806913192020103
0.0002768149612981549
0.0002439259669490556
0.0001920203119806112
0.0001362856105159133
9.265020905346054e-05
7.308047813487673e-05
8.197256404389293e-05
0.0001147998467978383
0.0001594630128576828
0.0001999948601680461
0.0002216337565599448
0.0002156215807948337
0.0001823970467872087
0.0001319723596377407
8.129865831845573e-05
4.932755076746713e-05
5.099619004105139e-05
9.217209480451456e-05
0.0001669805771051096
0.0002586078347631622
0.0003434804600047394
0.0003978556921011146
0.0004048514675028338
0.0003599614299977326
0.0002732026677953153
0.0001671627910442598
7.121727433430257e-05
1.350254622884174e-05
1.287423567441244e-05
7.318894850317202e-05
0.0001816692576960319
0.0003119657859693189
0.0004311276894579991
0.000508609378126225
0.0005246382913926611
0.0004756035024448924
0.0003748517222322235
0.000248595098137355
0.0001282483602185675
4.143411705308881e-05
4.35350028368363e-06
1.782333304797183e-05
6.808625633974394e-05
0.0001320594260244778
0.0001852533595603692
0.0002098387735190707
0.0002002006028059878
0.0001642236862423769
0.0001199631386172978
8.878834829040349e-05
8.737813522979182e-05
0.0001213073932540592
0.0001824480048215042
0.0002512413366970025
0.0003031524263584609
0.0003173394923503618
0.000284487697622376
0.0002112637529353417
0.0001194639963113316
4.005864151929904e-05
3.664088360289318e-06
3.053136290011781e-05
0.0001232239115773024
0.0002645111413538784
0.0004214267810252803
0.0005544106445301972
0.0006287435652890471
0.0006249308650514761
0.0005445178310544773
0.0004095940966873339
0.000256075438396929
0.000122747001710495
3.96509601724622e-05
1.942147531645645e-05
5.43165634967181e-05
0.0001199034600684728
0.0001840787784848749
0.0002183976784977032
0.0002079355589757381
0.0001564205162613674
8.480179037977253e-05
2.389049957308946e-05
3.355961628516687e-06
4.096304007001319e-05
0.0001356237981786102
0.0002667291549675483
0.0004001173178301214
0.000498688709807644
0.0005343266627396949
0.000496870147037395
0.0003974904950045958
0.0002649413360930823
0.0001361672874910639
4.427884196099103e-05
8.002703729801336e-06
2.623705862766266e-05
7.948609634848631e-05
0.0001377550370275426
0.0001721290378268018
0.0001660168696187861
0.0001220273345358823
6.1915921347531e-05
1.94243788711512e-05
2.820878688209454e-05
0.0001089932979640276
0.0002603804361072951
0.0004566861369359466
0.0006539479705892917
0.0008024276949684011
0.0008617938601599677
0.0008140344408483279
0.0006698504076598032
0.0004661917909446246
0.0002555574192860591
9.036409906942036e-05
7.259319195820121e-06
1.647721804792924e-05
9.963525456840348e-05
0.0002166605297594603
0.0003196576127305796
0.0003690227788523565
0.000346667001596537
0.0002618729089739211
0.0001478795861506196
5.037884502887664e-05
1.167187071343378e-05
5.584677067605432e-05
0.0001798940820789068
0.0003537605253954585
0.0005294877851408696
0.0006563356125965464
0.0006969770910939333
0.0006394795216365259
0.000501010616790618
0.0003220304933242222
0.0001530342301785176
3.816090583989068e-05
1.218427118672661e-06
3.881537068522451e-05
0.0001228745800313524
0.0002117248092208183
0.0002658414999216748
0.0002629998413281991
0.0002072693690636039
0.0001286969209378996
7.341864082957949e-05
8.727224452675219e-05
0.0001983413914065952
0.0004045031264158602
0.0006704480832504939
0.0009357981065143524
0.001132425145577917
0.001205530651061394
0.001132104504570447
0.0009304842270022332
0.0006576681148085843
0.0003944932265389093
0.0002228347831496353
0.0002014959641325478
0.0003481166930048295
0.0006326574579905689
0.0009848160300312445
0.001313289671416344
0.001531335013391334
0.001581099695999807
0.001449490930416455
0.001170955768184867
0.0008164750082500285
0.0004722003824311249
0.0002144224152794935
8.818028398077975e-05
9.633231937646841e-05
0.0002018035731019104
0.0003422057289957734
0.0004518545635516802
0.0004841122254720213
0.0004269288389219811
0.0003065710122611164
0.0001783132809452291
0.0001072005863928738
0.0001448331561830932
0.0003099022130608377
0.0005788519719132055
0.0008900656225094251
0.001160775880141296
0.001311896633461848
0.001293304944839537
0.00110167883341071
0.0007851089218646092
0.0004324997316964708
0.0001500841970351399
3.176385910881633e-05
0.0001315059432437798
0.0004460468508571497
0.0009131596292562381
0.001426470804051442
0.001863012740934616
0.002116026686410825
0.002123855817834614
0.001886821759212077
0.001467235226268619
0.0009723036952363053
0.0005248447207142504
0.0002296835977645781
0.0001454760428434255
0.0002696186316073048
0.0005406806834000505
0.0008576762709170459
0.001110701378515983
0.001214220173312719
0.001133496459116866
0.0008962313414001339
0.0005858840256326679
0.0003180526693905539
0.0002062635296419817
0.0003266454638032337
0.0006916877743659625
0.001241053832534882
0.001852812775160069
0.002373601112690037
0.002659767275888307
0.002619417803101647
0.002243656144684236
0.001617897886186418
0.0009089204136385861
0.0003292959327463531
8.672703608169197e-05
0.0003303925507269013
0.001107266616855051
0.002340359377756206
0.003835432679050592
0.005316480337998341
0.006483615250973723
0.007080785733462943
0.006958491602779089
0.006116867555342687
0.004717630108275347
0.003061633827714279
0.001533395266412386
0.0005246780040163992
0.0003514372611041371
0.001181777488562707
0.002990621567633129
0.005551659323504794
0.008469905240999793
0.01124995092273949
0.01338804849717106
0.01447002889365472
0.014258031455361
0.01274671247290572
0.01017899644379786
0.007016413279376505
0.003867952243207202
0.001388923966149054
0.0001668652423732557
0.0006140111208006961
0.002884533585612538
0.006831898515370011
0.0120140323233045
0.01774718244582598
0.02320154416098082
0.02752559128454733
0.02998156197660251
0.03007339166835756
0.02764914755052133
0.02296379216746537
0.01669514175023139
0.009905793201546541
0.003960139745179707
0.0004016445942420703
0.000804144070726891
0.006612991094193097
0.01899135665108202
0.03868700471254386
0.06593192655748061
0.1003860746554101
0.1411189689417487
0.1866580675239021
0.2350659294283253
0.2840628259086442
0.3311802536745934
0.3739285055528856
0.4099723245962917
0.4372950080181705
0.4543439096189986
0.4601377939665484
0.4543435381565795
0.4372952534746256
0.4099727541287959
0.3739290839922909
0.3311808208901253
0.2840636848860365
0.2350665331714956
0.1866587587647765
0.1411171825684827
0.1003846174840738
0.06593236175490183
0.03868735196054668
0.01899159542737967
0.006613125057673799
0.0008041924635152013
0.0004016176130975956
0.003960070842379888
0.009905701186298211
0.01669540382267433
0.02296401398018345
0.02764908119205006
0.03007336486485499
0.02998157897670353
0.0275256422573628
0.02320161511853521
0.01774722376941576
0.01201411899114985
0.006831717974972294
0.002884415762743391
0.0006139542551994084
0.000166858953324551
0.001388893575470722
0.003867915405511352
0.007016372595655559
0.01017895350121264
0.01274667375130108
0.0142580193940308
0.01446999389150288
0.01338798734193107
0.01124998918989826
0.008469943544831788
0.005551707341244958
0.002990654152685861
0.001181799069011813
0.0003514412517562424
0.0005246674643769066
0.001533443312180466
0.003061703526888668
0.0047176905738357
0.006116842905825265
0.006958492708824418
0.007080744724337494
0.006483616941513802
0.005316498481637692
0.003835448313372932
0.002340378499232737
0.001107220425047881
0.0003303731558683467
8.672792407989404e-05
0.000329287736357996
0.0009089089418254063
0.001617883036860614
0.002243652541509894
0.002619413988043652
0.002659791106783739
0.002373606235877439
0.00185279586945398
0.001241030801209104
0.00069169431871827
0.0003266494286461604
0.000206263795753615
0.000318049884241691
0.0005858765644604554
0.0008962236278952375
0.001133491547955333
0.001214218966656943
0.001110691387991056
0.0008576727411289719
0.000540680045625564
0.0002696176269769419
0.0001454737241705344
0.00022967995955177
0.0005248375560506287
0.0009722982780267141
0.001467227974524161
0.001886831913715538
0.002123854444395197
0.002116032251110761
0.001863017086318816
0.001426480543914791
0.0009131650473228231
0.0004460515401284428
0.0001315091656047474
3.176417256100586e-05
0.0001500816844352969
0.0004325087895532824
0.0007851193962923436
0.001101675943973904
0.001293301479386801
0.001311900177270018
0.001160780441340436
0.0008900742222108537
0.0005788569403707797
0.0003099067019515227
0.0001448264110574392
0.0001072025034866539
0.0001783194128478214
0.0003065681079372244
0.000426930254135636
0.0004841125599975311
0.0004518538754670608
0.0003422111692623442
0.000201806099532619
9.633349179352452e-05
8.818244018149366e-05
0.0002144313096850806
0.0004722174305748028
0.0008164685288811731
0.001170951216638997
0.001449491744798368
0.001581103564197249
0.001531333450575305
0.001313294638892031
0.0009848198372799436
0.0006326451177186695
0.0003481110864889423
0.0002014964043222738
0.0002228347439576832
0.0003944911914051768
0.000657664804535095
0.0009304818302305408
0.001132100824642062
0.001205531193194997
0.001132417517344911
0.0009357837122593443
0.0006704353816601143
0.0004045043942196062
0.0001983435419565277
8.727334752285278e-05
7.341866795715387e-05
0.0001286983907170024
0.0002072675264412184
0.0002629987100898165
0.0002658398830575349
0.000211721871511003
0.0001228764538589757
3.881681117870222e-05
1.218646073433666e-06
3.815964133773952e-05
0.0001530302806412237
0.0003220302258604623
0.0005010065490247226
0.0006394756555837014
0.0006969738671985378
0.0006563330496788151
0.0005294896099734454
0.0003537610195092537
0.0001798942160860093
5.584885829341676e-05
1.167195765106129e-05
5.037862664243783e-05
0.0001478793033907283
0.0002618763864330551
0.0003466668904372471
0.0003690199965619244
0.0003196585448223177
0.0002166639917094999
9.963530906486282e-05
1.647892682416295e-05
7.25850250720363e-06
9.036413562683283e-05
0.0002555589845892402
0.0004661974147810503
0.0006698569988971958
0.0008140358243210377
0.0008617959324303086
0.0008024303400355317
0.0006539532432228577
0.0004566918347403739
0.0002603824771870845
0.0001089967527068567
2.820957264758917e-05
1.942515886843348e-05
6.191840829251448e-05
0.0001220273160561854
0.0001660178693452673
0.0001721313253323966
0.0001377557854323997
7.948612175283778e-05
2.623862291377316e-05
8.002602921137562e-06
4.428006820105595e-05
0.0001361764335109933
0.0002649428729774421
0.000397490345661543
0.0004968698298325489
0.000534326068575509
0.0004986924434475429
0.0004001166402104957
0.0002667225849543015
0.0001356280123378109
4.096097344613924e-05
3.35589723121543e-06
2.389005125823394e-05
8.479963428682983e-05
0.0001564176152831488
0.0002079358093362587
0.0002183979326762729
0.0001840794194540451
0.0001199051129370556
5.431295347861031e-05
1.942194181345243e-05
3.965345228162186e-05
0.000122737003152649
0.0002560751874290665
0.0004095980360079324
0.0005445153646306429
0.0006249262179634841
0.0006287395972170571
0.0005543978799073023
0.0004214314444958738
0.0002645025400443343
0.0001232248295195605
3.053234043525628e-05
3.663331898271596e-06
4.005710284393776e-05
0.0001194695456860274
0.0002112612233284685
0.0002844894493932438
0.0003173354029751668
0.0003031517817423024
0.0002512422076204983
0.00018245365180659
0.0001213095864112011
8.737704274724423e-05
8.878636773480715e-05
0.0001199641088058631
0.0001642282534067928
0.0002002005158603544
0.000209839778803857
0.0001852540481938052
0.0001320563533957296
6.808995536944263e-05
1.78240900302299e-05
4.353888047100416e-06
4.143381385410132e-05
0.0001282529243755625
0.0002485951771683317
0.0003748569754345105
0.0004756040616744722
0.0005246368967576941
0.0005086077075447286
0.000431130312160364
0.0003119713123823457
0.0001816697242032915
7.318623202902598e-05
1.287427232229205e-05
1.350366411391153e-05
7.121825645742203e-05
0.0001671683329616011
0.0002731994080438168
0.0003599602607329733
0.000404848146392784
0.0003978547734206755
0.0003434793768781012
0.0002586045989422958
0.0001669768864263981
9.21726052668763e-05
5.09962032909263e-05
4.932605977755643e-05
8.130269121195845e-05
0.0001319687351017378
0.0001823987470838191
0.000215627065223639
0.000221642238177986
0.0001999926267921456
0.0001594617278603066
0.0001147986372697564
8.197334547288562e-05
7.307937238004528e-05
9.264756232584758e-05
0.0001362849668420171
0.0001920170105211311
0.0002439250131821974
0.0002768149708166661
0.0002806963136596559
0.0002537187512697234
0.0002026951122444132
0.0001412205307099084
8.586587500811216e-05
5.158985787422786e-05
4.76620581210346e-05
7.516643443004045e-05
0.0001268035443298483
0.0001889152923755706
0.0002452500653837105
0.0002812644182585848
0.0002879418829025462
0.000264042862528814
0.0002162802326629502
0.0001573252196649867
0.0001024329481709398
6.540725169701136e-05
5.508100143286453e-05
7.316931192246665e-05
0.0001140512485155937
0.0001664340683229099
0.0002163900131007734
0.0002510299481014456
0.0002617467708360582
0.0002463121899186976
0.0002092454527838974
0.0001605202586829034
0.0001128944350954622
7.862253754823443e-05
6.640110168714447e-05
7.926547076011907e-05
0.00011395646825333
0.0001618686993091371
0.0002112591492663383
0.0002501882735981297
0.0002694287545573396
0.0002646128361335006
0.0002372427399607698
0.000194168350625049
0.0001458795051536977
0.0001039567233457607
7.833957915690364e-05
7.506822110051194e-05
9.494182276966828e-05
0.0001334888609942017
0.0001820683092884458
0.0002299469446350013
0.0002667464734924495
0.000284740347544173
0.0002804992203826849
0.0002555204694594187
0.0002157220349413077
0.0001700532328924208
0.0001284023486495544
9.950624439611158e-05
8.908154559583215e-05
9.87596457914004e-05
0.0001258973592750941
0.0001643279945740252
0.0002057925192258141
0.0002417676507026567
0.0002652234944606733
0.000271988554871193
0.0002614511329080195
0.0002364684780900152
0.0002026023682813749
0.0001668190630432231
0.0001360034043356994
0.0001156031657520419
0.0001086401149981951
0.0001152914203798988
0.0001330848131490904
0.0001575563408834655
0.000183341400493151
0.0002052279740077348
0.0002191978758740854
0.0002230676108699344
0.0002167298151764092
0.0002019763112151526
0.0001819475630418162
0.0001603934054668499
0.0001409168253516661
0.0001263054996724481
0.0001181209113783039
0.0001165774907273796
0.0001206869299389894
0.0001286065211851711
0.0001381279635439947
0.0001471135096855919
0.0001538973936984324
0.0001575066811167067
0.0001577141137998768
0.0001549515641372011
0.0001501248632068989
0.0001443447644437698
0.0001387091365314294
0.0001341053274327262
0.0001311264068458794
0.000129998622900986
0.0001307045332574774
0.0001330144979400451
0.0001366376096472397
0.0001413268992271137
0.0001469504921804826
0.000153546383817919
0.0001613259261673669
0.0001705879957591127
0.0001816399304755092
0.0001946911490735727
0.0002097577360046189
0.0002265750489197544
0.00024459921673814
0.0002630892874327984
0.0002812540861382604
0.0002984674421968029
0.000314479267385205
0.0003295981619760509
0.0003447400708673305
0.0003613017412034308
0.0003809963688624035
0.0004053174056842237
0.0004352093271111104
0.0004706091039012009
0.000510264946566967
0.0005518307418775334
0.0005922272272397241
0.000628312893350064
0.0006576621689255427
0.0006793307049204633
0.0006941830706788579
0.0007050109021023732
0.000715905822540329
0.0007312352120846258
0.0007544448337665336
0.0007867341110411312
0.0008264071538894029
0.0008686436794102892
0.0009063865671623337
0.0009317815374393999
0.0009381982954183676
0.000922217615821073
0.0008849410637405906
0.0008323751625670874
0.0007744681384883017
0.0007229341588255902
0.0006883759768133761
0.0006773951366466388
0.0006903031700206668
0.0007204784655891989
0.0007553244227542383
0.0007791363199292578
0.0007769375619748688
0.0007385513027816591
0.0006617981712281473
0.0005537574391642827
0.0004296524935857746
0.0003095254837627622
0.0002133764729430026
0.000155993498121879
0.0001430004117955604
0.0001691167174951513
0.0002193446351194433
0.0002728937026949234
0.0003088458773185975
0.0003120084360569002
0.0002772679735926357
0.000211239681863272
0.0001303725232454878
5.634397507780255e-05
9.483009367405564e-06
2.680268688298926e-06
3.717942084591146e-05
0.0001019193415266522
0.0001765890870070909
0.0002376784132754513
0.0002657096386433454
0.0002514437444321074
0.000199054725901151
0.000125124348245986
5.366399447725915e-05
8.428264328117904e-06
5.203530121449949e-06
4.624345086445058e-05
0.0001191204387264923
0.000200419177564177
0.000263508591517435
0.0002878192465316388
0.000266868024387545
0.0002120820652401246
0.0001506674522505073
0.000118182004130903
0.0001473672763052353
0.0002570136482712353
0.000444319267832315
0.000683882227357037
0.0009336382753646665
0.001147136419292377
0.001287759254453028
0.00134121099246547
0.00132137082552023
0.001267514887974817
0.001233024829436404
0.001268490776220493
0.001404513762875998
0.001639042971716361
0.001934801960821688
0.002226718474407763
0.002439328717217731
0.002507795777509502
0.00239764087427203
0.002115914842694378
0.001710924767260689
0.001259614553497302
0.0008471165976140999
0.0005430162759905178
0.0003839434882756926
0.0003651458198105353
0.0004458892975146696
0.0005652962339742044
0.0006636806886894648
0.0007024593024082716
0.0006754593989936402
0.000608350443499184
0.0005460929862826156
0.0005333208104442323
0.0005947248048852825
0.0007226072317449867
0.0008769439183793112
0.0009982150864887825
0.001029193848226022
0.0009381358594161218
0.0007346376140429005
0.000471782647700675
0.0002328460107293871
0.0001052205965583217
0.0001507863465448466
0.0003819865046224159
0.0007528439440274563
0.001169458398361895
0.001517312207352093
0.001698049426935662
0.001663533993151807
0.001435423598959629
0.001103020318519339
0.0007985173879262117
0.0006563021052863881
0.0007689831589778058
0.001154364610825574
0.001744472462162705
0.002401696279828462
0.002958066241516169
0.003265021725543975
0.003239871645028311
0.002892472822785619
0.002323802207266984
0.001696642213511162
0.001186288280029486
0.0009280978194623355
0.0009770679713754708
0.001293471275209956
0.001758229646129902
0.002213261191669727
0.002512488681742446
0.002567831201207121
0.002373859804104153
0.002004196565317109
0.001581268181809357
0.001230481643512067
0.001035497449593793
0.001010085611031454
0.001097032952863776
0.001194289514775968
0.001198640642728168
0.001051001223224036
0.0007656113251495742
0.0004319016216875998
0.0001857771279932037
0.0001601598513722362
0.0004311719616827498
0.000980388635139271
0.001688189570066165
0.002364134378555288
0.002806491738593235
0.002872508364320933
0.002535950525307533
0.001910503738856732
0.001227587058282441
0.0007723531298168119
0.000794738319735871
0.001423746169356907
0.002613052360444767
0.004136647428836402
0.005642454567742011
0.006747067353645342
0.007149206138250239
0.006722601804920161
0.005564027180299231
0.003974781337978555
0.002382128223734099
0.001218959433956691
0.0008005793527108796
0.001231032762852845
0.002371029759872147
0.003876793680806619
0.005298427926952772
0.006211204051171081
0.006337852592329515
0.005628488012942589
0.004272314591964416
0.002639573543525014
0.001170809599671807
0.0002495863286486422
9.430548443170005e-05
0.0007044107646187525
0.001873379160547631
0.003263251336305126
0.00451482248460541
0.005358807510498669
0.00568940531231503
0.005580979974898874
0.005242766056802437
0.004927947154749634
0.004832187448520538
0.005015230507207366
0.005375046359905196
0.005685407701838996
0.005684988633248642
0.005188321539229939
0.004179026947271515
0.002850758747751621
0.001573887895390635
0.0007948110803649282
0.0008928125095180254
0.0020405359430354
0.004115123882538062
0.00669319307126506
0.009143619629688871
0.01079804489754749
0.0111504807401776
0.01003255755408575
0.007703346074598337
0.004818146808692881
0.002277484232080071
0.0009840209847122364
0.001577467106848394
0.004217538932936238
0.008489371661579252
0.01346239952683206
0.01791024988849971
0.02062971368230766
0.02079076830732572
0.01821077986531082
0.013474412216298
0.007854084769986067
0.003028058765093411
0.000667474260106077
0.001981181026976149
0.007346286028425013
0.01612415959672013
0.02673193254381927
0.03695755815143889
0.04447733547917555
0.04742764081854874
0.04492142548755235
0.03734662933125679
0.026375964273597
0.01465041535142452
0.005214614105627538
0.0008008400784780108
0.003157171155293557
0.01256101948924711
0.02765877874672934
0.04569314641376775
0.06306157351734644
0.07611597126796678
0.08201579344954854
0.07942110674360388
0.06888275489772945
0.05280617499355138
0.03497690223061902
0.01976493277442952
0.01113660974395914
0.0117427385809143
0.02225561594261039
0.04113993193770683
0.06491423451787559
0.08888535844009139
0.1081523074862895
0.1187384601688559
0.1185197922846365
0.1077898464057487
0.08928943669859912
0.06766859019410441
0.04851031467648229
0.03707997693734986
0.03709373499455307
0.04979219831189376
0.07352930522194276
0.1039951751922064
0.135092718596574
0.1602450768441043
0.1739437785632638
0.1731271653359644
0.1581303296395438
0.1329068998230586
0.1044615827076045
0.08149155496438369
0.07253959322034328
0.08394195708911978
0.1180602809706456
0.1722041427694225
0.2385138764301703
0.30507045395447
0.3580045662888736
0.3844767549798258
0.375964433705765
0.3312683474543135
0.2586632484809755
0.1767011518902942
0.1132314792538734
0.1027576236758654
0.1821641857914247
0.3854760236401179
0.7382158689596277
1.25252527714583
1.923126872590716
2.726046086423922
3.618712733604229
4.543815507287407
5.433899790697348
6.219127942965093
6.834228986744278
7.226299863589684
7.360984339243372
