# RCS in m**2 for a L=5 cm PVC cube at 0.0 degree aspect angle
# frequency = 90.25 GHz, 
# theta = linspace(0, 6.2832, 1441)
# phi = linspace(0, 0, 1  1)
6.466997542316323
6.344954133002999
5.989814001852768
5.433280777806221
4.723991433942892
3.921860191183179
3.091205410535288
2.293676082558323
1.581783718940398
0.9939323055971619
0.5514836816733388
0.2581260660202869
0.101501866563299
0.05670743334733035
0.09105462335956586
0.1693435222132486
0.2588594803195738
0.3334165817040631
0.3759547267290636
0.3794493889546057
0.3461870236302657
0.2856757830480849
0.2116897001972307
0.1390065338116438
0.08042104761355207
0.04450804287452476
0.03443789924507739
0.04794593519825403
0.07833979772229914
0.1162579927169011
0.1517800961908304
0.1764548140404903
0.1848677117491391
0.1754796221416049
0.1506285924294166
0.1157577272891226
0.07807244730399297
0.04493449038202072
0.02233116078155576
0.01371971022576236
0.01946232805865693
0.03692762823062845
0.06120637413244982
0.08625572218865063
0.106219877446231
0.1166424663763861
0.1153253653360201
0.1026729321878455
0.08147569786505586
0.05620009536407841
0.03196273212824331
0.01341540514548232
0.003780359788276346
0.004236137868027722
0.01376701319182656
0.02948826756207959
0.04735695456970866
0.06309616767913158
0.07312772258046631
0.07530749824922436
0.0693154043480671
0.05662952947026246
0.04011210425807056
0.02330856580884029
0.009639704501979957
0.001655938692350273
0.0005258173269580563
0.005856200047938699
0.01586646412703271
0.02786360656425067
0.03888906598843758
0.04639257731440252
0.048770070565947
0.04565990935582461
0.03793972630768069
0.02744452252364211
0.01648816414553835
0.007309276687034912
0.001572749552819431
4.068219931925516e-05
0.002473460824166906
0.0077692457369657
0.01429050147714383
0.02028657865013237
0.02430474886995631
0.02549493921054745
0.02374310765142338
0.01961860167520745
0.01416433983529851
0.008596485491379389
0.003996457535294594
0.001070691716988105
3.14520043513363e-05
0.0006153071062709036
0.002218061214391053
0.004098339373206032
0.005588514563195316
0.006256408708410378
0.005980585845104439
0.004930375714608842
0.003468355176142694
0.002013923361022729
0.0009114652137924547
0.0003428445020747036
0.0003035952788617858
0.0006424163360600099
0.001142694278265122
0.001614139636056289
0.001961669403603165
0.002209237059010028
0.002473303175388217
0.002898062776748618
0.003578314858074819
0.004499040288273101
0.005515807584388494
0.006385133915302683
0.006836626217379934
0.006665106806989014
0.005811571917627752
0.004404506720945341
0.002745715504913391
0.001240082017991934
0.0002883888942567432
0.0001731321417749479
0.0009718632204348497
0.002524997297474481
0.004469445763742858
0.006330734533845218
0.007648359600207411
0.008099428578374685
0.007585178522582173
0.006256841155785679
0.004471991557586951
0.002696279742180864
0.001376372851179109
0.0008219656325466347
0.001127815472968162
0.002157289308705614
0.003588926517418802
0.005011501078934185
0.006037570161794269
0.006405440143543193
0.006038276533970428
0.005050816842860086
0.003701757042519011
0.002311602963212288
0.001170823158114365
0.0004657519504512084
0.0002412503098903176
0.0004081522626323797
0.0007879149957962163
0.001177874787398233
0.00141489686907804
0.001418285890001315
0.001200922074028906
0.0008494435473966388
0.0004826586714993907
0.0002056079612638946
7.479715269769465e-05
8.595386937027094e-05
0.0001861275040403761
0.0003038769668133559
0.0003845314726189784
0.0004165315849639561
0.0004387919395672105
0.0005260529642252202
0.0007575151713673975
0.001180608528348981
0.001783042702660922
0.002484717923906706
0.003153062643777936
0.003638801288399521
0.003820458681192231
0.003643885107813409
0.003143303873359067
0.002436616454841474
0.001695578913321724
0.00109934697138975
0.0007850728831825345
0.0008105535906990588
0.001139879993771253
0.001655941493036018
0.002195801202040513
0.002597674181895393
0.002745899655890814
0.002600207369356432
0.002202415002860553
0.001658712902326466
0.00110535421487063
0.0006677263046278089
0.0004262099761224731
0.0003977962605188818
0.0005380022051170213
0.0007605422888405665
0.0009675486522392182
0.001079987580741128
0.001059208694259515
0.0009136016644260519
0.0006900713768558906
0.0004544465277068356
0.0002681031991317543
0.0001691038991889438
0.0001632131973264867
0.0002269255699738621
0.0003201972849417858
0.0004034997569806909
0.0004528104854192814
0.0004672206779227908
0.0004668832075090181
0.0004826846959879747
0.000541684683700933
0.0006541211384411185
0.0008068174853127557
0.0009656811268094876
0.001086524676795608
0.001130774553886829
0.001080468506088707
0.000947471729594392
0.0007732692688325118
0.0006191901468021284
0.0005493888384032652
0.0006120272272494232
0.000823992592255011
0.001164090532096954
0.001576553346917431
0.001984405812116728
0.002308367972672848
0.00248640838591049
0.002488279950270082
0.002321522213492705
0.002027485904298268
0.001668984602522443
0.001313673958964603
0.00101739523850207
0.0008124236411432778
0.0007030924509851774
0.000669136735965908
0.000675174893567058
0.0006829645049148186
0.0006627003266055075
0.000600206069706709
0.0004986258321238164
0.0003747425851032821
0.0002516968438337651
0.0001508532234043079
8.52864653821126e-05
5.675376008579375e-05
5.670532853879714e-05
7.040347064827397e-05
8.26554518774256e-05
8.291733312184995e-05
6.833381227509807e-05
4.370408495765856e-05
1.88701833309224e-05
4.434656645762216e-06
7.482629950489436e-06
2.878302990543981e-05
6.234521787619711e-05
9.740699377476629e-05
0.0001221553268235229
0.000127843669841288
0.0001119393257145881
7.92928668367525e-05
4.086720332196994e-05
1.048692757241867e-05
5.714102048376037e-07
1.820751300736731e-05
6.274122350088471e-05
0.0001256823293718717
0.0001929325737905974
0.0002487378444927605
0.0002802211375836422
0.0002812132591826227
0.0002542867638871827
0.0002103815620190571
0.0001661828416663789
0.000139899791224001
0.0001466102241607868
0.0001942822952270994
0.0002816899627400376
0.0003985063134271086
0.0005276808091035561
0.000649340245580699
0.0007453137905923518
0.0008030399867663732
0.000818235327937943
0.0007952959003712097
0.0007459494111421357
0.0006862365094456233
0.0006327881133439391
0.0005992005109096489
0.0005933682907103484
0.0006163245628585284
0.0006625541169276934
0.0007219502146374101
0.0007821685163753077
0.000831611756070275
0.0008616365369011279
0.0008680522880124986
0.0008512848709090578
0.0008158803354086509
0.0007687279155002366
0.0007176084081421059
0.0006692545867851721
0.0006283401329314884
0.0005968473890050107
0.0005742320774361185
0.000558094904555
0.0005451148175351669
0.0005320518516663998
0.0005165188308425242
0.0004974121622492718
0.000474922188332722
0.0004502635996785943
0.0004251683087640763
0.0004013345205828158
0.0003799856872664089
0.000361576233752546
0.000345791993017255
0.0003317034913504947
0.0003180743448421442
0.0003037180214243753
0.0002878130697261856
0.0002701348856549719
0.0002510911313154623
0.0002316666412325921
0.0002132154592242713
0.0001972037737811442
0.0001849064213983947
0.0001771978336200527
0.0001743179562187476
0.0001758566228753411
0.0001807499697506588
0.000187476286483835
0.0001942242839067542
0.0001992143887987937
0.0002009743209081593
0.0001985775786683199
0.0001918492418106924
0.0001814208968976584
0.0001686620143700402
0.0001555094875985716
0.0001441506849652038
0.0001366461690435447
0.0001345649475324012
0.0001386554956320035
0.0001486552764971679
0.000163246203166167
0.000180250616720866
0.0001969256320209224
0.0002104606787614394
0.0002184651753419869
0.0002194416427882643
0.0002131022310110976
0.0002004749412764732
0.0001838088415731439
0.0001661905438708691
0.0001510224694853585
0.0001414068213999623
0.0001395419505311847
0.0001463137478246781
0.0001610254297118776
0.0001814920672985143
0.0002043756664077428
0.0002257396883919187
0.0002417596939322612
0.0002494137890358801
0.0002470631663883483
0.0002347969222324311
0.0002144979135102052
0.0001895339357045322
0.0001642735372001548
0.0001432510063741172
0.0001304631025721414
0.0001285849764245083
0.0001384635110486993
0.0001588822680541752
0.0001866989256902493
0.0002173071609218975
0.0002453645066590823
0.0002657123719819292
0.0002742719348332569
0.0002688320468469485
0.0002495429046788284
0.0002190232065468381
0.0001820696466231933
0.0001449383453338508
0.0001143438855028894
9.628474210103231e-05
9.490987497380677e-05
0.0001116458769918305
0.0001447223439322424
0.0001892186620041332
0.0002377667447176035
0.0002816814587196973
0.0003125046622448915
0.0003235854624328129
0.0003115503591448934
0.0002771658605162141
0.0002255885332071291
0.0001657191797209571
0.0001087668784811738
6.626801005638218e-05
4.780285000130683e-05
5.897098881079849e-05
9.992544001785575e-05
0.00016494314017279
0.0002431244560646876
0.0003202184325374654
0.0003812694908530616
0.0004136426536524142
0.0004097517508306692
0.0003689109018194172
0.0002979549535885309
0.000210194902643679
0.0001230363339698784
5.45502745645178e-05
1.972219969525349e-05
2.716701276757619e-05
7.705069393827378e-05
0.0001607373554345028
0.0002622953678762929
0.0003616759368975636
0.0004388068028093341
0.0004779338721953078
0.0004709222212461475
0.0004191865057492413
0.0003333345041672653
0.0002309817981542077
0.0001328150054847428
5.814038469646703e-05
2.071248514210386e-05
2.585799411436912e-05
6.958806967655908e-05
0.0001398362346920418
0.0002195331205918715
0.0002906670581625024
0.0003384402909943476
0.00035439614710787
0.0003378760251698575
0.0002954696212910103
0.0002387240675277208
0.0001807879093070588
0.0001329437797872072
0.0001019793351110998
8.902013632526665e-05
9.014982013368631e-05
9.838221141857195e-05
0.0001064836454774969
0.0001095446852305331
0.0001066713114972287
0.0001010604307817004
9.865236883622292e-05
0.0001056540615632249
0.0001258553690514044
0.0001585905693922178
0.0001981726597431543
0.0002350076129061163
0.0002582221359420179
0.0002590032523215099
0.000233684811097294
0.0001854940049503991
0.0001243510874444918
6.461703907387748e-05
2.133911309259638e-05
6.020519769605195e-06
2.318412037022682e-05
6.879490154447435e-05
0.0001311092768469202
0.0001937699003216753
0.0002403674208066653
0.000259090501505686
0.0002460768636493088
0.0002064481127518408
0.0001527095093579588
0.0001008110292491958
6.525580797484348e-05
5.459467374529142e-05
6.884110328626038e-05
9.96086158250557e-05
0.0001330232370576243
0.0001545234157983974
0.0001540311526600516
0.0001298281960057387
8.979223973346599e-05
4.945554292051644e-05
2.736413458253599e-05
3.90804386048885e-05
9.170776247127851e-05
0.0001806716630694084
0.0002899792062436592
0.000395947633203114
0.0004735415898955403
0.000503359877794785
0.0004773012103780121
0.000401021044375915
0.0002925257652747505
0.0001771635286247153
8.053462768265986e-05
2.144383796812791e-05
7.059877484286611e-06
3.170197753097296e-05
7.952628619581929e-05
0.0001302779160579883
0.0001660861749977283
0.0001772272680293706
0.0001648678332108375
0.0001400091971242028
0.0001190400462324337
0.0001173455237013979
0.0001432964330561411
0.0001946494623120866
0.0002586400535566483
0.0003158748433985711
0.0003467840749059753
0.0003384654397073983
0.0002896014173522163
0.0002117124031320303
0.0001261827936475465
5.78251252115804e-05
2.712484394772237e-05
4.359347901844605e-05
0.0001024968693717995
0.0001861411869399859
0.000269331972800251
0.000327397037476671
0.0003441119262759066
0.000316923451906547
0.0002577634545180469
0.000188987169740976
0.0001358829782645211
0.0001180457982141169
0.0001425639974554807
0.0002013397410867627
0.0002735144515260978
0.0003323122992321131
0.0003541486543744281
0.0003269656646265885
0.0002550458356244148
0.0001585153346602875
6.759359609903233e-05
1.333383314738596e-05
1.769392510209917e-05
8.625199700126158e-05
0.000205897482457464
0.0003483816326937351
0.0004786720374333413
0.0005654666979510669
0.0005906396907748439
0.0005544465194500586
0.0004749909809438311
0.0003820238890979571
0.000307167039829383
0.0002737581069584903
0.0002894864594220007
0.0003444164376761998
0.000414739887776956
0.0004712103930626407
0.0004892541367022978
0.0004574596704199289
0.0003816061861406068
0.0002827998251177951
0.0001904376303313467
0.0001322998284763366
0.0001250939069233088
0.0001687124507574386
0.0002461763865148237
0.0003293998318409792
0.0003889152102200634
0.0004042776237792286
0.0003717204092957134
0.0003062352366779935
0.0002372901846424336
0.0001993016151847618
0.0002199110632766255
0.0003098200396184087
0.0004576223863862911
0.0006315928774174652
0.0007880416697749337
0.0008838730433708381
0.0008895484658601429
0.00079836683787255
0.0006289818736277964
0.0004204945459675048
0.0002211930247082117
7.463971952306725e-05
7.122544209223979e-06
2.057231878982779e-05
9.30385188454653e-05
0.0001866514533696616
0.0002605200640933038
0.0002845992616100163
0.0002500372025322506
0.0001726910445290304
8.859838735180132e-05
4.262129734922728e-05
7.372763389241112e-05
0.0002014907256547174
0.0004180261241237262
0.0006880710382087835
0.0009574210798264052
0.001167435703076881
0.001271373485271493
0.00124781878010145
0.001107205752750159
0.0008893232693325027
0.0006526520069194399
0.0004584221844326504
0.0003540474243166904
0.0003606697371489241
0.0004683403951435553
0.0006399947793150196
0.0008230190227125833
0.0009646763321411932
0.001026951158367665
0.0009964363419907041
0.0008863969958468971
0.0007308772888533204
0.0005727188101021087
0.0004495494135016033
0.0003821346235982066
0.0003687682406389269
0.0003875522092294417
0.0004057275717829185
0.000393159933152018
0.0003355151113624288
0.0002427170996631949
0.00014953564129753
0.0001074869775650892
0.0001699584197866056
0.0003746195807426128
0.0007283324634717956
0.001199474218353475
0.001720440516685454
0.002201065893502498
0.00254970731920916
0.002696958837901939
0.002615999945570091
0.0023335535500079
0.001927939711601161
0.001514023485015844
0.001217666812406524
0.001145917572352502
0.001359680062168177
0.001856081750230028
0.002564968877092884
0.003361142504036828
0.004089894688638835
0.004600256801700721
0.004778521900602622
0.004574210570333477
0.004012519987141233
0.003190175926859865
0.002256043950164864
0.001379665607168082
0.0007162883288728333
0.0003750308674436412
0.0003975615094924448
0.0007516828642322427
0.001340788874323634
0.002026525972357844
0.002659397742181873
0.00310989719502515
0.003293938425772931
0.00318649314869575
0.002821828853801381
0.002280833562737401
0.001669172051521961
0.001092184195449353
0.0006322996542963346
0.0003343828096175261
0.0002017162811930903
0.0002028432422795605
0.0002865902352806621
0.0004007445434561935
0.0005089625045600918
0.0006012304778338175
0.0006949208095339178
0.0008261957433903957
0.001034193694701515
0.001342442445256416
0.00174321317888895
0.002189807851732353
0.002600580515626817
0.002874924473736131
0.002918954341886514
0.002675433962970021
0.002150732211841948
0.001431265046130524
0.0006834399694743097
0.0001339010099271377
3.130188154700812e-05
0.0005944672248222556
0.001956704868797822
0.004117171479447559
0.006911174603606368
0.01000926739401461
0.01295056228272097
0.01521052498334158
0.01629654273450749
0.01585946922517057
0.01380401155602068
0.01037917381593231
0.006230836920701783
0.002402037324488332
0.0002731726921019834
0.001442499402583978
0.007556065265155022
0.02010457645154156
0.04021107419510166
0.06843803627263118
0.10463169674553
0.1478488926300209
0.196354646472769
0.2477146115915896
0.298972343779109
0.3468942452982213
0.3882606463236672
0.4201664542111948
0.4403040925419472
0.4471865944660153
0.4403036147053115
0.4201668171769748
0.3882611367868277
0.3468947435656878
0.2989728736093598
0.2477154434170236
0.1963554395913958
0.1478496270523812
0.1046300520343456
0.06843684548523138
0.04021141087388312
0.02010482951852127
0.007556210961836064
0.001442551165958568
0.0002731591874441939
0.002401987378741309
0.006230784105190036
0.01037911868908894
0.01380412551245422
0.01585951846347076
0.01629655422682147
0.01521053809784784
0.01295060373424139
0.0100093070948107
0.006911219083003065
0.004117188656574343
0.001956732878714557
0.0005944304700552561
3.129439075982421e-05
0.0001339166619454084
0.0006834282635380169
0.001431252535197379
0.002150724494270249
0.002675428758325937
0.00291895214782264
0.002874929837264331
0.002600585335673519
0.002189785858413795
0.00174319608043842
0.001342440039341188
0.001034198745531451
0.0008261992944234414
0.0006949157246093175
0.0006012323478385428
0.0005089645457836667
0.0004007450967109857
0.0002865830971697186
0.0002028384580102552
0.00020171763410004
0.0003343792435156218
0.0006322920432523853
0.001092165838689054
0.001669165514715839
0.002280827801846686
0.002821832253627462
0.003186494670239785
0.003293941351022258
0.003109890175064753
0.002659372563204906
0.002026534802351507
0.001340799111835996
0.0007516888840759565
0.0003975654789251079
0.0003750291708099808
0.0007162803298770452
0.001379653134037804
0.002256086172662596
0.003190226526067839
0.004012508563237487
0.004574210261389239
0.00477852881721239
0.004600261515156243
0.00408990308833421
0.003361148455703985
0.002564975969440054
0.001856055303886651
0.001359668505251578
0.001145909418269955
0.001217667001747065
0.00151401673006595
0.001927944664364397
0.002333547378912225
0.002615995783322625
0.002696951251484013
0.002549702496621651
0.002201056868621007
0.001720415244629647
0.001199454687769032
0.0007283435454616749
0.0003746208517207049
0.0001699609586199338
0.0001074853431429894
0.0001495325824413978
0.0002427139877427603
0.0003355133205520157
0.0003931599687171914
0.0004057262283835493
0.0003875516029913064
0.0003687695852994475
0.0003821350575178806
0.0004495467762654578
0.0005727149320364265
0.0007308742477454551
0.0008863944645023685
0.0009964345733730628
0.001026951353326367
0.0009646745290863516
0.0008230186818981088
0.0006399981366615627
0.0004683425548044975
0.0003606721231160291
0.0003540442880039878
0.0004584207859886949
0.0006526530617139486
0.0008893324019380668
0.001107215997135781
0.001247820097718238
0.001271368431090917
0.001167437630288866
0.0009574269239916366
0.0006880771805614227
0.000418030546847892
0.0002014966990739109
7.372929336075242e-05
4.262075300176885e-05
8.860013862378786e-05
0.0001726889821748974
0.0002500346230984832
0.0002846010930413902
0.0002605225271151837
0.0001866532999335062
9.304191549485541e-05
2.05723754017079e-05
7.123772168021561e-06
7.46444111157285e-05
0.0002211936188393501
0.0004204941509824417
0.0006289853338290102
0.0007983737557639253
0.0008895475443911668
0.0008838728660830027
0.0007880425006368049
0.0006315997349621517
0.0004576144655299535
0.000309815866009919
0.0002199132830524168
0.0001993020468585554
0.00023728813293067
0.0003062346787018526
0.0003717206459021745
0.0004042778544526808
0.0003889174769179839
0.0003294025879666989
0.0002461703628694455
0.0001687104403420299
0.000125095064278768
0.0001322996845731156
0.0001904377196154465
0.0002827963702289156
0.0003816067232741538
0.0004574612600783656
0.0004892561020457421
0.0004712073582228722
0.0004147381052447284
0.0003444154561183937
0.0002894895739226522
0.0002737555267641417
0.0003071668668938615
0.0003820188076343586
0.0004749893497331965
0.0005544463200753948
0.0005906402158201726
0.0005654620921437906
0.0004786668383730121
0.0003483811763474078
0.0002058985552120006
8.625091213494205e-05
1.769482981883427e-05
1.333323449979403e-05
6.759299948311022e-05
0.0001585121378260066
0.0002550448077613741
0.0003269708330943781
0.0003541474983522465
0.0003323126412851212
0.0002735144663758276
0.000201341243863862
0.0001425642913012003
0.0001180459556145738
0.0001358825499296879
0.0001889870607789888
0.0002577640122165445
0.0003169290216339169
0.0003441111389648509
0.0003273996847577392
0.0002693325653362469
0.0001861441418788709
0.000102496998147381
4.359375495023211e-05
2.712525539127692e-05
5.782463965419537e-05
0.0001261860432213736
0.0002117131454586437
0.000289599564902867
0.000338462016411053
0.0003467851208816666
0.000315870077767163
0.000258641456756714
0.0001946464405560461
0.0001432966223001585
0.0001173437807737686
0.0001190396440071676
0.0001400089900548933
0.0001648644392963649
0.0001772272619288481
0.000166085239728084
0.0001302782609078942
7.952494277856998e-05
3.170173909231415e-05
7.060565419528156e-06
2.144232166074286e-05
8.053834056597102e-05
0.0001771666943148898
0.0002925244440422475
0.0004010152720646727
0.0004773001413561589
0.0005033607019840987
0.0004735428505837698
0.0003959419327961989
0.0002899802556349787
0.0001806661296418944
9.170907878898721e-05
3.908145331089474e-05
2.736332908554046e-05
4.945521688278276e-05
8.979368077232865e-05
0.0001298272816332241
0.0001540347658327418
0.0001545220433929869
0.0001330226791907595
9.96081460453266e-05
6.883986839285132e-05
5.459440022150601e-05
6.525519445390355e-05
0.0001008115809683703
0.0001527065765338112
0.0002064494522029761
0.0002460756041183486
0.000259092725608491
0.0002403732892510764
0.0001937683091532844
0.0001311081807449987
6.879583714567678e-05
2.318596321075777e-05
6.020627410836671e-06
2.134022841706488e-05
6.461696737836175e-05
0.0001243529936737014
0.0001854952894325118
0.0002336891192747139
0.0002590002516662818
0.0002582219583251836
0.0002350079675006663
0.0001981715529768854
0.0001585892381862544
0.0001258539820762497
0.0001056544674807137
9.865160644486987e-05
0.0001010626252494959
0.0001066709597015029
0.0001095480598864992
0.0001064820996676358
9.838339676043731e-05
9.015075527262784e-05
8.902397524665653e-05
0.0001019814904884356
0.0001329434977250303
0.0001807874694113019
0.0002387237101178433
0.0002954707584757597
0.0003378764075791456
0.0003543961803200742
0.0003384460603669367
0.0002906689421920469
0.0002195296841618878
0.0001398394971764496
6.958512214922318e-05
2.585799069796736e-05
2.071243815375073e-05
5.813788794912678e-05
0.0001328144135218869
0.0002309771546993055
0.0003333395083741245
0.0004191850573213651
0.0004709212565367529
0.0004779341324350408
0.0004388134602323238
0.0003616756922442662
0.0002622988707871466
0.0001607365908261781
7.705407257692312e-05
2.716534041953563e-05
1.972150308506497e-05
5.454950040067165e-05
0.000123040431027883
0.0002101944267604516
0.0002979566403612063
0.0003689105909206821
0.0004097509476153385
0.0004136482278924431
0.0003812717577602876
0.0003202226392920159
0.0002431265966648776
0.0001649413192670755
9.99265337092828e-05
5.896907948256953e-05
4.780373266570519e-05
6.626672475891542e-05
0.0001087677297049389
0.0001657199896536341
0.0002255862009387224
0.0002771640053578761
0.0003115470548349627
0.0003235903861113396
0.0003125033122919409
0.0002816803076722222
0.0002377645747334703
0.000189218417021567
0.0001447205781540722
0.0001116481660410696
9.490867034923996e-05
9.628221516708568e-05
0.0001143437131594111
0.0001449385399199726
0.0001820675064245978
0.0002190231889130618
0.00024954000230253
0.0002688298437059264
0.0002742725467607088
0.0002657116942844458
0.000245365108684357
0.0002173073193875168
0.0001866980924663924
0.0001588810448213265
0.0001384651771340319
0.0001285853469640404
0.0001304635711491592
0.0001432503199198102
0.0001642723925259086
0.0001895400525811555
0.0002144975082779309
0.0002348010915398192
0.0002470645441265039
0.0002494133225396675
0.0002417611987008618
0.0002257437711780653
0.00020437375175636
0.0001814948847495357
0.0001610211404181822
0.0001463126982640373
0.0001395397766244664
0.0001414032121104792
0.0001510228105679196
0.0001661910025778797
0.0001838090937233773
0.0002004738112152932
0.0002131022548843446
0.000219442842312366
0.0002184662317140814
0.0002104629314667659
0.000196924898204652
0.0001802494571468551
0.0001632454746978446
0.0001486528132986749
0.0001386558118306316
0.0001345630130098729
0.0001366441024011977
0.0001441556652993617
0.0001555098141649317
0.0001686619191416993
0.0001814185715166984
0.0001918472420619315
0.0001985746722499111
0.0002009814991142158
0.0001992133244527727
0.0001942264661286162
0.0001874736280634755
0.0001807524658273988
0.000175854672946726
0.0001743193205320474
0.0001771993416026733
0.0001849093859421174
0.0001972025304949074
0.0002132188509412999
0.0002316585458895981
0.0002510862721868147
0.0002701328738729284
0.0002878112920484814
0.0003037151500642185
0.0003180715888997437
0.0003317046109816218
0.0003457892241943491
0.0003615780529966064
0.0003799847580426281
0.0004013346604894755
0.0004251663888956509
0.0004502581951162939
0.0004749097862405195
0.0004974104919053954
0.0005165202493790951
0.0005320495464018496
0.0005451205020104679
0.0005580959051484339
0.0005742289453679798
0.0005968474254074666
0.0006283376405065409
0.0006692530886869439
0.0007176040761221604
0.0007687272452520907
0.0008158781216915288
0.0008512886526571093
0.0008680436390232769
0.0008616186023059434
0.0008316059477347528
0.0007821622624460007
0.0007219413295671296
0.0006625655732598074
0.0006163116159615263
0.0005933640529455659
0.000599204322419061
0.000632789180197856
0.0006862421573860874
0.0007459528441096052
0.000795295852008063
0.0008182472768241336
0.0008030448787215714
0.0007453177171038047
0.0006493417018251887
0.0005276755246027365
0.000398506280650892
0.0002816816937466485
0.0001942779401465854
0.0001466084737882904
0.0001399021826368871
0.0001661845933942554
0.0002103782502763488
0.0002542878952166311
0.0002812210100123842
0.0002802249374529269
0.0002487292835449107
0.0001929360967720658
0.000125678635843899
6.274476518024274e-05
1.820478997417336e-05
5.714877406606087e-07
1.048710126232617e-05
4.087020344914037e-05
7.929398788732766e-05
0.0001119428763655703
0.0001278411635944005
0.0001221517074388291
9.740666324078301e-05
6.234214267138261e-05
2.878408146666099e-05
7.482773590368725e-06
4.432684559782446e-06
1.886989936000317e-05
4.370508664223943e-05
6.833230785415144e-05
8.292206317424255e-05
8.265286259299568e-05
7.040627684474765e-05
5.67076965475913e-05
5.6758529270639e-05
8.52816625481654e-05
0.0001508522725360197
0.0002517081842577016
0.0003747430636099924
0.0004986434431726154
0.000600200746908574
0.0006627114529974292
0.0006829695108755068
0.0006751769638412577
0.0006691341139778827
0.0007030922674050028
0.0008124351502353474
0.001017384467541882
0.001313691721204584
0.001668980915856255
0.002027506903530483
0.00232150338963329
0.002488274639296752
0.002486408798030659
0.002308366087607873
0.001984428767906923
0.001576554075598765
0.001164068191035903
0.0008240082890070287
0.000612030828083964
0.0005493965906765637
0.0006191917317758379
0.0007732592120675221
0.000947478459036494
0.001080468225050228
0.001130774183814631
0.001086522888357709
0.0009656858269181564
0.0008068110479713959
0.0006541169126097538
0.0005416807685424057
0.0004826845527487581
0.000466883394281811
0.0004672257377084385
0.0004528108544415737
0.0004034963650167465
0.0003201973719026878
0.0002269216161793413
0.0001632142475004452
0.0001691067162973743
0.0002680991054164089
0.0004544560114894087
0.0006900878016608378
0.0009136146689157312
0.001059202613112555
0.001079987622417592
0.0009675310074167732
0.0007605342377276142
0.0005379921533584964
0.000397795050837182
0.0004262145337051109
0.0006677137879226126
0.001105349898534802
0.001658678348360018
0.002202414542508054
0.002600212828931768
0.002745861860169716
0.002597660129047743
0.002195809379116045
0.001655928865315283
0.001139892167196153
0.0008105471496978873
0.0007850622488380666
0.001099346984747472
0.001695607792621282
0.002436616723924498
0.003143327347247389
0.00364386371630021
0.003820459085881539
0.003638816537326668
0.003153051851254085
0.002484744613371891
0.001783054906637023
0.001180638216209309
0.0007575153653013375
0.0005260408187781052
0.0004387956317657798
0.0004165252093807225
0.0003845336245031267
0.0003038764713672384
0.0001861308696978917
8.595175218598324e-05
7.479694229391003e-05
0.0002056078049423506
0.0004826686962908312
0.0008494378560020153
0.001200942666440093
0.001418285519319926
0.001414880853661675
0.001177889996054388
0.0007879071574600116
0.0004081599218614095
0.0002412501190471992
0.0004657780064660367
0.001170823673786839
0.002311700089287146
0.003701734209648682
0.005050857121974893
0.00603826224374793
0.006405418243541486
0.006037584512616732
0.005011454820046742
0.003588982641027413
0.002157289657768024
0.001127792323577751
0.0008219650974643978
0.001376399111562291
0.002696207929716476
0.004472048022026513
0.006256773744975339
0.0075851960762762
0.008099403978036259
0.007648358605752872
0.006330576895187552
0.004469457896934178
0.002524919178796296
0.0009718850590441763
0.0001731237043737268
0.0002883736476235375
0.001240102124999155
0.002745645787908605
0.00440450696492844
0.005811657147610816
0.00666510762497708
0.006836601384475282
0.006385156491989469
0.005515768442118591
0.004499009386736153
0.00357828869777605
0.002898106348643265
0.002473327384815403
0.002209281875948475
0.001961669639009487
0.00161412114049698
0.001142703945972126
0.0006423866373695658
0.0003036002053971545
0.0003428541370861328
0.0009114354789311181
0.002013965916486773
0.003468290803688956
0.004930376685202727
0.005980620488327688
0.00625639953452887
0.005588467519786916
0.004098343515624878
0.002217984798225599
0.0006153353452996388
3.145495838429901e-05
0.001070610434913868
0.003996522964620657
0.008596722773989625
0.01416426590977506
0.0196188326455934
0.02374300641763715
0.02549489667009086
0.02430483210311933
0.02028641352326098
0.014290840535344
0.007769204174119945
0.002473638137761172
4.068218689439136e-05
0.001572941170030162
0.007309215106270976
0.01648855262454944
0.02744422723544022
0.03793985698122119
0.04565958414696827
0.04877002389146227
0.04639280201734747
0.03888907393520908
0.02786302049824668
0.01586676557311919
0.005855853524245996
0.0005258844568815026
0.001656023596398525
0.009639431842548682
0.02330891184944643
0.04011125082025119
0.05662952889923271
0.06931554514292385
0.07530743096215591
0.07312755139228765
0.06309645066718353
0.04735641989382662
0.02948888682782149
0.01376674527803238
0.004236310210444152
0.003780364774077579
0.01341459629242504
0.03196264888108163
0.0562013459165631
0.08147512584464253
0.1026738017481815
0.1153251653592905
0.1166424831235665
0.1062206201608528
0.08625540188743216
0.06120765287010745
0.03692762353500757
0.01946184275605254
0.01371972491889996
0.0223316181516946
0.04493381823309694
0.07807339980206368
0.1157566204876789
0.150628809594072
0.1754787741314388
0.1848676384545682
0.176453920900828
0.1517804141673282
0.1162565117857528
0.0783404651474422
0.04794526704613538
0.03443804347424352
0.04450843314587623
0.08041877564792439
0.139006859522027
0.2116860075347747
0.2856755374706044
0.3461890684626434
0.3794491105462552
0.3759535232757593
0.3334183749086352
0.2588578746115237
0.1693468658443606
0.09105397968168008
0.05670747110239204
0.1015017699999304
0.2581365284231975
0.5514787547242067
0.9939515652493462
1.581768066285407
2.293696146236726
3.09117589941685
3.921871571280424
4.723955323304738
5.433281894894467
5.989837794727555
6.344952637799897
6.466997682411422
