# RCS in m**2 for a L=5 cm PVC cube at 0.0 degree aspect angle
# frequency = 92.25 GHz, 
# theta = linspace(0, 6.2832, 1441)
# phi = linspace(0, 0, 1  1)
11.61326664223071
11.41418084291499
10.83361897442174
9.919796247315492
8.74696810041098
7.407168035812288
6.000163132078409
4.623032525524986
3.360555556111025
2.277657410271677
1.414720293996325
0.7861205313833624
0.3819899104220768
0.1726659591461052
0.1150213983119325
0.1596585028505053
0.2578993070652114
0.3676577512593929
0.4575140303470586
0.5086473667130665
0.5146637607010186
0.4796175427868732
0.4148337812575689
0.3351925012907483
0.2555733521003075
0.1880157131910859
0.1399615625599789
0.1137055788919832
0.1069434011751617
0.1141265014842484
0.1282249978847662
0.1424767300236626
0.1517692370419239
0.1534241017542809
0.1473084348695444
0.1353539645963728
0.1206777443471692
0.1065632626249302
0.09556292939252221
0.08891241076167873
0.08637026522266408
0.08646691933636215
0.08705775064153595
0.08601184630438097
0.08184104227833215
0.07411650499771417
0.06356606773654642
0.05185356534368941
0.04110797339820109
0.03333333122616883
0.02986418887089752
0.0310000243922077
0.03591450229807808
0.04285482029035569
0.04957714214135901
0.05390245425776323
0.05425177304908594
0.05002448374452783
0.04173365726073364
0.03086074511246965
0.01947916798722341
0.009740556813573572
0.003357317493126226
0.001205273344910649
0.003147249665644458
0.008109839533990823
0.01438907243212376
0.02010040249484223
0.02365393717385434
0.02413731013198685
0.02150882821356626
0.01656204565781073
0.01067684460545796
0.005429531439427377
0.00216824030193569
0.001662454849366058
0.003918820759791865
0.008202477334887796
0.0132541498998777
0.01763912232711555
0.02013337758571555
0.02004299728120889
0.01737815235493584
0.01283701904832956
0.007611452635036671
0.003069098926535498
0.0003985163994147703
0.0003111052421812233
0.002871603417320121
0.007499066400486664
0.01312879804733703
0.01848765445484973
0.02240789727690681
0.02409757368883491
0.02330224466648832
0.02032612744502298
0.01591508324524783
0.01104426346638509
0.006669413376595555
0.00350982577116849
0.001912488570994883
0.001824436395984486
0.002866144814473075
0.004475251564283324
0.006073749297845874
0.007210244799823027
0.007644834605667011
0.007361553525517048
0.006518922459406582
0.005363346578209553
0.004139014641875828
0.003022247254446711
0.002096420863101244
0.001367356805309157
0.0008041509501910502
0.000384516461661396
0.0001229664037509942
7.077483056995191e-05
0.0002883365782305688
0.0008027458668821746
0.001570018452985787
0.00246047788882211
0.003277268131475997
0.003806430468656722
0.00388301294301144
0.003451909941975873
0.002600997657522852
0.001551557556639189
0.0006054935371967675
6.226878861323676e-05
0.0001296323277344785
0.000855910837189731
0.002106039190214978
0.003590627750880252
0.004941945102791214
0.005815114130529397
0.005985620507704481
0.005414007927581784
0.004258505595690337
0.002831597152006913
0.001513311582354525
0.0006461368895767167
0.000442670812064281
0.0009314275637299711
0.001955490733859085
0.00322253009350954
0.004389522435342294
0.005156660600882816
0.005344277062167313
0.004929877651096402
0.004040389730406234
0.002904084084748948
0.001779635971484907
0.0008849468370344685
0.0003462136093922158
0.0001797089294303521
0.0003067482300465584
0.0005936840462598336
0.0009004315932317321
0.001121634106215161
0.001208456021734206
0.001167597272873202
0.001042099766685519
0.0008840297575037724
0.0007313476182271725
0.0005972834761061281
0.0004749093003455106
0.0003529079107183864
0.0002339506132672483
0.0001460905730013099
0.0001407079147773904
0.0002762854209420184
0.0005933907419853911
0.001090539808269956
0.001711099917582789
0.002348304695773128
0.002868865943259404
0.003149431561260568
0.003114340108034931
0.002762640073604532
0.002174326372122989
0.00149255574295276
0.0008862946420689985
0.0005040144583072509
0.0004321785602292849
0.000671312787310538
0.001136722775098175
0.001683739289806019
0.002149554839705583
0.002399031639042419
0.002360989744191664
0.00204482301598882
0.001533249429545466
0.0009549322424195213
0.0004458336942107003
0.0001116735916407376
2.151397902949721e-06
0.0001033630817076325
0.0003490995191960609
0.0006454607451798632
0.0009005235023898868
0.001048836359232958
0.00106494867354676
0.0009626246356944911
0.0007830170425333599
0.0005765382813691143
0.0003860239637667649
0.0002364715724218426
0.0001336887200525112
7.065549579906282e-05
3.776877778540293e-05
3.181835853055089e-05
5.964212923090414e-05
0.0001350888327048498
0.0002706499569846161
0.0004675661415210029
0.0007090932113217105
0.0009601673872357032
0.001174912368422278
0.001309741655284835
0.00133795931748041
0.001260720025278648
0.001109993160417023
0.0009417773168311793
0.00082143030589313
0.0008043466469853715
0.0009188365659254423
0.001156002679296889
0.001470012406315513
0.001789208014270512
0.002034661876145312
0.002141165698762065
0.002074562328196456
0.001840325342660476
0.001481647350139475
0.001067384591363443
0.0006739335807076877
0.0003660247615260687
0.0001821765390656865
0.0001278501288654767
0.0001779656261043279
0.0002872074719413514
0.0004042603442807294
0.0004860921531404256
0.0005078658940135632
0.0004665593564287944
0.0003779095398150367
0.0002684930287330932
0.000166059717549788
9.094825900933553e-05
5.13595581203533e-05
4.312271856403921e-05
5.347368115099586e-05
6.704051193117212e-05
7.171327345733971e-05
6.249123356675533e-05
4.219993092659169e-05
1.927607655268011e-05
3.647348764668211e-06
2.473460492965399e-06
1.723103398788421e-05
4.319423804265593e-05
7.132416065378586e-05
9.178854963840281e-05
9.777998717681722e-05
8.82384252962094e-05
6.844959006299302e-05
4.839328494757077e-05
3.936053117060589e-05
4.997619389126065e-05
8.307648561023702e-05
0.0001343811950676218
0.0001935739711981175
0.0002474098894921799
0.000283878949257079
0.0002961904386083454
0.0002852414959042776
0.0002597456893014875
0.0002340753195047633
0.0002241338054645696
0.0002427167688087588
0.0002955328725690469
0.0003790870521435499
0.0004810824237260639
0.0005832926786738108
0.0006659960602967848
0.0007130857196120667
0.0007161379192438552
0.0006767369488189702
0.0006061226640749625
0.0005226232714083044
0.0004471912398726845
0.0003985394420446143
0.0003887512182768731
0.0004205932089330445
0.0004871710797089998
0.0005736666498602662
0.0006609425905824912
0.0007298236037494523
0.0007653698527091379
0.0007597711722547904
0.0007137327906885414
0.000635745042989524
0.0005399179991449328
0.0004427085731562984
0.000359419608201749
0.0003013545818608458
0.0002739028202059987
0.0002760967800528033
0.0003014422689382749
0.0003398651770890759
0.0003799020678518462
0.0004111779889131907
0.0004261126828813454
0.0004211517312204162
0.0003967025381370407
0.0003567743700830173
0.0003076695654776038
0.0002566115978042341
0.0002103776944930975
0.0001741462856770308
0.0001508970428575615
0.0001411799480692974
0.0001433808223341546
0.0001542724801075097
0.0001697529868528784
0.0001856474163657862
0.0001983479594522396
0.0002053647216134033
0.0002055478754803424
0.0001991537995772406
0.0001876095617336249
0.0001731716612764263
0.0001584249093306386
0.0001458001523376063
0.0001371441793128296
0.0001334192541551305
0.0001345808610648969
0.000139664846385368
0.000147046292159644
0.0001548338905011752
0.0001612811885255704
0.00016517298080916
0.0001660821105685323
0.0001644109779959537
0.0001612660739509534
0.0001581388499324216
0.0001565150007841858
0.0001574459425895916
0.0001612692678104255
0.000167466521342013
0.0001747582625438282
0.0001814304420882877
0.0001857348737298799
0.0001863843349216626
0.0001829194752315426
0.0001759209588638049
0.0001669406018967336
0.0001581857959951274
0.0001520536079606677
0.0001505007069452282
0.0001545541507960431
0.000163953525482961
0.0001771320054669936
0.0001914483291527709
0.0002037951572542476
0.0002112164032638491
0.0002117134021438785
0.0002047039521715168
0.000191278151528654
0.0001740709044504884
0.0001566837534375279
0.0001429575264824131
0.0001360552365569295
0.0001377072640585609
0.0001477452242705445
0.0001640503663939168
0.0001829715938572034
0.0002001188373858477
0.0002113672167050999
0.0002138177199391328
0.0002065442463562931
0.0001908559883084783
0.000170062345677168
0.0001487273637898989
0.0001316068151521644
0.0001225105316372097
0.0001233384180550194
0.0001335860683565284
0.0001504106418256533
0.0001692908992891177
0.0001851095863410845
0.0001934984983978764
0.0001918979010767212
0.0001803296431292671
0.0001614459676517189
0.0001399010498177018
0.0001212071228138113
0.0001102742281701093
0.000110054679357614
0.0001206447703974342
0.0001391501705179786
0.0001602839880629066
0.0001777106473548803
0.0001857374751955736
0.0001809674130556568
0.0001633766912550098
0.0001366216000270059
0.0001073080010993488
8.340928283747658e-05
7.218430735580797e-05
7.81128905620146e-05
0.0001014491306217844
0.0001377575793485026
0.0001787105214898071
0.0002140127562556058
0.000233922112252708
0.0002319667265850577
0.0002068684264660871
0.000163309808125766
0.000111223946122343
6.354106066813247e-05
3.311062126100968e-05
2.934805298099507e-05
5.564003240350021e-05
0.0001080555364365059
0.0001759490250467482
0.0002442508429610598
0.0002970469709832564
0.0003215308069580158
0.0003112265799511506
0.0002679062341991943
0.0002012585636845678
0.0001267192141789742
6.171149993382492e-05
2.136475929676231e-05
1.480300947637655e-05
4.294000002275314e-05
9.835716025573863e-05
0.0001673411400808438
0.0002334578404518968
0.000281723108038626
0.000302248421381869
0.0002923956922644014
0.0002569003306434359
0.0002060099228661596
0.0001522601193686837
0.0001068902590565337
7.696192098599963e-05
6.398069268043617e-05
6.442324464446775e-05
7.181914820948921e-05
7.968508186030749e-05
8.425363021370534e-05
8.599184361183544e-05
8.93905758413114e-05
0.0001010489462904829
0.0001266365972348006
0.0001678797296397262
0.0002206155954870403
0.000274835692756437
0.0003169039397202957
0.0003334772670495689
0.0003159376427455309
0.0002640611576438904
0.0001873825178496671
0.0001038368504508522
3.559233300759611e-05
3.189281495582827e-06
1.959877139823143e-05
8.593804515004844e-05
0.0001903055303798589
0.0003101836048699097
0.0004179781707370899
0.0004881796115437664
0.0005041006633548727
0.0004623724661776551
0.0003736469374191383
0.00025948576480131
0.0001462272291982903
5.765020189322053e-05
8.736833359064674e-06
2.218558123791132e-06
2.899918941481874e-05
7.213721260454831e-05
0.0001130407940360634
0.0001377661726540886
0.0001413704406406911
0.0001289472273852291
0.0001129559651324762
0.0001079456153569108
0.000124462805083935
0.0001643897915864902
0.0002193818746423278
0.0002731263266576376
0.0003067296546249275
0.0003054975304416333
0.0002647225406341726
0.0001924686183197388
0.0001080836001225917
3.676374532633662e-05
1.896409411788737e-06
1.741448455554335e-05
8.291898294781889e-05
0.0001831712198263243
0.000292320566171368
0.0003816088662082138
0.0004281047861954698
0.0004216901193267974
0.0003679297984809553
0.0002859031959593303
0.0002016933703453203
0.0001396557891123684
0.0001144948025494869
0.0001267006058548198
0.0001630216674157882
0.0002017344538164485
0.00022096153039867
0.0002070716147128367
0.0001602629442744901
9.524813441161727e-05
3.661499286322225e-05
1.049253958362072e-05
3.512415640255081e-05
0.000113767407420979
0.0002323520079313645
0.0003629395181375594
0.000471878694617592
0.0005301724219273997
0.0005224901816573143
0.0004518868462917197
0.0003385916909718513
0.0002133106148178411
0.0001072463804959194
4.225730217469039e-05
2.452321490530183e-05
4.379791098113065e-05
7.845432886606485e-05
0.0001044960069126666
0.0001052721472938931
7.832491464501357e-05
3.693743754426654e-05
5.584275376834747e-06
1.085057123041535e-05
7.095723139847837e-05
0.0001876381784248761
0.0003433822943976267
0.0005053225939177481
0.0006346741263256719
0.0006987335306405383
0.0006814249282384386
0.0005888220463727359
0.000447578185051833
0.0002968241304503104
0.0001759028103704558
0.0001121964856441214
0.0001129508829899024
0.0001638793363797212
0.0002350180865943242
0.0002917694456902847
0.0003073939568593339
0.0002725905390134064
0.0001989641250281913
0.0001149922889504721
5.598758761462976e-05
5.136377166800541e-05
0.000113683870798425
0.0002332320990509076
0.0003801864682552603
0.0005137190550654589
0.0005950874802778036
0.00060035496150209
0.0005284074546981902
0.0004015764743205969
0.0002585007070591767
0.0001416263753565232
8.35045490876904e-05
9.634251807877395e-05
0.0001684832518832874
0.000268887633850421
0.0003581127941999454
0.0004021185121160245
0.0003841220131602445
0.0003105627675996323
0.0002089116811947663
0.0001182115233205956
7.531294089521456e-05
0.0001016169191164871
0.0001948709868537782
0.000328991686045381
0.0004622307622837088
0.0005511796726445604
0.0005660278466247448
0.0005020085535567658
0.000382928239900008
0.0002553383062989126
0.0001747184046257455
0.0001879112423062824
0.0003172119716266423
0.0005512520080478091
0.0008459026288844713
0.001135068671591541
0.001348675803235781
0.001432276809682434
0.001362693941899557
0.001154855343911681
0.0008577713818488482
0.000540898786617707
0.0002749388573302076
0.0001127439568224559
7.603537026452236e-05
0.0001515240184081292
0.000297450379684463
0.0004580784946163791
0.0005814931675879356
0.0006351662384274775
0.0006144072505365737
0.0005413631855021879
0.0004552874212910016
0.0003973322686227676
0.0003951976271798134
0.0004526962393134804
0.0005479061844541268
0.0006406540463744593
0.0006870767294199058
0.0006566461741909148
0.0005459437998737838
0.0003843231816817143
0.0002290010536773935
0.0001502900466723277
0.0002107656668657354
0.0004444035879397116
0.0008420514149961301
0.001347912035050424
0.001869357500897436
0.002297834360245857
0.002536032139326502
0.002524134152123044
0.002258075299129901
0.001794278214892876
0.001239226473470843
0.000725769600762439
0.0003818374213492486
0.0002994066930592858
0.0005113531894407951
0.0009823876603904493
0.001616241084008444
0.002277573151514057
0.00282320220465311
0.003134932008531248
0.003146080524528319
0.002855366230817788
0.00232498152675933
0.00166421327150123
0.001002246566778271
0.0004580379781222398
0.0001142246342197927
1.285880364709183e-06
9.53957284505559e-05
0.0003296375394155262
0.0006149673905228692
0.0008649689268956918
0.001017708712906839
0.001049270961416986
0.0009755791213808443
0.0008429908522823475
0.0007106445377183093
0.0006300705113972593
0.0006281286811618811
0.0006981643515712824
0.0008023385731910872
0.0008843248157632132
0.0008891305641631068
0.0007844105832872781
0.0005766292371762775
0.0003171259855390442
9.502078411960216e-05
1.757304526459066e-05
0.0001820655103102091
0.0006458303895472345
0.001402281895979979
0.002370118805959881
0.003399898789880387
0.004299570910306579
0.004874258384407539
0.004973415577193958
0.004535199760561415
0.003617324779443787
0.00240574595533682
0.001196206354683361
0.0003488829863506938
0.00022227635035883
0.001096654173132034
0.003102239373144262
0.006166364746562619
0.009992931458537295
0.0140830411650509
0.01779847753080642
0.02046325848744013
0.02149047804459671
0.02051716761434261
0.01752575974702839
0.01293088749629747
0.007614655567047878
0.002897649986575168
0.0004435607237843397
0.002102342844571288
0.009707099462236198
0.02484679354608067
0.04864137751042831
0.08154971372225713
0.1232247522748339
0.1724630280888129
0.2272268285614529
0.2847654565213068
0.3418154396462589
0.3948671202724695
0.4404661682931694
0.4755253047126526
0.4976059740963484
0.5051448850488914
0.4976054982410567
0.4755256898281764
0.4404668377349654
0.3948676153810107
0.3418161414671428
0.2847662758057079
0.227227689889527
0.17246365249637
0.1232228961410819
0.08154828272882395
0.04864181620867167
0.02484706598222987
0.00970726709095478
0.002102403360453954
0.0004435483083796113
0.0028975918901962
0.007614581858434603
0.01293082363854252
0.01752589847281659
0.02051725401176995
0.02149046351421982
0.02046327760786218
0.01779853134090749
0.01408309765188915
0.009992985775270675
0.006166390689553288
0.003102277487626941
0.001096599812650759
0.0002222622231922919
0.0003489065206523513
0.0011961892547877
0.002405727227626247
0.003617309376481789
0.004535189343203794
0.004973410953234691
0.004874262455786065
0.004299588213069559
0.00339985020097105
0.002370081265813039
0.001402295730264089
0.0006458388014599884
0.0001820706016830144
1.757327234332352e-05
9.501822921902597e-05
0.0003171214337945332
0.0005766224614816905
0.0007844139859029375
0.0008891292703790982
0.000884319440263249
0.0008023393160215576
0.0006981688749692855
0.0006281173613434093
0.0006300709331043182
0.0007106427731595236
0.0008429978261931404
0.0009755808726274911
0.001049273045460208
0.001017710298447819
0.000864961469564633
0.0006149702610772565
0.0003296400310682293
9.539879758503088e-05
1.285864760943075e-06
0.0001142215659751826
0.0004580371498772989
0.001002236734742067
0.001664248070542161
0.002325014061591905
0.002855356308137118
0.003146084610956878
0.003134937594399831
0.002823206812172351
0.002277583622716569
0.001616245230200828
0.0009823966980207939
0.0005113415771411263
0.0002994017528043835
0.0003818430095565784
0.0007257661629906243
0.001239221120863435
0.001794266056111273
0.002258070301195138
0.002524136402029691
0.002536032855523478
0.002297837962308534
0.001869340038134436
0.001347882966080317
0.0008420330910802225
0.0004444095879530429
0.0002107663559843122
0.0001502903104411608
0.0002289995599826672
0.0003843175441555687
0.0005459417780085063
0.000656646376115248
0.0006870743719352351
0.0006406509039011248
0.0005479078377251524
0.0004526974870447292
0.0003951976010504813
0.0003973298450691923
0.0004552843166774519
0.0005413639964051954
0.0006144046464579835
0.0006351690617253305
0.0005814868369988277
0.0004580671369385463
0.0002974503535962117
0.0001515271099171625
7.603567081809797e-05
0.0001127428028052021
0.0002749311067448464
0.000540895625120308
0.0008577717674537469
0.001154866177626485
0.001362701208121582
0.001432274309318497
0.00134867382032301
0.001135077401861145
0.0008459090144895873
0.0005512596211198903
0.0003172123853043565
0.0001879142784364183
0.0001747188331349877
0.0002553416069609029
0.0003829335225407522
0.0005020098665707979
0.0005660285710244145
0.000551179827812388
0.0004622336551781498
0.0003289945605362652
0.0001948739689829159
0.0001016169824065658
7.5313442281369e-05
0.0001182148900350485
0.0002089120856255341
0.000310563905494389
0.0003841230716746625
0.0004021299389394304
0.0003581141727530557
0.0002688887692927379
0.0001684834417999722
9.634400503795582e-05
8.350586417052388e-05
0.0001416306780429716
0.0002585000620045242
0.0004015745169966051
0.0005284070956583234
0.0006003534423580252
0.0005950898452418108
0.0005137192240322414
0.0003801881703660139
0.0002332357772428142
0.00011367872248344
5.136313013550254e-05
5.598519653001396e-05
0.0001149914173665351
0.0001989641920944896
0.000272591132987311
0.0003073926722982204
0.0002917705751213681
0.0002350175751732311
0.0001638769875006462
0.0001129502727332163
0.000112198554453311
0.0001759027901383814
0.0002968206091882382
0.0004475776956590078
0.0005888191130746353
0.0006814230076555947
0.0006987336468463862
0.0006346726606858463
0.000505315748062965
0.0003433787790567739
0.0001876371979541679
7.09588000096071e-05
1.085008665311729e-05
5.584231250159958e-06
3.693814436325654e-05
7.832397940389539e-05
0.0001052719273138177
0.000104497193057451
7.845368717966026e-05
4.379619178537376e-05
2.452316103987139e-05
4.225659980096543e-05
0.0001072438163801129
0.0002133110677301777
0.0003385917367320773
0.0004518876445332878
0.0005224901282934923
0.0005301717509263656
0.0004718759999068972
0.0003629346098664398
0.000232353366330078
0.0001137677821053991
3.512474650276722e-05
1.049221761491298e-05
3.661504821795364e-05
9.524991990321722e-05
0.0001602617879733132
0.0002070764594704875
0.0002209617772287578
0.0002017337959361954
0.0001630261515496621
0.0001267027289501941
0.000114499351228317
0.0001396547619972501
0.0002016914362664004
0.00028589885962564
0.000367932938469255
0.0004216885035618549
0.0004281023687261234
0.0003816104262130851
0.0002923203718308508
0.0001831665235304663
8.291938283310903e-05
1.741199482300992e-05
1.896595958336778e-06
3.676960205922622e-05
0.0001080814346601939
0.0001924680036647645
0.0002647206881167512
0.0003054969239190179
0.0003067327635290529
0.0002731281046588864
0.0002193784698086961
0.0001643906665880883
0.0001244624095700331
0.000107944306349141
0.0001129545789744893
0.0001289474914758236
0.0001413710363787992
0.0001377646831429283
0.0001130404104186377
7.213690837878434e-05
2.900091061706238e-05
2.218252762808601e-06
8.736641324744129e-06
5.765361939467704e-05
0.0001462234998637617
0.0002594881331331122
0.0003736399003966913
0.0004623661828136446
0.0005041018300804202
0.0004881701249510442
0.0004179725364090572
0.0003101835240297061
0.0001903022567898856
8.594040449244084e-05
1.959760089463003e-05
3.189392876511465e-06
3.559279760093329e-05
0.0001038320831691376
0.0001873818693038922
0.0002640649627240697
0.0003159381585387789
0.000333479350739864
0.0003169054633022901
0.0002748301323155172
0.0002206180580748204
0.0001678818684495377
0.0001266376690621523
0.0001010489838028828
8.939104964554479e-05
8.599285980084116e-05
8.425621872646882e-05
7.968409072083668e-05
7.181875451906474e-05
6.442252544484708e-05
6.398040762482543e-05
7.696050237770857e-05
0.0001068900693145178
0.0001522633058564
0.0002060100765779531
0.0002569009135534999
0.0002923930645368043
0.0003022432111841051
0.0002817259714554342
0.0002334572815921162
0.0001673441266134715
9.835526245130719e-05
4.294135763012406e-05
1.480323131767152e-05
2.136522636844658e-05
6.171160948605565e-05
0.0001267251862774489
0.0002012564585107713
0.000267907173325436
0.0003112264096844051
0.0003215304486790946
0.0002970505845168267
0.0002442494603529507
0.0001759421287905101
0.0001080581992332898
5.563945009820746e-05
2.935282630394239e-05
3.311053033954289e-05
6.354021733067745e-05
0.0001112241989718313
0.0001633055036549889
0.0002068652621919089
0.0002319629552799348
0.0002339252722044716
0.0002140075555276085
0.0001787095876794726
0.0001377504170821905
0.00010145156434935
7.811263148709302e-05
7.218449337856653e-05
8.341087395545055e-05
0.0001073101175852485
0.000136622199459101
0.0001633771550231357
0.0001809685027669059
0.0001857397994917194
0.0001777104922106275
0.0001602848682325598
0.0001391492642921007
0.0001206470686233167
0.0001100523951783756
0.0001102773748572517
0.0001212065969422887
0.0001398945763903257
0.0001614381977422645
0.0001803290934798981
0.000191897280105154
0.0001934979986141667
0.0001851097838005209
0.0001692899001165049
0.0001504108809527801
0.0001335841138131678
0.0001233377027255685
0.0001225094717991822
0.0001316077946452227
0.0001487263297273292
0.0001700606519321955
0.0001908538272085144
0.0002065413136379711
0.0002138163085527704
0.000211368953173088
0.0002001187891658458
0.0001829705288624437
0.0001640512507526039
0.0001477452628277971
0.0001377074415049126
0.0001360541119015892
0.0001429561674276627
0.0001566837164423221
0.0001740676899646762
0.0001912796884278276
0.0002047037128470875
0.0002117135160942725
0.0002112177872744326
0.0002037929580757646
0.0001914495289386052
0.0001771317311298695
0.0001639552402526072
0.0001545538411423749
0.0001505004300524465
0.0001520540649615795
0.0001581869309562723
0.0001669381243225811
0.0001759204932903031
0.0001829194229073155
0.0001863841998866683
0.0001857360235845911
0.0001814319386033417
0.0001747596820135688
0.0001674617953182834
0.0001612689910371171
0.0001574467819466034
0.0001565152019097474
0.0001581401947363358
0.000161264950500023
0.0001644163171339866
0.0001660833452565021
0.0001651720396620242
0.0001612793698960878
0.0001548349746488833
0.0001470478468631114
0.0001396638456510055
0.0001345809559365208
0.0001334156807011256
0.0001371458844383788
0.0001458014609702542
0.00015842466092444
0.0001731704512930412
0.0001876088587334645
0.0001991536979732656
0.0002055447371870476
0.0002053612150111064
0.0001983491405072297
0.0001856469210795441
0.0001697566919653578
0.0001542689952129188
0.0001433771892825393
0.0001411812310943335
0.00015089748003056
0.0001741479802566055
0.0002103796063943888
0.0002566184222437434
0.000307672400277186
0.000356770702877813
0.0003967009628533255
0.0004211525852301033
0.0004261136837705598
0.0004111861487146291
0.0003799088585216707
0.0003398611796833924
0.000301446367183111
0.0002760795622786572
0.0002738967317337806
0.0003013565488803884
0.0003594210503670791
0.0004427050932701267
0.0005399179250534854
0.0006357532927876611
0.0007137313261330902
0.0007597777524626665
0.0007653677592059174
0.0007298184220275813
0.00066093431821843
0.0005736750834544058
0.00048717351651759
0.000420599069774831
0.000388742474060967
0.0003985486345842563
0.0004471973834344334
0.0005226159585880876
0.0006061260794246473
0.0006767299833579315
0.0007161301528824301
0.0007130851117101959
0.0006659898649241029
0.0005832876417716923
0.0004810890850046126
0.0003790893859112567
0.0002955319526398455
0.0002427174062979216
0.0002241407510008835
0.0002340760270660242
0.0002597434482306214
0.0002852387293953889
0.000296190333277757
0.0002838794124837497
0.0002474070767805986
0.0001935678966449185
0.000134380708760625
8.307895254800719e-05
4.997888359457856e-05
3.936218069557467e-05
4.839302099700465e-05
6.844981736687463e-05
8.823988484227071e-05
9.778145517383892e-05
9.178638303303172e-05
7.132203753615327e-05
4.319518224456556e-05
1.723113483492596e-05
2.472643567556846e-06
3.647317860555956e-06
1.927609462542895e-05
4.219961248319137e-05
6.248908522602846e-05
7.171860775925851e-05
6.704039965178399e-05
5.347537652410883e-05
4.312222098913679e-05
5.136244731483653e-05
9.094586864892036e-05
0.0001660599336315077
0.0002684920604582497
0.000377886316908255
0.0004665589280844432
0.0005078689714851989
0.0004860863655073758
0.0004042571258241329
0.0002871924358136347
0.0001779727240873825
0.0001278497799287189
0.0001821706166009335
0.0003660295345882276
0.0006739102405559507
0.001067384819679801
0.001481665091158481
0.001840322682358535
0.00207458024724386
0.002141150575814653
0.002034616628516208
0.001789214599609121
0.001470013745162635
0.001156003567861967
0.0009188273477176996
0.0008043306500845364
0.0008214222029038461
0.0009417865389574127
0.001110005161047915
0.001260708954788479
0.001337961885602167
0.001309733218479846
0.001174936087501197
0.000960159766331401
0.0007091121736293021
0.0004675663317289791
0.0002706404491508797
0.0001350907832305166
5.963857028472867e-05
3.181858000888639e-05
3.777103230926862e-05
7.065215668873493e-05
0.0001336888157715182
0.000236469774626723
0.0003860239724270828
0.0005765543355463492
0.000783017506272326
0.0009626303026686379
0.001064945568355633
0.00104883704571103
0.000900534750244795
0.000645448790872248
0.0003490754384100633
0.0001033599351152057
2.151491489569546e-06
0.0001116734986320121
0.0004458458063402991
0.0009549176316548507
0.001533273958420248
0.002044803445347263
0.002360991550621208
0.002399031308776609
0.00214955387056075
0.00168379664110058
0.001136722786760595
0.0006712983557811314
0.0004321856824681904
0.0005040282436631255
0.0008862944848135857
0.001492581578980672
0.002174303510737744
0.002762652021872517
0.003114346348513156
0.003149430387523943
0.002868859151645821
0.002348303934201436
0.001711083184375287
0.001090560023801171
0.0005933670442564343
0.0002762808420322885
0.0001407096074036887
0.0001460916615476322
0.0002339550794746381
0.0003529002271747645
0.0004749094140738286
0.0005972976445813811
0.0007313491081093376
0.0008840239571985917
0.001042099759427626
0.001167604846945132
0.001208448579908415
0.001121624591254631
0.0009004513558653557
0.0005936839735350067
0.0003067297131051247
0.000179707745905074
0.0003462355234803999
0.0008849327488067886
0.001779655016983936
0.002904058694922688
0.004040426590886528
0.004929844403358734
0.005344276039147096
0.005156650657896042
0.004389521215765867
0.003222355087165871
0.001955521815674867
0.0009313998791871589
0.0004426734619182339
0.0006461489733622389
0.001513255101944594
0.002831689898206802
0.004258404444944363
0.005414009408592184
0.005985574567699515
0.005815098791809427
0.004941911024498985
0.003590678657595713
0.00210601520870254
0.0008559518549129301
0.00012962419428837
6.225023494652049e-05
0.0006054935654789425
0.001551611791683584
0.002600968313330343
0.003451922553274464
0.003882994564309173
0.00380643750703071
0.003277251635513456
0.002460500220081816
0.001570048064122828
0.0008027455590742526
0.0002883100110940234
7.077473594799578e-05
0.0001229686405382723
0.0003845103228774623
0.0008041746044019808
0.001367343607075063
0.002096465805534207
0.003022194890668187
0.004139056553031125
0.005363307013693517
0.006518919319403617
0.007361562649454532
0.007644861339604852
0.007210196262587968
0.006073783025797083
0.004475235061290944
0.002866158206726698
0.00182445759439898
0.001912457457705821
0.003509825852905532
0.006669598524181012
0.01104413353842538
0.01591527732184878
0.02032600060257328
0.02330229939978111
0.02409755437691636
0.02240788295310814
0.01848782232739834
0.01312870207507622
0.007498820606292271
0.002871664522616981
0.0003110517351712165
0.0003984801030504998
0.00306913814775637
0.007611335039449713
0.01283714874091472
0.01737800120943568
0.02004298241224261
0.02013331178614814
0.01763912139987778
0.01325390931782815
0.008202415834752215
0.003918685125120835
0.00166249575882069
0.002168275030501881
0.005429376262614459
0.01067689911176812
0.01656179050723376
0.02150882403324377
0.02413733747553009
0.02365388733675304
0.02010013854494155
0.01438923400289847
0.008109459859895479
0.003147315759880633
0.001205296735015854
0.003357124357498863
0.009740556152832817
0.0194794934225879
0.03086055163200664
0.04173423811807653
0.05002443093188546
0.05425165485621106
0.05390264609921686
0.04957693522376334
0.04285513255959262
0.03591443489644242
0.03100014199997184
0.02986419401163209
0.03333370225056071
0.04110764950458044
0.05185422851643329
0.06356587275705845
0.07411684484856676
0.08184107230140963
0.08601174946206255
0.0870575913092351
0.08646691845471358
0.08637030358402557
0.0889124283821618
0.09556308470329999
0.1065630772844662
0.1206780019298129
0.1353537364949379
0.1473084135741609
0.1534240819535556
0.1517691376543875
0.1424760455645822
0.1282252179060673
0.1141261003466416
0.1069434824627851
0.1137059979275104
0.1399606223353098
0.1880167161925675
0.2555698123926705
0.3351928487250436
0.4148299650068631
0.4796172768279333
0.51466445711913
0.508647830256902
0.4575108604535007
0.3676606540941956
0.2578973372861798
0.1596614709420895
0.1150212593857437
0.1726596600885881
0.3819897749636083
0.7861450083324981
1.414710013298669
2.277693683897223
3.36052668849109
4.623066968065832
6.000114638967646
7.407188167802821
8.746906130600799
9.919798749296161
10.83365668765194
11.41417969128593
11.61326671989211
