# RCS in m**2 for a L=5 cm PVC cube at 0.0 degree aspect angle
# frequency = 92 GHz, 
# theta = linspace(0, 6.2832, 1441)
# phi = linspace(0, 0, 1  1)
10.60546942094073
10.42171930261376
9.88604028378791
9.043425044941356
7.963097200001219
6.730749666535971
5.439088025225037
4.178066540030954
3.025878657591744
2.041947939635887
1.262611935571632
0.6998814539266189
0.3432281458243127
0.1638997128046866
0.1209680709817187
0.1681483479229982
0.2603660546182682
0.359207822063305
0.4366232310454851
0.4765642239447617
0.4746188642189677
0.4359533355966549
0.3721541818051031
0.2976258689665213
0.2262113825873011
0.1685741142540152
0.13067116739287
0.1134222029630862
0.1134380289654935
0.1245036616865615
0.1394016161999948
0.1516538768590837
0.1568313376839923
0.1532133613572886
0.1417390247035387
0.1253560344713707
0.1079833274590348
0.09337225298163226
0.08414454779022638
0.08120805671580969
0.0836635175957626
0.0891762866848634
0.09468627316764575
0.0972609650747034
0.09486737657762299
0.08688182322198865
0.07421756620720339
0.05906097080419791
0.04429504939168568
0.03276032888810165
0.02654622276730698
0.02648016326575257
0.03193836644106403
0.04101188355174777
0.05098344889185511
0.05898674969804489
0.06268827366860877
0.06082349256164358
0.05346628704490617
0.04196900171012475
0.02860318480419189
0.01599249327072851
0.00648531791062217
0.001614290770648866
0.001777822433767977
0.006204668336587877
0.01320322256896405
0.02062117859634902
0.02639211507646842
0.02903427473344515
0.02797474782400314
0.02363292296406121
0.01724753768824659
0.01050836069228773
0.005092736114392066
0.002229300952275935
0.002402580968420297
0.005264903696018739
0.009770988229402457
0.01448969244547491
0.01800418155578067
0.01929030464909825
0.01797709919780105
0.01442304114832325
0.009596976844005024
0.004802209734402885
0.001321897411947495
8.317042556448985e-05
0.001425752253608702
0.005031976467585216
0.01002865925175275
0.01522635239022665
0.01942757067113138
0.02171961490540551
0.02167870297899622
0.0194383059262009
0.0156132556704364
0.01111117999380832
0.006887016612956955
0.003711243937855689
0.002008288397915431
0.001801310689987323
0.00276495701303614
0.004360012648348757
0.006003736334146735
0.007224195070771934
0.007759248807687664
0.007580488459787494
0.006846642663391249
0.005812554103458512
0.004728716246474154
0.003765218509625447
0.002980846243351309
0.002341044874868027
0.001770129603929638
0.001212364674828377
0.0006767688863639493
0.0002458844250367525
4.678671808476339e-05
0.0001950826575333618
0.000734342029891907
0.001596242804282025
0.002599066302731742
0.003489124294853021
0.004014177123775956
0.004005537363992038
0.003441225451707936
0.002466775628191024
0.001364504397131838
0.000476896628162027
0.000106493497819558
0.0004227421391015876
0.001404651843842867
0.002838678062141263
0.004373954731686009
0.005619445610887177
0.006254716842332522
0.006121425306547822
0.005267947716999701
0.003935019133579855
0.002485671602781959
0.001302027338239363
0.0006788798745811083
0.0007451757862674829
0.001435395423650279
0.002516821145049911
0.003662962624829495
0.004548460750244202
0.004938370071878531
0.004745028209394288
0.004039043909010056
0.003015089823452181
0.001925797612533377
0.001006403343758678
0.0004130476344051437
0.0001921333572883418
0.0002851007283292597
0.0005640336270222159
0.0008820632278677213
0.00112102610384675
0.001221203202921042
0.001186288983712453
0.001065478603396369
0.000922673667492312
0.0008066107618476251
0.0007330926121740008
0.0006852433339718268
0.0006300940842743265
0.0005429638583663716
0.0004284126730223902
0.0003278616812632756
0.0003096735633900447
0.0004443588970738715
0.0007739766344910216
0.001287265513166917
0.001911409797999507
0.002524698927482514
0.002988050932175777
0.003185955106100659
0.003063267228790449
0.002646064806800059
0.002038373109543108
0.001394935968732385
0.0008782657157305241
0.0006122809714406307
0.0006472937732473384
0.0009469443986612345
0.001400632004715678
0.001857484982510768
0.002171226762618536
0.002241838623951065
0.002042190088732722
0.001621890334163103
0.001088845596012292
0.0005747488497309621
0.000196460471836531
2.45599711610407e-05
6.798500758574923e-05
0.0002780387735285469
0.0005684496249451492
0.0008443254484484745
0.001029557215642223
0.0010852496542965
0.001014076273794221
0.0008517664871838462
0.0006496653276072887
0.0004559208091729854
0.0003017380403810924
0.0001965186501288014
0.0001322469434452852
9.411420820191143e-05
7.193546453921998e-05
6.760128633938938e-05
9.537051406241579e-05
0.0001751937101203657
0.0003218029075376598
0.0005345308979874528
0.0007920103500239246
0.00105486772670768
0.001275593513941211
0.001413038330686744
0.001446373529570023
0.001383363925903474
0.001260077449206318
0.001131380126103263
0.001054763208205349
0.001072608008056999
0.001198446032559429
0.001411390660205584
0.001660901836180597
0.00188039210439501
0.002005588697002651
0.001992633779732098
0.001829939123010753
0.001541228476352348
0.001178621805403108
0.0008084210569294803
0.0004936183842628853
0.0002785130321338338
0.0001793378615840608
0.0001831172860361269
0.0002545526094135105
0.0003480382938992721
0.0004212283993998116
0.0004459522327802924
0.0004137296186421977
0.000335051911924299
0.0002331247646721
0.0001350289337422904
6.273838159339307e-05
2.719770301510446e-05
2.657816056119912e-05
4.88241227445541e-05
7.713217159973769e-05
9.619284891655872e-05
9.713224550389421e-05
7.962941724170437e-05
5.092254870232232e-05
2.225039726937267e-05
4.37255832334529e-06
3.619886862247839e-06
1.992138515837947e-05
4.727846308050758e-05
7.632468213219757e-05
9.79797510727656e-05
0.0001068123000967599
0.0001029476641568637
9.194267551669694e-05
8.271592087368645e-05
8.426103577625576e-05
0.0001024629923735096
0.0001378753764312549
0.000185438022450421
0.0002361142552700598
0.0002798298063421119
0.0003089762461958605
0.000321068325603183
0.0003197887344651921
0.0003141944381127467
0.000315954246918226
0.0003358118088482291
0.000380041659361801
0.0004481813897000864
0.0005325620283509575
0.0006199636767788536
0.0006948569878912433
0.0007434106081028441
0.0007571985090112322
0.0007354838408261322
0.0006855385436520012
0.0006211810250521137
0.0005592231375523643
0.000515586686073144
0.0005014677984654253
0.0005207511454518384
0.0005692387862197608
0.0006357582182073882
0.0007048807342781946
0.0007604340469215204
0.000789267665407649
0.000783833139137433
0.0007436607311910752
0.0006750864099286579
0.0005895233047716678
0.0005008258647344353
0.000422262497912202
0.0003639958263892871
0.0003313001285630772
0.0003239833223797397
0.0003370070753317749
0.0003620900912622318
0.0003895556378660369
0.0004104992980826738
0.000418321713645649
0.0004097758207467234
0.0003850879954004412
0.0003475706302787236
0.0003024937968776143
0.000255981939714991
0.0002137297117192889
0.0001800911849984593
0.0001575501796284377
0.0001465107897795476
0.0001455785580442815
0.0001520188088871787
0.0001623940786643743
0.0001732289392889625
0.0001815430298020653
0.00018527955674585
0.0001835001313488256
0.0001764475520477343
0.0001653268454462318
0.0001520825523517174
0.0001389671469378419
0.0001281511789370709
0.0001213390464149535
0.0001194618026243101
0.0001225283732764917
0.0001296264693023382
0.000139113074951368
0.0001489318479005277
0.0001570185513767717
0.0001617398030167194
0.00016223565983779
0.0001586007400101682
0.0001519026205168834
0.0001439654115338526
0.0001369898371913735
0.0001330636225188856
0.0001336928681196263
0.0001394260016341261
0.0001496711145913197
0.0001627958971268951
0.0001763905226495877
0.0001878054726731863
0.0001946841588327695
0.0001955272489343734
0.0001900455614488714
0.0001792737649424792
0.0001654406366847191
0.0001515030441095699
0.0001405704854726663
0.0001352233147495892
0.0001369689487724924
0.0001458521630593731
0.0001604287027596631
0.0001779866063517473
0.0001951276131926737
0.0002084077591465164
0.0002150810113188646
0.0002136917045546225
0.0002043564986733193
0.0001888028871139713
0.0001699899395011185
0.0001515283255884262
0.000136924716109024
0.0001288857232517432
0.0001287542171435979
0.0001362822905576423
0.0001497011205923231
0.0001661244428652328
0.0001821553289938651
0.0001946244049630307
0.0002011919613030909
0.000200779264683019
0.0001936901337774868
0.0001814681079988888
0.0001664537333554618
0.0001512529266953733
0.0001381726423349226
0.0001288188337793712
0.0001238791784234414
0.0001231973442199148
0.0001259591857690747
0.0001310844566233204
0.0001375396904216054
0.0001445692246938275
0.0001517151725403671
0.0001587191027293339
0.0001652412097860571
0.0001706195413659513
0.0001737982233719145
0.0001733649235804902
0.0001679374408598642
0.0001566460654138741
0.0001396886587270122
0.0001187622964450269
9.707257818059536e-05
7.902696964604924e-05
6.938030252259319e-05
7.210606692580521e-05
8.921475002533384e-05
0.0001198191729151926
0.0001597504452336306
0.0002019712890646623
0.0002377977084194236
0.0002586792623704026
0.0002583418547848794
0.0002345920408608001
0.000190381004496736
0.0001338382498163912
7.692501274849574e-05
3.308877654329881e-05
1.421430844651324e-05
2.771346306553058e-05
7.431505033295658e-05
0.0001473126431429413
0.0002334728287557959
0.0003156137370352142
0.0003763110339267175
0.0004018563230068142
0.0003856855454306824
0.0003302104136727963
0.0002467085553750406
0.0001530167869873794
6.969513424650607e-05
1.533679704195702e-05
2.287562553052724e-06
3.372925797219921e-05
0.0001029000350900487
0.0001946797151311527
0.0002891100010579809
0.0003660312796830454
0.0004096934248194787
0.0004121431958707668
0.0003746555684596262
0.0003068600146700904
0.0002239213303391785
0.0001425800686356848
7.713548124840044e-05
3.647468825590178e-05
2.277450759326504e-05
3.21664938483533e-05
5.693042722470068e-05
8.842434544391422e-05
0.0001197713168273946
0.0001474621841785025
0.0001714309876423376
0.0001937666117651358
0.0002165251034808249
0.0002397075001965665
0.0002601550361025545
0.0002718964786609361
0.0002680541302169638
0.0002436403873007342
0.0001982931555125653
0.0001379301185273412
7.449691071883883e-05
2.357637921539519e-05
3.999872955163184e-07
1.529497954648178e-05
7.001996027603155e-05
0.0001561872970697925
0.0002565158113877943
0.0003487574867124882
0.0004113098056697375
0.0004290816439443293
0.0003976372743368271
0.0003245777482432823
0.0002275302745320383
0.0001292394071257804
5.126958274688918e-05
8.071156486416521e-06
3.343326905446863e-06
2.970483393783562e-05
7.178055538781187e-05
0.0001116932546902716
0.0001351717477300728
0.0001362667273029951
0.0001190776610426574
9.596921415093006e-05
8.276943667498409e-05
9.267720801826159e-05
0.0001308667741812978
0.0001918025574874558
0.0002602619182564993
0.0003158745039480617
0.0003398049685985418
0.0003213534549405859
0.0002622147538278162
0.000176866587952917
8.873798957783416e-05
2.326407495333478e-05
2.472166486428225e-08
2.64993855608046e-05
9.554061617105364e-05
0.0001874906021509637
0.0002763021646661728
0.0003377212838435464
0.0003568775825570217
0.000332715620309486
0.0002778405815456831
0.0002137616476593596
0.0001633009954342397
0.0001425552558822702
0.0001554046132048316
0.0001924152258530275
0.0002344784813290123
0.0002601058309311668
0.0002537392607052645
0.0002120824690121039
0.0001461820327904108
7.837052527321675e-05
3.486804020461169e-05
3.66004740442039e-05
9.133629402962638e-05
0.0001899880660685913
0.0003084696622780207
0.0004147870318087606
0.0004789956066452936
0.0004827799120047546
0.0004254594209428155
0.0003242103572483467
0.000208463101399173
0.0001102119900043927
5.362606617304218e-05
4.734560456522616e-05
8.226005110235664e-05
0.0001354585373015971
0.0001790845913367735
0.0001908995612526047
0.0001629614308303305
0.0001051602529713555
4.233932825087305e-05
5.798357209080241e-06
2.202424010247415e-05
0.0001025665441295202
0.0002386074158569656
0.0004023493327802573
0.0005548860488813985
0.0006581750404215743
0.0006871107138017783
0.0006376504897510404
0.0005282705763693404
0.0003940778469444933
0.0002755920304449379
0.0002058060191912116
0.0001998500695318226
0.0002507505305209822
0.0003326024807829332
0.0004100501370482481
0.0004508137495437146
0.00043697262389553
0.0003710851807309183
0.0002751395819643992
0.0001826197471121312
0.0001265515528398716
0.0001275408518108114
0.0001861765070339974
0.0002823561329035345
0.000381961839964643
0.000448637878136968
0.0004566548389808207
0.0004004425693967767
0.0002973647857426545
0.0001826150143068213
9.782342450925159e-05
7.699492497601076e-05
0.0001346033573256522
0.0002598492300173983
0.0004191426516759023
0.0005662337783137922
0.0006567384556300489
0.0006623508927501176
0.0005800784126437286
0.0004333595803420266
0.0002646945378277044
0.000121962230900835
4.309383683859253e-05
4.39183618197864e-05
0.0001134295157383365
0.0002179609435734889
0.0003130765095225157
0.0003593157225156538
0.0003365408392527352
0.000252135239347582
0.0001400735150605632
5.086286003314778e-05
3.536954210153076e-05
0.0001275364412910249
0.0003315400905107425
0.0006176755900894566
0.0009286088749608911
0.001194409868158662
0.001352081792247871
0.001363856729058317
0.001228560974631508
0.0009828021961650472
0.0006912392642840211
0.0004289979244685345
0.0002611536779995343
0.0002252679457983136
0.0003220766321046342
0.0005167636543533861
0.0007502031021772658
0.0009567006711921172
0.001082649794589784
0.001100679667254791
0.001015318437455819
0.0008586733026018322
0.0006781677217523833
0.0005202787582224569
0.0004157374503241507
0.000370897065264323
0.0003679776964833095
0.0003739106237558056
0.0003548480783581643
0.0002913471503974401
0.0001889647523932995
8.039623794822632e-05
1.776484041532783e-05
5.692345526097344e-05
0.0002382743919280483
0.0005699095360961914
0.001018838440299528
0.001513702766758888
0.001959300657920484
0.002259848627153708
0.002345189282827364
0.002192488880702252
0.001837389202176391
0.001370626776331799
0.000919842620509285
0.0006206178152438161
0.0005832525634363497
0.0008637799847805892
0.001446592545744397
0.0022435255040089
0.003110313357013708
0.003876959112060556
0.004385247522163857
0.004524507725304609
0.00425729268543749
0.00362899079551548
0.00275865392365333
0.001813642297685048
0.0009737141737983395
0.00039274300518594
0.0001670123305005516
0.0003167466597041747
0.0007848272393575415
0.001452321035176708
0.002166483611090931
0.002774897286965588
0.003157029598766672
0.003247059555189457
0.003042894719471663
0.002600513472479078
0.002016193044739022
0.001401488812343365
0.0008576698772402492
0.0004556685084141986
0.0002258883046158827
0.0001593058514088575
0.0002185432599271898
0.0003547123085031309
0.0005247767035591679
0.0007042335719884077
0.000891502481575916
0.001102974414272791
0.001360396942531815
0.001674869273740957
0.00203272843365536
0.002388864826931191
0.002670733078162645
0.002793925228763837
0.002686867445293421
0.00231875257606779
0.001723593984193373
0.00101264903846401
0.0003692553261502171
2.388141918375626e-05
0.0002107679790894813
0.00111359213586231
0.002810055535943511
0.005228077967407968
0.008125994690906548
0.01110579581309548
0.0136638030930791
0.01527597393562535
0.01550852455580781
0.01413748548585437
0.01125784415775457
0.007360640233063966
0.003359900837944945
0.0005567460633371045
0.0005362757323075495
0.005003549273739421
0.01557442492444646
0.03354592162860531
0.0596774734069945
0.09400545992993338
0.1357405323363259
0.1832419290148186
0.2340973872486989
0.2852988374689507
0.3335002182743509
0.3753279566158961
0.407714076990545
0.4282058203897497
0.4352181448704423
0.4282053191882891
0.4077144435460221
0.3753284455472665
0.3335008083361622
0.2852995486239118
0.2340981561796717
0.183242694983634
0.1357411090651729
0.09400389283296094
0.05967632267971485
0.03354622229911371
0.01557463518631419
0.005003651437061546
0.0005363040528942117
0.0005567175711449041
0.003359846742753201
0.00736057693022879
0.01125778642067654
0.01413756967582497
0.01550854207073424
0.01527599139559175
0.01366382334140955
0.01110583634515802
0.008126034280540541
0.005228118935966051
0.002810065401046365
0.00111361377009364
0.0002107472088408709
2.388619179636933e-05
0.0003692776453979455
0.001012639339273597
0.001723584004337885
0.002318741654586652
0.002686861994845898
0.002793924655939861
0.002670737629931129
0.002388870207064949
0.002032713688189683
0.001674853490099873
0.001360399076513136
0.001102979925025302
0.0008915069327946717
0.0007042321198439087
0.0005247794574913647
0.0003547154488440752
0.0002185442178533108
0.0001593039864738555
0.0002258949503007498
0.0004556820813086192
0.0008576607688592332
0.001401472628136945
0.002016165470804687
0.002600504803707023
0.00304288952345467
0.003247070613437178
0.003157039103898833
0.002774873121569709
0.002166460732231939
0.001452288717352614
0.0007848340731617516
0.0003167509305564014
0.0001670118249535082
0.0003927351309159189
0.000973704286453507
0.001813642488255977
0.002758638121606691
0.003629032119531425
0.004257324638685635
0.004524507490912123
0.004385258285358856
0.003876970498464099
0.003110326234732065
0.00224354221799994
0.001446601205233148
0.0008637873017762075
0.0005832480700351548
0.0006206268316459615
0.0009198536067654085
0.001370620273955677
0.001837378976572309
0.002192475305619013
0.00234518998452988
0.002259858036910973
0.001959300978702255
0.00151371089692765
0.001018823197448486
0.0005698892585846853
0.0002382630122379691
5.692591789397593e-05
1.776412206719922e-05
8.039503887170275e-05
0.0001889634420845433
0.0002913435022987771
0.0003548479117424361
0.0003739102773640969
0.0003679775463614928
0.0003708980237768582
0.0004157378322835417
0.0005202760729813526
0.0006781648441320294
0.0008586684635473602
0.001015313408622782
0.001100682406744562
0.001082650054561617
0.0009566947013264598
0.0007501903662157833
0.0005167496306246092
0.0003220780224395529
0.0002252695072867467
0.0002611528166698331
0.0004289948093004648
0.0006912301831962166
0.0009828003121723312
0.001228563138687085
0.00136386029572071
0.001352077667091938
0.001194397854390834
0.0009286087064851252
0.0006176828303649816
0.0003315443229391646
0.0001275391423830826
3.537031938340178e-05
5.086157636352338e-05
0.0001400712723091149
0.0002521383587890064
0.0003365435466931179
0.0003593183049411318
0.0003130793375043457
0.000217961817463084
0.000113431254041272
4.391929736119757e-05
4.309210108678722e-05
0.000121962321620975
0.000264699905938332
0.0004333677507356322
0.0005800756789368027
0.0006623531942812571
0.0006567385078178207
0.0005662461070016302
0.0004191442756801301
0.0002598489351646953
0.0001346049765224307
7.699508307155871e-05
9.782863768749648e-05
0.0001826196762924379
0.0002973646572587252
0.00040044116263405
0.0004566547990480779
0.0004486388630819807
0.0003819652611092707
0.0002823560990874801
0.0001861784780908846
0.0001275407100608282
0.0001265507251545596
0.0001826225014178439
0.000275132481738951
0.000371083144989458
0.0004369729259852321
0.0004508165866178214
0.0004100495009159457
0.0003326013198705798
0.0002507502562582886
0.0001998506394546619
0.0002058081586247758
0.0002755964079084573
0.0003940759338925467
0.0005282687326090411
0.0006376503365444483
0.0006871098603351529
0.0006581754546134523
0.0005548860714501889
0.0004023476420323371
0.0002386014124325541
0.000102562822773383
2.202455618858153e-05
5.798171081716049e-06
4.234004539022748e-05
0.0001051590904507004
0.0001629632579968697
0.0001908997376092351
0.0001790853839803538
0.0001354591155930129
8.22594880840759e-05
4.734448144131191e-05
5.362602468277138e-05
0.0001102112275647036
0.0002084604968846386
0.0003242107238891268
0.0004254593264427169
0.0004827834601836824
0.0004789949884363078
0.0004147852979894812
0.0003084646213284935
0.0001899841116830896
9.133703002679622e-05
3.660093470186188e-05
3.486654383638746e-05
7.837036756029067e-05
0.000146181683626139
0.0002120818254860821
0.0002537388429634218
0.0002601110265144391
0.0002344790101415871
0.0001924146028244905
0.0001554110847351155
0.000142555164294218
0.000163306307013286
0.0002137606880673351
0.0002778372009141068
0.0003327120822260258
0.0003568779882876942
0.0003377221830665065
0.0002762966144449987
0.0001874957457324347
9.554058052902166e-05
2.649725348842043e-05
2.473251538304027e-08
2.326730020719978e-05
8.873755585086917e-05
0.0001768773495686451
0.0002622130238411946
0.0003213509097577545
0.0003398040281669174
0.000315872944468113
0.0002602678506470035
0.000191804747453824
0.0001308618994606669
9.267763047969191e-05
8.276983113788125e-05
9.596808842894953e-05
0.0001190773418488878
0.0001362676539813974
0.000135173119904991
0.0001116941189808429
7.178067722933662e-05
2.970383294641537e-05
3.344044060975302e-06
8.070841656104443e-06
5.126891843589714e-05
0.0001292462962378184
0.0002275259201637393
0.0003245766845509624
0.0003976310593203603
0.0004290785070698183
0.0004113109005791375
0.0003487488738545273
0.0002565109573707359
0.0001561862726464521
7.001793300911951e-05
1.529631261161798e-05
4.000114229196684e-07
2.357599373705081e-05
7.449778125648183e-05
0.000137927287694071
0.0001982906817655535
0.0002436429506582152
0.0002680544796057031
0.00027189633085929
0.0002601555403881756
0.0002397069061179055
0.0002165275335672366
0.0001937688276916696
0.0001714330056655143
0.0001474614051248113
0.0001197713642742887
8.842553758948578e-05
5.692937944329317e-05
3.216644022738423e-05
2.277368315103964e-05
3.647224582153824e-05
7.713656815686926e-05
0.0001425758793490616
0.0002239201524525727
0.0003068703329954982
0.0003746582852840622
0.0004121406341010961
0.0004096908129519973
0.0003660264049312302
0.0002891131694244117
0.0001946771540003207
0.0001029052543954465
3.372793291547126e-05
2.287767751231338e-06
1.533624646204729e-05
6.96977004849015e-05
0.0001530165366585138
0.0002467129761804726
0.0003302100584961791
0.0003856891068223327
0.0004018547869644341
0.000376311048127321
0.0003156227753206584
0.0002334705160175677
0.0001473057745873927
7.431623043112718e-05
2.771270358612795e-05
1.421614836425561e-05
3.308881074265908e-05
7.692277283185692e-05
0.0001338356261890643
0.0001903750051486879
0.0002345905239820535
0.0002583434206671605
0.0002586851819231359
0.0002377943128022337
0.0002019706061434335
0.0001597437227572905
0.000119821763826978
8.921469492704056e-05
7.210605902564897e-05
6.938113840499991e-05
7.902922619123809e-05
9.707457146673464e-05
0.0001187614520535449
0.0001396890093383215
0.0001566437253047977
0.0001679356232442326
0.0001733642623377657
0.0001737934419714572
0.0001706217719750869
0.0001652378232039938
0.0001587219443885886
0.0001517151394163336
0.0001445627318224351
0.000137535187839325
0.0001310826610571217
0.0001259585069643763
0.0001231976829545676
0.0001238807682329859
0.0001288193391587256
0.0001381723582459551
0.0001512512908844061
0.0001664523373108284
0.0001814699556574153
0.0001936923278191942
0.0002007741989047632
0.000201191223385637
0.0001946218976989022
0.0001821545418083695
0.0001661226363285381
0.0001497050582595812
0.0001362833976586966
0.0001287535779176771
0.0001288858462209882
0.0001369268194422306
0.0001515267751245912
0.0001699901807445123
0.0001888002968384809
0.0002043565159930308
0.0002136884022833841
0.0002150822390124374
0.0002084085419075011
0.0001951294520314079
0.0001779887612950637
0.0001604286722308515
0.0001458517455597298
0.000136968706474422
0.0001352247536744906
0.0001405675615057845
0.0001515013209346509
0.0001654378937976562
0.0001792726971101629
0.0001900430849957985
0.0001955266016016097
0.0001946863745124164
0.0001878050783741872
0.0001763930472485053
0.0001627970581905225
0.0001496722924340459
0.0001394233428665133
0.0001336926690328208
0.0001330647781541064
0.0001369903421955561
0.0001439670567810979
0.0001519011236619159
0.0001586047118148935
0.0001622360202661852
0.0001617404640360091
0.0001570185384610635
0.000148933650186213
0.0001391143295573138
0.0001296263780281102
0.0001225271600633014
0.0001194595357405042
0.0001213401076257016
0.0001281531403787413
0.0001389655175016298
0.0001520821128024508
0.0001653278864795274
0.0001764506768608711
0.0001834988353728682
0.0001852803544595392
0.0001815427422437993
0.0001732282644302109
0.0001623963008592459
0.0001520114452068379
0.0001455757215888787
0.0001465122105847239
0.0001575510200631878
0.0001800930503998389
0.0002137259236929439
0.0002559850987965421
0.0003024993357909047
0.0003475659075354043
0.0003850880851706514
0.0004097697306935256
0.0004183209942897487
0.0004105069194719076
0.0003895616204652871
0.0003620813099956151
0.0003370090248338295
0.000323963633090059
0.0003312895123919639
0.000364002552507832
0.0004222643216700576
0.0005008223683579118
0.0005895233884190465
0.0006750941906510648
0.0007436658369853377
0.0007838403269183681
0.0007892687365880761
0.0007604366944799024
0.0007048695863981616
0.0006357660757581816
0.0005692403251377706
0.0005207587358265414
0.0005014613445310893
0.0005155847604799374
0.0005592239932870583
0.0006211801622731036
0.0006855448930287475
0.0007354768300776841
0.0007571905629059414
0.0007434082213256408
0.0006948534237919811
0.0006199606968201049
0.0005325630577048059
0.0004481835383248707
0.0003800382561942892
0.0003358083757409307
0.0003159616277745974
0.0003141901643459632
0.0003197905498097387
0.0003210682712022982
0.0003089746100714678
0.0002798311422941119
0.0002361125019547071
0.0001854375022707265
0.0001378806213813825
0.0001024667407450489
8.426364158966587e-05
8.271501932996985e-05
9.194410738727212e-05
0.0001029471600406439
0.0001068117892362532
9.798125567645495e-05
7.632127866553577e-05
4.727749259789269e-05
1.992086948178864e-05
3.620256602105028e-06
4.373477122919683e-06
2.225068048446027e-05
5.092167881060389e-05
7.962968255237213e-05
9.712906762392494e-05
9.619966807858302e-05
7.713337840452506e-05
4.882229500901583e-05
2.657730401510569e-05
2.720038581482512e-05
6.273629811366191e-05
0.0001350290255320235
0.0002331236312742166
0.0003350236986257838
0.0004137322729385179
0.0004459543596364016
0.0004212272218362851
0.0003480320522097759
0.000254538868220949
0.000183127596762389
0.0001793383264062163
0.0002785047862835769
0.0004936260222055928
0.0008083957378934741
0.001178621717609256
0.001541229231516109
0.001829942894967818
0.001992647378423879
0.002005571351983321
0.001880350143371769
0.001660910574858414
0.001411383072822776
0.001198445538425219
0.001072602279194026
0.001054745675334017
0.001131376181958869
0.001260080556461826
0.001383367225809752
0.001446364407916595
0.001413061182831011
0.001275576952956183
0.00105489123811112
0.0007920086320545952
0.0005345341465900647
0.0003218029502655982
0.0001751877025473459
9.53740189413823e-05
6.759466512698653e-05
7.193449183993288e-05
9.411696998712489e-05
0.0001322443366519203
0.000196518781902674
0.0003017371766137039
0.0004559209584998377
0.0006496770786252303
0.0008517664835255433
0.001014086473605558
0.001085243801678877
0.001029545294131312
0.0008443389187999106
0.0005684392621641557
0.0002780188621228368
6.79817636706116e-05
2.455665874376586e-05
0.0001964602446365716
0.0005747627100163641
0.001088829459460513
0.001621918167051274
0.00204216293881306
0.002241843911051148
0.002171235546671512
0.001857489608013565
0.001400686667353035
0.0009469445317622706
0.0006472832478992176
0.0006122802610379609
0.0008782895234236088
0.001394941228926711
0.002038393644511234
0.00264604960396727
0.003063268348956111
0.003185952878593439
0.002988050143460312
0.00252467650290731
0.001911409587659308
0.001287245938455923
0.0007739889645220643
0.0004443509153489395
0.0003096686337867503
0.0003278655144386981
0.000428411452739188
0.0005429697738929749
0.0006300885162672991
0.0006852433418452256
0.0007331035753017121
0.0008066159392651784
0.0009226617190373598
0.001065475297560728
0.001186310268000695
0.001221205560730186
0.001121015054947764
0.0008820919609111927
0.000564033068342457
0.0002850850392276358
0.000192130058948517
0.0004130728101545767
0.001006386397342194
0.00192582057399168
0.003015065083056729
0.004039072895181443
0.004744997424085497
0.004938370451212612
0.004548427088739845
0.003662962320242275
0.002516709764224351
0.001435397379927541
0.0007451697762017365
0.0006788625236870722
0.001302040179596212
0.002485605260328823
0.003935106008288195
0.005267894833355413
0.006121425962112735
0.006254686570280293
0.005619452320474907
0.00437391498908146
0.002838724059665322
0.001404605231006623
0.0004227667286363026
0.0001064931073867068
0.0004768544768774408
0.00136450399741984
0.002466831976613138
0.003441178811741075
0.004005523662926182
0.004014157575949047
0.003489105516289652
0.002599090103229926
0.001596249933033216
0.0007343703654272768
0.0001950827057762485
4.679137228255604e-05
0.0002458840441545369
0.0006767856399605269
0.001212342159354838
0.001770150539704643
0.002341020564957345
0.002980875641244691
0.003765162907881019
0.004728772231376938
0.005812515904801138
0.006846641424705277
0.007580458336167565
0.007759278891560053
0.007224098461138371
0.006003761147640098
0.004359998369127364
0.00276497466781749
0.001801327251257766
0.002008245652596864
0.003711244723558162
0.006887195265804038
0.01111104631034082
0.0156134596404481
0.0194382053528244
0.0216787364971686
0.02171962025309253
0.01942755048847486
0.01522650747482387
0.01002856856834818
0.005031782019580605
0.0014258009590387
8.316695967451559e-05
0.001321835004249703
0.00480228292006048
0.00959689892318504
0.01442316214709279
0.01797704249089451
0.01929027331617502
0.01800424413881394
0.01448969164449
0.009770741184515631
0.00526487851981766
0.002402506233545713
0.002229282040895081
0.005092786270064797
0.01050814225567611
0.01724761865618749
0.02363267156835359
0.02797474818055652
0.02903417833052228
0.02639214306876151
0.02062084411260752
0.01320342951127427
0.006204344187046095
0.001777867816092988
0.001614351158912981
0.00648496948109754
0.01599248948266315
0.02860360643422967
0.04196876474307264
0.05346685535217109
0.06082345557886251
0.06268805167670277
0.05898686265957388
0.05098317868029497
0.04101236400373727
0.03193829882498946
0.02648024597167752
0.0265461687127099
0.03276084304373924
0.0442946474410554
0.05906169651882018
0.07421722568083289
0.08688222878688601
0.0948674554731645
0.09726083662792828
0.09468640548060556
0.08917627273677474
0.08366330347347282
0.08120813156333469
0.08414461114029273
0.09337200383617814
0.1079836709930399
0.1253556065564151
0.1417390689645105
0.1532130226047164
0.1568312362771721
0.1516533804345741
0.1394018980315878
0.1245031254470683
0.1134381507785563
0.1134223954126202
0.1306706026616895
0.1685749542832314
0.2262081892865578
0.2976261558373443
0.3721507217720017
0.4359531644889595
0.4746196520719315
0.4765644785361584
0.4366207495526272
0.3592103742789571
0.2603640618487816
0.1681512505110959
0.1209679121776478
0.1638946115503936
0.3432279710619194
0.6999031591651442
1.262602802638425
2.041980782012268
3.025852363166316
4.178097949886229
5.439042904484982
6.730767338284323
7.963042131203379
9.043427947173166
9.88607576568973
10.42171611147727
10.60546928105052
