# RCS in m**2 for a L=5 cm PVC cube at 0.0 degree aspect angle
# frequency = 89.75 GHz, 
# theta = linspace(0, 6.2832, 1441)
# phi = linspace(0, 0, 1  1)
6.777832940863782
6.649680151584031
6.276693630127665
5.691989061227062
4.946404071192381
4.102651821817796
3.228183895283755
2.387827250558344
1.637026878891364
1.016609318473822
0.5496337480392303
0.240619369160753
0.07712643918751379
0.03330514318811654
0.07479999983518221
0.1642446463859207
0.2665321002407824
0.3531556832503192
0.4050846650693373
0.4139046351565874
0.3812402668159461
0.3167152129432317
0.234934999585971
0.1520668816441271
0.08261703898340433
0.03691559314440532
0.01965355620967675
0.02961474306400428
0.06052450655369205
0.1027528226760991
0.1454810015850366
0.1788905410022217
0.195967343855856
0.1936175519836647
0.1729299552730213
0.1386255462383107
0.09782606757534405
0.05846057282660362
0.02762643662575109
0.0102305788747448
0.008161500261052326
0.02011509124430986
0.04207043997743274
0.06827868004861791
0.09253643310740085
0.1094707272119329
0.1155766469464124
0.1098117809508261
0.09365336606498435
0.07063476418374065
0.04548879120875788
0.02309523462127299
0.00745852130693531
0.0009296491395380243
0.003817852451312055
0.01445328095933828
0.02966288872820295
0.04553428876979765
0.05829338605709544
0.06509989593146062
0.06459715576680147
0.05711072175256186
0.04447516841953251
0.02953947375722776
0.01548782746865644
0.005121893568755733
0.000270703017686662
0.001449121939104675
0.007823553896241531
0.01747872348455459
0.02790463105738064
0.03658886691776
0.04157048807690678
0.04183865310174135
0.03749371309145037
0.02965072938253152
0.02012311706980482
0.01097182401867885
0.004029374830204749
0.0005109905555337516
0.0007909874114496832
0.00438581753130656
0.01013081210701659
0.01649560537122698
0.02195380133862689
0.02531999533850472
0.02597647403532954
0.02395021506244453
0.01983512161333274
0.0145934703261389
0.00929713326212046
0.00487386496906941
0.001920275251431636
0.0006175592669099638
0.0007569444488164737
0.001854528313807816
0.003314659063530998
0.004593773048185075
0.00532276415830249
0.005362390983939408
0.004788168098475864
0.003820827758319634
0.002730625075830808
0.00174913853755938
0.001012824618740004
0.0005511494096447374
0.0003144014150785353
0.0002254576112524999
0.0002317043302258869
0.000336632265354484
0.0005990957005614418
0.001101276547140994
0.001898314348175798
0.00296985013098646
0.004194066015495094
0.005357722627363345
0.00620250527428901
0.006497526205074897
0.006114988499646929
0.005085339207478658
0.003611573350452872
0.002033815462770185
0.0007514599701914495
0.000120710028533856
0.00035695533256278
0.001469301942122943
0.003247453004617402
0.005306800799604398
0.007181234599561009
0.008439751230081434
0.008795082618822826
0.008176334524393744
0.006744470289588197
0.00484863535146639
0.002933904056583754
0.001427668082477954
0.0006335705649899825
0.0006619776826082967
0.00141335389970148
0.002616635639654751
0.003909093075695526
0.004935358871562903
0.005435903929462076
0.005304287724268049
0.004598894856856548
0.003510504377718787
0.002298468412625005
0.001215886983927679
0.0004454736634691746
6.287186127978615e-05
3.42907894755378e-05
0.0002446670418214519
0.0005443853759708107
0.0007980329995773165
0.0009202946666862694
0.0008901037151108204
0.0007416600250311402
0.0005393752952362325
0.0003475970117607059
0.000207121727864034
0.0001258499263775961
8.588673102049423e-05
6.22858285685433e-05
4.434751005646834e-05
5.001825810744765e-05
0.0001264126721043386
0.0003350543492486174
0.0007265642644397871
0.001313779761406641
0.002053835724802494
0.002846756060190846
0.003553767965008147
0.004030636756803934
0.004167464902177748
0.003921955037799645
0.003336612569066828
0.002532560598276381
0.001681830907009987
0.0009643603021183831
0.0005225351965183652
0.0004257552948387666
0.0006546299054123984
0.001109545583598224
0.001640296095677092
0.002087985693799036
0.002326996138802465
0.00229599221764438
0.002008843600130796
0.001545086514483093
0.001022597537049962
0.0005626745520018559
0.0002569977845460142
0.0001462323460688621
0.0002149481502984116
0.0004027735422854029
0.0006268674659248493
0.0008079459292791516
0.0008918223741057634
0.0008607633227822462
0.0007324934498947937
0.0005489071154177198
0.0003594465687631689
0.0002051515885273884
0.0001084245860440264
7.100783465477045e-05
7.962371882468269e-05
0.0001160104052724462
0.0001668926826460153
0.0002298997217869386
0.0003132382506345428
0.0004296626445898538
0.0005872228213706657
0.000780962366332147
0.0009891239287473943
0.001175981498671011
0.001301009205547691
0.001331611084832723
0.00125539316558721
0.001087547808518531
0.0008706074788456481
0.0006657395430282257
0.0005377430162232928
0.0005377728962273814
0.0006887157945972757
0.0009773873255737695
0.001356114295484234
0.001753217033119436
0.002089844788117651
0.002298473721053322
0.002338366665119752
0.002204061945585199
0.001924858860183622
0.001556038138483561
0.001164453056665597
0.0008125733099122982
0.0005452311664047762
0.0003818206020420463
0.0003158790129775914
0.0003208395370597442
0.0003600744848425466
0.0003978403292805867
0.0004082591084774733
0.0003801510992317403
0.0003170693277941252
0.0002332356977594889
0.0001472696072491938
7.570758760673181e-05
2.843702877227826e-05
6.872635209700998e-06
5.214995241511262e-06
1.369309110820426e-05
2.257461437977575e-05
2.542416966796844e-05
2.071205177582016e-05
1.13774558500224e-05
2.80242288433963e-06
1.167112005803978e-07
5.843904255161067e-06
1.877798191799293e-05
3.441520623830713e-05
4.673738703734111e-05
5.063235469336184e-05
4.409367309087314e-05
2.93279202755503e-05
1.244069610746693e-05
1.643135183614945e-06
4.645199150713496e-06
2.599528656171176e-05
6.527347574044983e-05
0.0001167295634798079
0.000170563468996949
0.0002155028646224433
0.0002420262249939702
0.0002452015016349297
0.0002264526055967394
0.0001935962424289083
0.0001591853913289541
0.0001375387462239342
0.0001411416655900531
0.0001775058996744967
0.0002470789040492707
0.0003429350340236345
0.0004521332028351858
0.0005585312398164257
0.0006462574876627339
0.0007031228442505507
0.0007230225460484427
0.0007071164665028032
0.0006631291589272361
0.000603554235486683
0.0005428190681732216
0.000494274650351865
0.0004676365791453044
0.0004673795389153344
0.0004923713064015386
0.0005365609717877528
0.0005907115248704773
0.0006444505333151519
0.0006883427893777395
0.0007154484234079664
0.0007223586759194117
0.0007091122719711173
0.0006788702165058201
0.0006367149784569548
0.0005885677881715152
0.0005400623957146261
0.0004956857929851846
0.0004584008348234779
0.0004295603995171445
0.0004091020087816147
0.0003960068885714514
0.0003887007989371145
0.0003853872728894964
0.0003843844246636545
0.0003841420379842397
0.0003833492743820442
0.0003808724913104502
0.000375735393942717
0.0003671566218804535
0.0003546009766047422
0.0003379121519671151
0.0003173900785945935
0.0002938552857890783
0.0002686884228802296
0.000243684360977942
0.0002208894778861756
0.0002023084069268092
0.0001896355194536469
0.0001839403852018444
0.0001854496532634849
0.0001934341587822508
0.0002062301047036791
0.0002214249531162706
0.0002361538892872706
0.0002475230730161204
0.0002530802997596957
0.0002512247379930612
0.0002415489241589114
0.0002249638838464968
0.0002036747808221131
0.0001808557673313768
0.0001601992340694756
0.0001452822380694634
0.000138926071030064
0.0001426306179643846
0.0001562135677779677
0.0001777578008111587
0.0002037984201167052
0.0002299115029553242
0.000251446741589347
0.0002643966591913809
0.0002661827873200611
0.0002561777735891098
0.0002359745927053638
0.0002091145912519245
0.0001805441126800835
0.0001556942946409089
0.0001394493883174898
0.000135194828925023
0.0001440791641376426
0.0001647718553636824
0.0001936015973928033
0.0002252488223849065
0.000253730957618677
0.0002735886402906108
0.0002809499668063229
0.0002743217615972176
0.0002549342048457606
0.0002264765386695927
0.0001944311977197792
0.000164927232119313
0.0001435753899611059
0.000134288978213131
0.0001385575882069412
0.0001551613488865094
0.0001804549485062916
0.0002091555807630132
0.0002354635304485309
0.0002542374734142437
0.0002620441455813364
0.0002577702272341588
0.0002427632605256211
0.0002204166228585345
0.0001953618620938975
0.000172397794710058
0.0001554881121969046
0.0001469834693698977
0.0001472631223801766
0.0001548643766190834
0.0001670171604082503
0.000180452997912246
0.0001922444206658931
0.000200440474347941
0.0002044509147003897
0.0002049060131458426
0.0002032203914187858
0.0002009592667816945
0.0001992007142783645
0.0001980573994200179
0.0001966605743573079
0.0001934597371192625
0.0001868758108350597
0.0001760811642551049
0.0001615904709725999
0.0001456086166665901
0.000131712684149055
0.0001241245463683099
0.000126579456104981
0.0001410932249504333
0.0001670198911981742
0.000200690224471609
0.0002358098217379015
0.0002646531789002192
0.0002798283682336589
0.0002761725798950794
0.0002523876178526668
0.0002117635099660257
0.0001619835544037254
0.0001136239026166226
7.793475662534692e-05
6.409499076803899e-05
7.687662966839373e-05
0.0001151189597809438
0.0001716327250680595
0.0002345589548333723
0.0002899502274905631
0.0003250791791645731
0.0003315190707429689
0.0003073737346141932
0.0002578759832475608
0.0001942838479236713
0.0001311755796845967
8.285520705749033e-05
5.975107894428007e-05
6.577121192122779e-05
9.732012380191309e-05
0.0001443012581342468
0.0001928719720518711
0.0002292065898577665
0.0002433432181570811
0.0002319186305157459
0.0001991205056948247
0.0001554732612056525
0.0001147720979306819
9.002486224907718e-05
8.946699566897962e-05
0.0001139514398665642
0.000156378571039188
0.0002035552546469475
0.0002399354610320929
0.000252312059976242
0.0002340075303510844
0.0001874171163604736
0.0001239728773244555
6.142949625016452e-05
1.911607319535993e-05
1.244155558933282e-05
4.817443822176471e-05
0.0001219311107810514
0.0002186862340994627
0.0003162859259844938
0.0003911306610051119
0.0004244596464698813
0.0004074775457619697
0.0003439365072477798
0.0002492283843737805
0.0001463772336489038
5.986729295630763e-05
9.107107112053477e-06
3.391927108977668e-06
3.973535827234075e-05
0.0001042498967370091
0.0001765553533712312
0.0002359225422116354
0.000267306942644129
0.0002653828531317898
0.0002355326851761672
0.0001913844708931195
0.0001498393970416903
0.0001252100891667424
0.0001243122327020854
0.0001442513061472008
0.0001735375903415381
0.0001963429126252081
0.0001984224327063372
0.0001728324494364163
0.0001233899339761014
6.467495148345217e-05
1.821449489845943e-05
6.019152843963458e-06
4.325996933029326e-05
0.0001325362934699203
0.0002615818554897704
0.0004053790971914858
0.0005323250187495589
0.0006126351889027286
0.000626701347019382
0.0005707726766809757
0.0004581434157655727
0.0003155680771070881
0.0001756954214667553
6.800706472989142e-05
1.073225577692418e-05
6.409861151698548e-06
4.230669655155673e-05
9.550647285607846e-05
0.0001410083983340332
0.0001602245279905436
0.0001470843061630525
0.0001098018187852463
6.767578182931244e-05
4.406025318501286e-05
5.774453023581994e-05
0.000115721059838895
0.0002097655429002502
0.0003180980333425913
0.0004117702723612399
0.0004636828980652726
0.0004574611863949718
0.0003931058006105265
0.0002875770000018633
0.0001699325759613812
7.250009250648197e-05
2.085277059831542e-05
2.589038479609585e-05
8.060170299582343e-05
0.000162677508038012
0.0002421306511993557
0.0002915878736145612
0.0002956772978014874
0.0002565364193743506
0.0001933383704031443
0.00013594174909037
0.0001146247771431799
0.0001492180987321217
0.0002413616540509079
0.000372528861693645
0.0005087425152898975
0.0006107804764714731
0.0006465036394899008
0.0006015247324150161
0.0004846411725845513
0.0003259849930750321
0.000168407450763216
5.462142627134876e-05
1.408857486117375e-05
5.391800361232673e-05
0.000156694730648192
0.0002860908173510653
0.0003984872153571546
0.0004570020690526722
0.0004433676708272005
0.0003638413178744741
0.0002471903824618333
0.0001352570749371605
6.924610083995997e-05
7.603303203672174e-05
0.0001590302246331664
0.0002966242695521208
0.0004487338271617451
0.0005694757488892346
0.0006218058565820493
0.0005893415556733818
0.0004816368028554078
0.0003309726241212038
0.0001817594542592653
7.609539649713384e-05
4.002128128638842e-05
7.53128240483594e-05
0.0001594163074294309
0.0002537206604495797
0.0003174665913930711
0.0003226701610697709
0.0002650222506811196
0.0001669090430773858
7.119649051758402e-05
2.756866112983731e-05
7.553284279055994e-05
0.0002297541207071194
0.0004725270387267106
0.000756254963811024
0.001015631043381876
0.001185992106439904
0.001222522984330319
0.001114126272551492
0.0008877338272992893
0.0006013525896609433
0.0003277579239116108
0.0001337334815432995
6.092665669531146e-05
0.0001144056611470672
0.0002621632353384241
0.000445936184015425
0.0005998647898986918
0.0006713386739772006
0.000637467999117779
0.0005121476083000485
0.000341353085204749
0.0001882524711511633
0.000112620065233139
0.0001510860678695139
0.0003043800148310479
0.0005358081921737801
0.0007814965143639143
0.0009695804376000343
0.001042519155723236
0.0009756142484576916
0.0007860612018613405
0.0005294022997850104
0.0002842719360538787
0.0001296979259614947
0.0001216232457711393
0.000275660752824942
0.0005612712986748515
0.0009092320632150185
0.00123052979888586
0.001441060046398043
0.001485170330579841
0.001351106484539604
0.001073940587270266
0.0007251498594656547
0.0003918404511455366
0.0001519219583714977
5.230343994380189e-05
9.672805135070796e-05
0.000246622086234828
0.0004347849100216042
0.0005876966528963961
0.0006497218215997627
0.0006018062581979142
0.0004688763298578304
0.0003132816647027805
0.0002159247727818841
0.0002503992729818738
0.0004575861691181086
0.0008287521263353284
0.001302456387973866
0.001777310570673557
0.002137957272535042
0.00228738916184254
0.0021772590168214
0.001827066785745228
0.001326386921742775
0.000818097943323784
0.0004658005285720715
0.0004128174266524238
0.0007433377857079127
0.001455359732076132
0.002453409068352832
0.003563922204226777
0.004570872336277747
0.005264083083876135
0.005489034524457631
0.005186661502113303
0.004413005500615722
0.003333353690958519
0.002191369928156119
0.001259023793625924
0.0007782957591257492
0.000907097578774727
0.001681677670361946
0.003003993109478842
0.004656948064370852
0.006345665891628166
0.007755060070366825
0.008612918164807278
0.008744994737803866
0.00811096879734868
0.006814150269420491
0.005082975837377404
0.003228600239276134
0.001586877991063107
0.0004568060615482974
4.614049187741741e-05
0.0004358252703362453
0.001567818335466679
0.003258215054463464
0.005231980048980476
0.007171896371292417
0.008772487319358016
0.00978907315426706
0.01007420553373999
0.009596515810275139
0.008440617901925754
0.006789735404284195
0.004896064447633407
0.003044140404777749
0.001513514529349532
0.0005450641554264779
0.0003147354385733741
0.0009151567068735289
0.002345730721224797
0.004510531111986682
0.007222657833412237
0.01021553842247138
0.01316138298426269
0.01569823773397457
0.01746653168580767
0.01815507768635977
0.01755489589859186
0.01561607025199268
0.0125016175714804
0.00862749765788641
0.00468143522070401
0.001609807651868285
0.000567446527236835
0.002828427698616947
0.009662088706579442
0.02218454807748849
0.04120123609146783
0.06706172783522234
0.09953831863824748
0.1377690183537414
0.1802525411399236
0.2249203934205552
0.269277883394505
0.3106047518624995
0.3461929625070046
0.3735985343234552
0.3908792127427018
0.396782545840249
0.3908787802562845
0.3735988965236428
0.3461932942379843
0.3106053750400978
0.2692785133657141
0.2249209838363219
0.1802532162483903
0.1377695817640496
0.09953681479015671
0.06706059794417339
0.04120157266622827
0.02218479744134176
0.009662228686115994
0.002828493100278958
0.0005674531948380445
0.001609772038500827
0.004681382662210927
0.008627434387942768
0.01250174940600736
0.01561617588181613
0.0175548826615695
0.01815507447506692
0.01746654296578183
0.01569827502739025
0.01316142339210891
0.01021555801378589
0.007222708274417212
0.004510428069653828
0.002345670227872351
0.0009151133970408741
0.0003147377242242439
0.000545055477311003
0.00151349557741515
0.003044116856575961
0.004896040350078968
0.006789707011741104
0.008440579567181949
0.009596554208177515
0.01007419778147181
0.009789082916216215
0.008772510558079183
0.007171922379663344
0.005231993169734451
0.003258241772779883
0.001567839206788295
0.0004358382189910632
4.614202859455338e-05
0.0004568427271290913
0.001586938744147442
0.003228569221202618
0.005082933932844256
0.006814093608364658
0.008110955470914238
0.008744989547793776
0.008612932721835834
0.007755081622552389
0.006345602859076717
0.004656886057116252
0.003003922004773904
0.001681691061014361
0.0009071027734340346
0.0007782917654437009
0.001259015467584943
0.002191354681258074
0.003333359774930728
0.004412984444834846
0.005186694522059661
0.005489045865620921
0.005264086753689846
0.004570889578808422
0.003563932460568766
0.00245342694817702
0.001455379891453094
0.0007433434058290716
0.0004128182233379084
0.0004658090030529228
0.0008181302761121052
0.001326398793616255
0.001827055572697327
0.002177248643303901
0.002287397627988094
0.002137964863478414
0.001777326391667618
0.001302454941710138
0.0008287543434850793
0.0004575789894788074
0.0002503912924397031
0.0002159302034156205
0.0003132749467767877
0.0004688762385216037
0.000601804558406141
0.0006497214214783322
0.0005877004842548149
0.0004347864871007566
0.0002466227743862401
9.67234217430492e-05
5.230426288528028e-05
0.000151920762193677
0.0003918369138787012
0.0007251451469961452
0.001073933182522471
0.001351100797030569
0.001485167409307409
0.001441065507577056
0.001230520257499246
0.0009092168822572422
0.0005612566795105126
0.0002756645238530636
0.0001216239658561739
0.0001296970126817616
0.0002842690156399182
0.0005293976823805628
0.000786058373522126
0.000975611687392542
0.001042509795968725
0.0009695738589302547
0.0007814904269258829
0.0005358056433227475
0.0003043830905534219
0.0001510878668155198
0.0001126202310860681
0.0001882492709496146
0.00034134645879377
0.0005121428130047079
0.0006374713897934874
0.0006713346008730674
0.0005998669075726819
0.0004459368381228316
0.0002621671740227792
0.0001144070018082249
6.092593976494332e-05
0.0001337287770955738
0.0003277581603644408
0.0006013630288250172
0.0008877447802208069
0.001114127796340254
0.001222523116992462
0.001185996657140527
0.00101563847263796
0.0007562566765774862
0.000472529374970974
0.0002297598103892605
7.553638454102137e-05
2.756912336290447e-05
7.120110012917222e-05
0.0001669062629077651
0.0002650197561169729
0.0003226703546119339
0.0003174664819570567
0.0002537230010203301
0.0001594163520535264
7.531171172035688e-05
4.002189003174026e-05
7.609893388093737e-05
0.0001817639298640945
0.0003309669047774319
0.0004816358812584188
0.000589341503217025
0.0006218023085244141
0.000569481683465697
0.0004487385736359451
0.0002966259855815202
0.0001590259993327426
7.603119296915978e-05
6.924645838515046e-05
0.0001352564053961495
0.0002471869486558279
0.000363841061274627
0.0004433633882329071
0.0004570037844532765
0.0003984870778180516
0.0002860913548096662
0.000156688897541347
5.391419222775537e-05
1.408834196317887e-05
5.462004055775534e-05
0.0001684076815406516
0.0003259810383582156
0.0004846389205832373
0.0006015270906195521
0.0006465038256294524
0.0006107819146430187
0.0005087387847999675
0.0003725217099073035
0.0002413617286017518
0.0001492185966592435
0.0001146237773466319
0.000135941212727038
0.0001933382137774406
0.0002565361135082274
0.0002956757783219282
0.0002915857761245211
0.0002421310927606924
0.0001626747459348049
8.060394203898416e-05
2.589037864349395e-05
2.085257917957167e-05
7.250467741643232e-05
0.0001699340831069506
0.0002875811499252556
0.0003931032770192435
0.0004574657143829485
0.000463683193774785
0.0004117688163693719
0.0003181070278900098
0.0002097655977848193
0.0001157189687322955
5.774513434011473e-05
4.405894911855543e-05
6.767366736842052e-05
0.0001098032287898684
0.000147084154759202
0.0001602212667666283
0.0001410094556274015
9.55064838488415e-05
4.230378918119916e-05
6.410126950865047e-06
1.073414545519388e-05
6.800809868003877e-05
0.0001757066975261753
0.0003155599723034154
0.0004581461994575505
0.0005707741680752247
0.0006267019702356104
0.0006126388399450569
0.0005323254107657995
0.0004053731335780617
0.0002615833719214745
0.0001325312597618784
4.326160530833096e-05
6.018683882324762e-06
1.821441507834096e-05
6.46736065499869e-05
0.0001233874094785713
0.000172831688957222
0.0001984214099446498
0.0001963410011489812
0.0001735381254602434
0.0001442503745960892
0.0001243126969778602
0.0001252071687921027
0.0001498403575197
0.0001913805285626416
0.0002355323379774975
0.0002653815262544951
0.0002673009025103532
0.0002359208305293074
0.0001765543772474363
0.0001042485551449647
3.973792606961063e-05
3.391533841862851e-06
9.107192548423978e-06
5.986737327771448e-05
0.0001463721549942837
0.0002492277584552295
0.0003439398152024597
0.0004074815443696045
0.0004244578331670529
0.0003911333381970679
0.0003162891258286865
0.0002186873686793661
0.0001219316145034039
4.817661964565981e-05
1.244107395762637e-05
1.911731196181897e-05
6.142996536840782e-05
0.0001239766517586539
0.0001874162801519711
0.0002340084479050605
0.0002523134678990345
0.0002399397111032626
0.0002035578672977982
0.0001563783995608907
0.0001139508473499082
8.946977221464643e-05
9.002748680082607e-05
0.0001147723432307926
0.0001554716796001018
0.0001991183847098981
0.0002319174658439606
0.0002433450766192808
0.0002292059426338954
0.00019288225934236
0.0001443041750361332
9.731625792466635e-05
6.577348178153979e-05
5.975076308069589e-05
8.285276068579503e-05
0.0001311750018723758
0.0001942793831869359
0.0002578765455542305
0.0003073725696811136
0.0003315184638337895
0.0003250774154354377
0.000289950555066932
0.0002345559449175004
0.0001716359127936183
0.0001151182383965094
7.687736274666736e-05
6.409575312793087e-05
7.793441397363497e-05
0.0001136276480007014
0.0001619825611554499
0.0002117656024374277
0.0002523889358229699
0.0002761704940167049
0.0002798274302991693
0.0002646569512214372
0.000235809451180056
0.0002006952693342284
0.0001670215900689693
0.0001410948947960369
0.0001265807067163987
0.0001241240514144209
0.0001317132223736325
0.0001456107061641333
0.0001615937937825868
0.0001760772469816011
0.0001868770294244244
0.0001934598443766472
0.0001966603370899146
0.0001980551592266797
0.0001991989311798532
0.0002009671374008469
0.0002032195522577136
0.0002049029856657972
0.0002044502507909337
0.0002004423922232886
0.0001922436925646376
0.000180454787189751
0.0001670183770570261
0.0001548615767809736
0.0001472631477406687
0.0001469810200463848
0.0001554872470463358
0.0001723993189720057
0.0001953619675008049
0.0002204155207380277
0.0002427618212503857
0.0002577704823378148
0.0002620424710188998
0.0002542370366038803
0.0002354613043912491
0.0002091542629808362
0.0001804535795524839
0.0001551614859076991
0.0001385572773386407
0.0001342894714658187
0.0001435755701020457
0.0001649328869358253
0.0001944301954627524
0.0002264795961458103
0.0002549350400517294
0.0002743238307645907
0.0002809512167876606
0.0002735915194400956
0.0002537306355328011
0.000225249951503891
0.0001936029257857434
0.0001647706018402382
0.00014408024312575
0.0001351913146138303
0.0001394502324655014
0.0001556952266740465
0.0001805493178158689
0.0002091128988807502
0.0002359746200669645
0.0002561778778449493
0.0002661809854743764
0.0002643968318131482
0.000251446681346118
0.0002299093559169923
0.0002037974425283663
0.0001777561276668887
0.0001562150546564954
0.000142629728509504
0.0001389242875031106
0.0001452859063550032
0.0001601997229417605
0.0001808552446285842
0.0002036739880898916
0.0002249644920995756
0.0002415478296508875
0.0002512336387111495
0.0002530799015642491
0.0002475277896507323
0.0002361506969032203
0.000221426309401708
0.0002062305420383255
0.0001934332597350061
0.0001854508877153494
0.000183941356776352
0.0001896352836441595
0.0002023100521955992
0.0002208870781946054
0.0002436891883624931
0.0002686899979902008
0.000293856515200443
0.0003173843109881194
0.0003379131729685057
0.0003546028357637835
0.0003671548179665092
0.0003757365384712343
0.0003808696237625044
0.000383350481097544
0.0003841417159428385
0.0003843816813945253
0.0003853849317038136
0.0003886985492763995
0.000396008408744322
0.0004090999002999034
0.0004295635693410091
0.0004584036141722267
0.000495681255979295
0.0005400544879189307
0.000588567908645552
0.0006367089184564792
0.0006788717287960966
0.0007091124511359728
0.0007223574349032576
0.0007154510122909636
0.0006883350691714184
0.0006444441874262463
0.0005907107798934848
0.0005365554021638528
0.0004923645314760709
0.000467387717935932
0.0004676372606096266
0.0004942733520894011
0.0005428243546161218
0.0006035483771779351
0.0006631278431220806
0.0007071205481764661
0.0007230192719709552
0.0007031240855954461
0.0006462558082252217
0.0005585437894978307
0.0004521371427642522
0.0003429319008054404
0.0002470793785877138
0.0001775009918198694
0.0001411423240887894
0.0001375369002064712
0.00015918685208936
0.0001935994066188358
0.0002264501582106854
0.0002452028423255278
0.000242028606505288
0.0002155030681391502
0.0001705570977157626
0.0001167320454332585
6.52717494333385e-05
2.599767375263321e-05
4.644089575691259e-06
1.642641009397962e-06
1.244069762006906e-05
2.932990040535468e-05
4.40928957300815e-05
5.063245286674549e-05
4.673608431759218e-05
3.441345128040363e-05
1.877720906031779e-05
5.843135709967948e-06
1.167209869753444e-07
2.802692911146913e-06
1.137521899505944e-05
2.071138736812285e-05
2.542431064855188e-05
2.257384504673858e-05
1.36936011924799e-05
5.214396573144659e-06
6.872806888689707e-06
2.843510336235688e-05
7.571657619954185e-05
0.0001472663438658415
0.000233235692877177
0.0003170725828173107
0.0003801534986396069
0.000408269571651744
0.0003978345002572884
0.0003600755781889916
0.0003208435900386811
0.0003158810678819843
0.0003818184027189083
0.0005452311897077551
0.0008126009819905677
0.001164447609288267
0.001556061566429307
0.001924865311436423
0.002204088398908358
0.002338362694845436
0.00229846877272438
0.002089859256428568
0.00175321667509332
0.001356137637659609
0.0009773929782555869
0.0006887011387910468
0.0005377730271306525
0.0005377578193191302
0.0006657382640574545
0.0008706215305065041
0.001087537035648168
0.001255390854260199
0.001331616611877813
0.001301009113147291
0.001175977140444829
0.0009891254856475801
0.0007809512706716381
0.0005872188682605982
0.0004296591682088669
0.0003132411598373305
0.0002298999249612398
0.0001669026873631438
0.0001160106091013583
7.962199515014664e-05
7.100794652022008e-05
0.0001084266604657309
0.0002051478843273959
0.0003594525823853969
0.0005488992099567802
0.0007325043731838946
0.0008607884828489246
0.000891839859902958
0.0008079554731795605
0.0006268674162995486
0.0004027584598292257
0.0002149466556483718
0.0001462314393561101
0.0002569889695716859
0.0005626849585943166
0.00102257842139245
0.001545080054856802
0.002008814330462186
0.002295992302139283
0.002326990499265648
0.002087979621934345
0.001640280700745981
0.001109549680888566
0.0006546150562488537
0.0004257580675050957
0.000522542205002045
0.0009643250557317649
0.001681830880522487
0.002532607415468529
0.003336612309298689
0.003921975574136739
0.00416745159574277
0.004030630031157625
0.003553796039382276
0.002846749801653089
0.002053860561807528
0.001313783704502531
0.0007265945347492386
0.0003350546339562089
0.0001264038450879406
5.001861506471604e-05
4.434446580569e-05
6.228680038629203e-05
8.588737969586794e-05
0.0001258461016855181
0.0002071214426847058
0.0003475912042698866
0.0005393754625397789
0.0007416652988665599
0.0008901046000602307
0.0009202974125055485
0.0007980449463911023
0.0005443620243865067
0.0002446777661907805
3.428965809674052e-05
6.286415041093012e-05
0.0004454737095787549
0.001215942638858633
0.002298468953110845
0.003510595887970719
0.004598878564099495
0.005304286329560446
0.005435921726836761
0.004935330687619025
0.003909115133764666
0.00261656624445236
0.001413389029613572
0.0006619777800147046
0.0006336002311452475
0.001427660866118004
0.002933965875857654
0.004848536469960781
0.006744534112294442
0.008176296532141858
0.008795086070346746
0.008439795682067252
0.007181235199440698
0.005306683770432687
0.003247468263152692
0.001469247594348337
0.0003569686514198124
0.0001207155245767506
0.0007514286907368234
0.002033839160528459
0.003611439118306477
0.005085338609693292
0.006115011358243193
0.006497526441545377
0.006202460177542696
0.005357744433930696
0.004194017009266803
0.002969821442099378
0.001898280025440738
0.001101318800284437
0.0005991037791577736
0.0003366509438099929
0.0002317038364058182
0.0002254633771080276
0.0003144053119169983
0.0005511495753140774
0.001012825658821759
0.001749159786434812
0.00273056818761333
0.003820875370462988
0.004788135777957685
0.005362391467537744
0.005322740644169138
0.004593785187995829
0.003314603591838203
0.001854542192094311
0.0007569241357577151
0.0006175477748006521
0.00192028785651345
0.004873721852746787
0.009297204859102669
0.01459371032909474
0.0198350521165113
0.02395038839743074
0.02597641350160514
0.0253198458904704
0.02195393356571021
0.01649541563896909
0.01013113223431021
0.004385782919931996
0.0007910697973017793
0.0005109899123698969
0.004029642437361194
0.0109716950560687
0.02012349964019736
0.02965050113510074
0.03749379046039421
0.0418384644821192
0.04157046697893346
0.03658914460607549
0.02790462934140523
0.01747820256949344
0.007823738955002517
0.001448963052203114
0.0002706461362455422
0.005122054216375014
0.01548754603106083
0.02953976743657204
0.04447449025373899
0.05711072244388071
0.06459714500579915
0.06509986278265784
0.05829301846790597
0.04553457763039621
0.02966246369475401
0.01445378463210215
0.003817713092820187
0.000929591717166507
0.007458540499530078
0.02309410908980234
0.04548868206935304
0.0706359816552793
0.09365284043465008
0.1098123175004555
0.1155766426583437
0.1094705524992389
0.09253728409447229
0.06827829786171201
0.04207171762470112
0.02011509434338764
0.008161214386108661
0.01023049854522258
0.02762719132140232
0.05845980008883958
0.0978272117750595
0.1386243758320858
0.1729301594977533
0.193616832770906
0.195967227412915
0.1788890695720467
0.1454814422992476
0.1027510782243992
0.06052515190764284
0.02961408665030347
0.01965350626762051
0.03691618644409742
0.08261432834538435
0.1520672773033589
0.2349307417921188
0.316714960941436
0.3812423722220539
0.4139042234154854
0.4050832958898528
0.3531576636317327
0.2665302067480081
0.1642483194940711
0.07479923944658369
0.03330541252754899
0.07712636626502647
0.240630426909248
0.5496285197949464
1.016629439130589
1.637009403199857
2.387848074921449
3.228153522488552
4.10266506671175
4.946366981425275
5.691990244135388
6.276719059704909
6.649676909688903
6.777834701193594
