# RCS in m**2 for a L=5 cm PVC cube at 0.0 degree aspect angle
# frequency = 90.5 GHz, 
# theta = linspace(0, 6.2832, 1441)
# phi = linspace(0, 0, 1  1)
6.585074464158359
6.461706339246305
6.102693484783558
5.540003083487766
4.822685762217755
4.011151050185168
3.170239711865809
2.362097206903262
1.639655794852871
1.041640423837378
0.5896316264831859
0.2874489101241454
0.1228086934185083
0.07085960726918712
0.09897494526336977
0.1720437110352845
0.2574671437838184
0.3291844065285163
0.3702333017220822
0.3736204372721333
0.3415555646564348
0.2833374945268209
0.2123960854331135
0.143054260682676
0.08759329574383541
0.05408601819864934
0.04529229738258035
0.05870101795895637
0.08758836881888489
0.1227948382035833
0.1548123248822969
0.1757517669067941
0.1808184683512589
0.1690435727754075
0.1431829656435755
0.10886478418844
0.07320702416764477
0.04321990525836076
0.02433428625928131
0.0193434312233853
0.02795981456989972
0.0470382009750224
0.07138734923484474
0.0949709440449592
0.1122275936940953
0.1192277337417783
0.1144311387623881
0.09890470380938322
0.0759765343907456
0.05042163568055328
0.02737810286853787
0.01123062215244291
0.004703184492793441
0.008348010085037591
0.02052309990851067
0.03784378763984094
0.05599245467890256
0.07069215672006866
0.07863161252850569
0.07813626412922488
0.06945323540079347
0.05460202752584416
0.03684637887854007
0.01991324739871066
0.007154136468229131
0.0008266244069867343
0.001656999842262039
0.008766266010036239
0.0199555551170956
0.03227354358334437
0.04271499078524035
0.04889573635969681
0.04954250968845991
0.04470357818362439
0.03564586372321558
0.0244804136630636
0.01362336998046858
0.005223989727627366
0.0006959375950887608
0.0004558530253446931
0.003912697244126239
0.009693694198187367
0.01603481736359786
0.02122941082156966
0.02402278207520596
0.02386342463094775
0.02096042871273237
0.0161508682658611
0.01062889335701304
0.005613772125300663
0.002048408319739445
0.0003998766407590331
0.0006028529307685492
0.002146013857474452
0.004263005646754083
0.006167161507571624
0.007261910182333522
0.007274234499595792
0.006282101422542622
0.004641647767344316
0.002845657771754466
0.001362680080991747
0.0005043502849257546
0.0003582802333653163
0.0007980750000972511
0.001558694028803595
0.002346343093595929
0.002942533140632007
0.00326984099312675
0.003398866230495611
0.003499001218367205
0.003753683054964515
0.004272359355649747
0.005031021731182308
0.00586436866986132
0.006513019010920424
0.006710053024138931
0.006280042934747524
0.005214685989502483
0.003699346295472244
0.002077452689273702
0.0007618514681022327
0.0001175294045955254
0.0003513151111254129
0.001442852915215831
0.003139413519118939
0.005018225740400931
0.006599523257509953
0.00747865780788179
0.00743843891677749
0.006509227422191749
0.004959781093298579
0.003220207422858331
0.001761710763890996
0.0009657531607918557
0.001021615637192921
0.001880042234134575
0.003274814110050253
0.004803719843045712
0.006044205904634094
0.006668571358692669
0.006527733197489373
0.005678934248896504
0.004355595289290875
0.002889414866918251
0.001611590225593289
0.0007625727315722082
0.000436150048020475
0.0005709541945373537
0.0009881010007166862
0.001458953347764476
0.00178009021415731
0.001831562736807772
0.001602338579104941
0.001178031762300826
0.0006995541313214121
0.000308075165089681
9.720547453466912e-05
8.708246337370254e-05
0.0002277014007082084
0.0004274736894569968
0.0005949895907770215
0.0006774981445708654
0.0006819182426662566
0.0006710124782753344
0.0007365500444830353
0.0009596480542046179
0.001373298479517856
0.001940863348647445
0.002559533246987249
0.003087836567905338
0.003389425515451424
0.003377934989096423
0.003048183826020217
0.002482867127917488
0.001831721093650094
0.001269314434871849
0.0009444102736947103
0.0009365901144429481
0.001233522293926039
0.001735848576377028
0.002287723318794197
0.002723242600508534
0.002914499656598395
0.002806679135063214
0.002429991866102803
0.001886411813162199
0.00131553522314432
0.0008519894122035633
0.0005868164556475389
0.0005449162305869806
0.0006837682794171049
0.0009128486742204727
0.001125710117355985
0.001234220921921569
0.001194065242193056
0.001014176861352061
0.000748499289243565
0.0004744285302720471
0.0002656497877124415
0.0001687509767399416
0.0001911197842936161
0.0003028101066367543
0.0004506737254952568
0.0005790600722648591
0.0006493207405803376
0.0006516341103339413
0.000605529304039521
0.0005495967148693748
0.0005247591527965052
0.0005575218372827996
0.0006490651060158148
0.0007743604866940765
0.0008912829010956864
0.0009565641509779216
0.0009429148416223266
0.0008511259083250137
0.0007130267130827687
0.0005837119044460465
0.0005255934476906902
0.0005889024773718737
0.0007952065020724121
0.001128615911169397
0.001537981057059267
0.00194910468539909
0.002283789211279871
0.002479641935542731
0.002505485376829181
0.002367700399793551
0.002106507289775604
0.001783499583658439
0.001464407734043244
0.001202335288763583
0.001026026108093059
0.0009357243086419123
0.0009077345692332599
0.0009048377168425377
0.0008892827618128974
0.0008344229408465989
0.0007314972230507058
0.0005901879735457833
0.0004334620640814147
0.0002888772114701732
0.0001793485614831806
0.000116441695236171
9.785129453184295e-05
0.0001095685622954552
0.0001316395737175106
0.000145196756998028
0.0001385554991728858
0.0001103517655107405
6.901042585819882e-05
2.887959607948641e-05
4.670257963433626e-06
5.984755464709476e-06
3.384420681933245e-05
8.023040782780131e-05
0.0001307248649510579
0.0001692245076914275
0.0001832283337597115
0.0001679700276541081
0.0001280132851188942
7.599439830863201e-05
2.880628184122866e-05
2.49505002703032e-06
7.401215862649159e-06
4.503307195798354e-05
0.0001075463153069573
0.0001799989370679306
0.0002446376126846368
0.0002860314791773896
0.0002955328318829651
0.000273796276711644
0.0002307870988576757
0.0001832055256723733
0.0001501001619193813
0.0001478998757234598
0.0001861995113134974
0.0002653023987438262
0.0003761351938827976
0.0005024978124283443
0.0006249730995660994
0.0007254360962280214
0.0007910947107920886
0.0008169899856676364
0.0008067173777088526
0.0007708685291962901
0.0007243018301656886
0.0006823883942904231
0.0006576107797417655
0.0006570977209913241
0.0006815108845588156
0.0007256038414427122
0.0007798672020297392
0.0008332295869836982
0.0008754224444282735
0.0008991985848606312
0.0009014760294768184
0.0008834437568812345
0.000849679723771029
0.0008068484933514949
0.0007617233306564866
0.0007200633598310041
0.000685310670630589
0.0006584690153459778
0.0006382590779850773
0.0006219344666929967
0.0006062372188119801
0.0005882593157598491
0.0005661928024975561
0.0005395883729335411
0.0005093312487671456
0.0004771853383636257
0.0004453447093847509
0.0004158076889021484
0.0003899742699115745
0.000368402816824985
0.0003507596382530484
0.0003360324645275252
0.0003228354215885419
0.0003097435823432494
0.0002956339820593018
0.0002798608482608623
0.0002624044029238825
0.0002437786537068801
0.0002249060772398587
0.0002069362060555664
0.0001910241588802778
0.000178108292526873
0.000168789000683574
0.0001632488043371735
0.000161222463097266
0.0001620497589582546
0.0001648120140540033
0.0001684019451831281
0.0001717332561048073
0.0001738520877519626
0.0001740630841298476
0.0001720411888874475
0.0001678629484545195
0.0001619802484503983
0.0001551850121982544
0.0001484736616151423
0.0001429056658603211
0.0001394403302125516
0.0001387769023378858
0.0001412573578381438
0.0001467556075302678
0.000154711806157123
0.0001641528425409588
0.0001738708322620653
0.0001825383584670337
0.000188954661669082
0.0001922110514867843
0.0001918451664639068
0.0001879667762946199
0.0001812520001167318
0.0001728959497980974
0.0001644387736916056
0.0001575492684821023
0.0001537625655573181
0.000154198239128864
0.0001593149887502
0.0001687816644756731
0.0001814326532951727
0.000195391458400037
0.0002083310880158369
0.0002178465438050177
0.0002219042591621817
0.0002192734104717762
0.0002098357260683439
0.0001948051937484875
0.0001765599713062734
0.0001584159110582985
0.0001440170818074102
0.0001366711750567544
0.0001386237249898214
0.0001504887544371197
0.0001709220082192437
0.0001966528848552556
0.0002229502504215245
0.0002444384395160926
0.0002561474550537095
0.0002546060562778554
0.0002387556611648479
0.0002104397845330488
0.0001743400299116749
0.0001372971870113054
0.0001070734253612019
9.077500090924817e-05
9.328180952198255e-05
0.0001159621054107293
0.0001559887209188049
0.0002066074937405906
0.0002581420088420876
0.0002998811898441485
0.0003222679973980622
0.0003191292475164151
0.0002892888787129921
0.0002372826437023049
0.0001728512082685869
0.0001092281990546083
6.055418143006822e-05
3.879895783953837e-05
5.101868793640083e-05
9.740305008790049e-05
0.0001707774825835783
0.0002576420682080677
0.0003407465011008337
0.0004026276625258751
0.0004294494304540863
0.0004142484521983265
0.0003588349724276257
0.0002738446168913752
0.0001768024879054576
8.855744827365516e-05
2.881202519975523e-05
1.171819024534283e-05
4.25552734021981e-05
0.0001162822133716642
0.000218390069108556
0.0003278738753176902
0.0004217940540357358
0.0004802756249309065
0.0004909851081345489
0.0004518227803580304
0.0003714031900869529
0.0002670119739436993
0.0001606736869880677
7.407253069266198e-05
2.3760529801101e-05
1.761524922697119e-05
5.342257346111683e-05
0.0001199120286952909
0.0001998419762522576
0.0002744238655265529
0.0003277532376632875
0.0003503302178586802
0.0003406690509733805
0.000304775596638093
0.0002537165755262081
0.0002001257723218672
0.0001546209569914478
0.0001232161210469792
0.0001064271580381733
0.0001001793744061406
9.817875094189501e-05
9.484996818738396e-05
8.786471773033197e-05
7.931027351644078e-05
7.516523013642114e-05
8.303358430107213e-05
0.0001090370895486184
0.0001547494801026896
0.000215410418391329
0.0002800354848753881
0.0003337672681281176
0.000361807245245098
0.0003539376392356474
0.0003081904020202419
0.0002324810749376121
0.000143479056462053
6.282025770356472e-05
1.154486666343842e-05
4.290090031414522e-06
4.490682521476113e-05
0.0001248432837183652
0.0002249339675176662
0.0003202468116278537
0.0003866348169826907
0.0004073044525405407
0.0003773993901570827
0.0003052083829310705
0.0002097402841992341
0.0001152065548457466
4.403581111267876e-05
1.057683994427268e-05
1.727456703712989e-05
5.455262414074832e-05
0.0001043845781676952
0.0001464889753406068
0.0001651412706723889
0.0001544603252443251
0.0001204397775037165
7.903810957804386e-05
5.080830191501877e-05
5.383025659791502e-05
9.712763085608079e-05
0.0001768290224364141
0.0002763393092628594
0.0003707698436530022
0.0004341865999989907
0.0004476296053071793
0.0004052463633796786
0.0003166404466649209
0.0002044552953562165
9.797427452040543e-05
2.451408854461137e-05
1.37119229349898e-06
3.077907316843083e-05
9.954487026072903e-05
0.0001834507832986589
0.000255084658041637
0.000292584613209091
0.0002864633665111989
0.0002423617482273184
0.0001787870568155618
0.0001206158770527353
9.049804685681231e-05
0.0001009877463570072
0.0001500995975498898
0.0002218118913584252
0.000291374006680436
0.000333749228141885
0.0003323726831931168
0.0002852423247853639
0.0002062294021505006
0.0001210214843901724
5.894782619343603e-05
4.324936926683972e-05
8.310041860055541e-05
0.0001700279660772862
0.0002800395028659817
0.0003809505990010541
0.000442467198535745
0.0004459133421740885
0.0003902888837275033
0.0002926019349395813
0.0001823700672707879
9.194554125624484e-05
4.597025677932807e-05
5.33650059971609e-05
0.0001046249718275582
0.0001753904823971514
0.0002351387625767843
0.000258108207355442
0.0002327932287843518
0.0001666945210819159
8.456757064157717e-05
2.057346884145257e-05
6.837329439483858e-06
6.213153892699692e-05
0.0001845182492739088
0.0003505431890773599
0.0005214446015790715
0.0006546028729204792
0.0007165878872687368
0.0006935923971635064
0.0005958907100403832
0.0004547951741492171
0.000312895409659868
0.0002108837986448717
0.0001750126813539018
0.000209326902390522
0.0002951143964612227
0.0003977705865153683
0.0004786647485154245
0.0005082407857561715
0.0004757843606874049
0.0003928036536785115
0.0002888018444599821
0.0002009266373719531
0.0001609753552749574
0.0001841874466677963
0.0002636425685958137
0.0003722743785193272
0.0004718499293635925
0.0005261153997003872
0.0005135936239276465
0.0004356299239030885
0.000317010659899802
0.0001985321401039345
0.0001238900919600339
0.000125093089987404
0.0002111770266952251
0.0003640806843450027
0.0005431767504274205
0.0006973725798396391
0.0007808317713306706
0.0007674571510576541
0.0006594235658130065
0.0004868677556068814
0.0002986716252169442
0.0001473462268813649
7.254939741578675e-05
8.874164066742702e-05
0.0001808971176249694
0.0003098263529681627
0.0004254851349737441
0.0004841063529348465
0.0004635700617112817
0.0003720995842816612
0.0002470702259929587
0.0001441661944286131
0.0001199279336727248
0.0002130317225889858
0.0004301559794263682
0.0007410578602993621
0.001084639329088586
0.001384532390751887
0.001569896521446853
0.001595197340002441
0.00145331854093573
0.00117801202118035
0.0008350444834979874
0.0005043444101063948
0.0002586964603974388
0.0001448740356951751
0.0001726161176494971
0.0003144278442614528
0.0005158550066349715
0.0007128011524731795
0.0008506191009253514
0.0008990421471159052
0.0008588256757228693
0.0007583177213616553
0.0006414873761544578
0.0005516729418148969
0.0005162830549412793
0.0005376314403315189
0.0005928625210290039
0.0006430690526969866
0.000648659191891392
0.0005859761150479122
0.0004595340757830151
0.0003054300085515308
0.0001841685936460553
0.0001642957785875252
0.0003012206730505827
0.0006174586086537594
0.001090353547246928
0.001651645637751774
0.002200075975368547
0.002624281480657034
0.002830868147220903
0.002769875596135247
0.002450784570707403
0.001944524558227038
0.00136980764815313
0.0008669482842762569
0.0005650553877955945
0.000550663917902374
0.0008457796657970436
0.001400701618246142
0.002103926216013282
0.002806866674738932
0.003357302311517378
0.003633968197101655
0.003573673902627983
0.003184818947278964
0.002544124487752858
0.001777771151936383
0.001031606125743384
0.0004381844647938817
8.762058335555277e-05
1.022240508529592e-05
0.0001736928144190129
0.0004953384117159415
0.0008655911600313065
0.00117663752170279
0.001348813130800797
0.001348370804963282
0.001192463808531096
0.0009407095458813616
0.0006758292327772028
0.0004789960969639859
0.0004063956827176588
0.0004732919779020077
0.0006498785373401345
0.0008700205949950544
0.00105084123947985
0.001117860403102261
0.00102935805473438
0.0007931141203024296
0.0004705507835583789
0.0001664928543398115
5.858151716181633e-06
0.0001023855054139235
0.0005264517781158186
0.001279967335276464
0.002285206943159594
0.003391702593448541
0.004401233798133015
0.005107902242743378
0.005344845545430073
0.005028607459825644
0.004191297723615134
0.002991914404826181
0.001702396407724553
0.0006682763504388122
0.0002488686122832392
0.0007465786014626306
0.002337486324204072
0.005017142576528225
0.00857304767306857
0.01259238367883497
0.01650832116730273
0.01968138433554451
0.02150728557546175
0.02153645162258767
0.01958849838519685
0.01584389820461448
0.01089512872352428
0.005747816349297425
0.001764675068573649
0.0005546471000915464
0.003816096161303817
0.01314958887207604
0.02986063786562124
0.05477485392782408
0.0880899682372617
0.1292724561483974
0.1770400775090976
0.229402747671071
0.2837836077281171
0.3372043794552261
0.3865174337476642
0.4286647266555663
0.4609365233097056
0.4812076408926774
0.488119201801089
0.4812070996864636
0.460936986224616
0.4286653516206628
0.3865180608625822
0.337205056610703
0.2837844417731049
0.2294036102183033
0.1770409004705265
0.1292706595963444
0.08808851688201395
0.05477526539879293
0.02986093206103095
0.01314977706491837
0.003816183280602722
0.0005546578306098376
0.001764630601153109
0.005747743004219071
0.01089505306395045
0.01584406688357889
0.01958860659168198
0.02153642639737358
0.0215072892056605
0.01968142910931781
0.01650836312962111
0.01259244143472783
0.00857307416197633
0.005017189763276943
0.002337403570611052
0.0007465365573756707
0.0002488682051621223
0.0006682629760288088
0.001702378262092834
0.002991896718447228
0.004191281628720346
0.005028596116138893
0.00534484287672622
0.005107920258072624
0.004401186144125899
0.003391666052993647
0.002285224140758631
0.001279979873908736
0.0005264596689692069
0.0001023887374913396
5.857441453229828e-06
0.0001664895577661474
0.0004705455838621257
0.0007931214477651704
0.001029359622086188
0.001117857668940529
0.001050842524864417
0.0008700316134956744
0.0006498695821424523
0.0004732921974539175
0.0004063958530555785
0.0004789975161646313
0.0006758285151017258
0.0009407228482902373
0.00119247525735223
0.001348374224376209
0.001348814260030551
0.001176639714841613
0.0008655969517164994
0.0004953464202341741
0.0001736951184675297
1.022159649757682e-05
8.761624523492237e-05
0.0004382058903957278
0.00103163929159618
0.001777757532156496
0.002544118510161895
0.003184814289211328
0.003573669789658256
0.003633967543639799
0.003357301849553487
0.00280686970520287
0.002103895958354122
0.001400668795571722
0.0008457638169393525
0.0005506702025484396
0.0005650560568560026
0.0008669501144488818
0.001369797014489066
0.001944509922941978
0.002450771806209867
0.002769866784221204
0.002830867612736927
0.002624260381975575
0.002200059062309077
0.001651656479337136
0.001090360742373756
0.0006174636696475947
0.0003012220486063419
0.0001642945667748748
0.0001841694288429775
0.0003054282471108461
0.000459539141307745
0.0005859787294089314
0.0006486575012641519
0.000643069647207088
0.000592866676075857
0.0005376339743956579
0.0005162833924492927
0.0005516718943638644
0.0006414833320514334
0.0007583118364137059
0.000858830684551399
0.0008990450746621995
0.0008506178254095489
0.0007128069237691821
0.0005158586064198345
0.000314431845538909
0.0001726167868373834
0.0001448730135306229
0.0002586959638759346
0.0005043572716595588
0.0008350572214483136
0.001178031709981275
0.001453310653589627
0.001595194992019591
0.001569900958996724
0.00138454108769781
0.001084644330238266
0.0007410677088391098
0.0004301633208387151
0.0002130244762164005
0.0001199275119407304
0.0001441664732265753
0.0002470669928469162
0.0003721004084340148
0.0004635717750135079
0.0004841092392450909
0.0004254895706817556
0.0003098267318227559
0.0001808923863227404
8.873828376676848e-05
7.255013666762469e-05
0.0001473463513145963
0.0002986730172500859
0.0004868713689526875
0.0006594223003394265
0.0007674606844296589
0.0007808301768166591
0.0006973780756680891
0.0005431673184615107
0.0003640748709276863
0.0002111807877523731
0.0001250954808287703
0.0001238879642554542
0.0001985307110612291
0.000317007140232257
0.0004356300702132969
0.0005135919321859054
0.000526117560032439
0.000471843426639544
0.0003722719219147189
0.0002636462308097945
0.0001841881967742394
0.000160975616674036
0.0002009253479064652
0.0002888014482969062
0.0003928024914440949
0.000475786292950018
0.0005082393102332779
0.0004786618953790778
0.0003977695306144088
0.0002951193172181725
0.0002093271317233784
0.0001750127284791894
0.0002108811479483723
0.000312892694029132
0.0004547950735468591
0.0005958910029984682
0.0006935920375895641
0.0007165866554769844
0.0006546035361991538
0.0005214466733822597
0.0003505410439425569
0.0001845217599903924
6.213347288459336e-05
6.837626361038669e-06
2.057283528976158e-05
8.456594750731e-05
0.0001667021434387516
0.0002327951449121567
0.0002581083963541403
0.0002351401750811951
0.0001753937020100313
0.0001046255113860452
5.336505595209025e-05
4.59696337087152e-05
9.194438633267258e-05
0.0001823719554894324
0.000292609292349494
0.0003902884055986322
0.0004459117793834778
0.0004424683200222113
0.000380952759153939
0.0002800448092028065
0.0001700273442138409
8.309735624987034e-05
4.325042722243441e-05
5.895076000071689e-05
0.0001210201505381005
0.0002062289780860424
0.0002852381060132455
0.0003323723765413427
0.000333749203968157
0.0002913757137803067
0.0002218122824555174
0.0001501018871027093
0.0001009851841628506
9.049725139875991e-05
0.0001206165602474223
0.0001787815582643986
0.0002423615270942107
0.0002864641400734084
0.0002925847941433889
0.0002550801536847828
0.0001834491794599901
9.953731868179025e-05
3.078061173017425e-05
1.3711699503423e-06
2.451388788006778e-05
9.797193404139301e-05
0.0002044492719587952
0.000316638986663527
0.0004052510870077352
0.0004476283360941163
0.0004341853250958548
0.000370769242855245
0.000276333700071622
0.0001768295775892103
9.713019856086602e-05
5.383148846434927e-05
5.080780387762248e-05
7.903794128274102e-05
0.0001204395543915155
0.0001544642332223473
0.0001651408202442463
0.0001464884002223104
0.0001043853541270975
5.455030443524359e-05
1.727674313500948e-05
1.057672698700303e-05
4.403642026289981e-05
0.0001152035876218992
0.0002097457199049078
0.0003052073904211664
0.0003774053039429548
0.0004073094975625154
0.0003866345083959705
0.0003202428661221762
0.000224937125888162
0.0001248477143843618
4.490697425519972e-05
4.289573925197985e-06
1.15440242942765e-05
6.282312917589954e-05
0.000143480071834451
0.0002324869402951646
0.0003081890085673623
0.0003539369973385045
0.0003618065567088026
0.0003337664167974129
0.0002800322313483682
0.0002154080481278544
0.0001547499128192328
0.0001090366143675307
8.303456967487968e-05
7.516400457341236e-05
7.931214609639232e-05
8.78633139732368e-05
9.485167231044874e-05
9.818053109325446e-05
0.0001001833397601842
0.0001064280196518198
0.0001232161379686287
0.0001546202329095289
0.0002001278985273124
0.0002537181316595804
0.0003047718865826845
0.0003406682307499581
0.0003503347256456088
0.0003277544969852346
0.0002744188244693253
0.0001998445020274943
0.0001199065873770541
5.342253272907063e-05
1.761446276494817e-05
2.375914134538892e-05
7.407278909776939e-05
0.00016066972944997
0.0002670158407631734
0.0003714042904618033
0.0004518201810501885
0.0004909866271916839
0.0004802844941974472
0.0004217943010164117
0.000327874204117984
0.0002183889943875811
0.0001162844661055196
4.255254091310309e-05
1.171697132565635e-05
2.881242072102684e-05
8.856182662251753e-05
0.0001768009929981262
0.0002738477656337852
0.0003588361598157854
0.0004142493877854805
0.0004294509627015545
0.0004026298976404305
0.0003407522223926686
0.0002576436097931811
0.0001707765694810202
9.740483254650292e-05
5.101631560472001e-05
3.879949472394418e-05
6.055255815406358e-05
0.0001092295798258159
0.0001728500587800788
0.0002372829504425552
0.0002892868928967863
0.0003191311844793061
0.0003222708740609814
0.0002998785400270217
0.0002581406214323402
0.0002066042124447459
0.0001559918502099859
0.0001159617623393695
9.328505504961198e-05
9.077436107602022e-05
0.0001070706650073413
0.0001372977053058776
0.0001743404955133338
0.0002104374594105253
0.0002387533051201428
0.0002546050226999573
0.000256144496032165
0.0002444417224109583
0.0002229486464799467
0.0001966524995156577
0.0001709209090501074
0.0001504873010258776
0.0001386218684540458
0.0001366705554472488
0.000144017196439084
0.0001584144862453479
0.0001765597877947733
0.0001948048136046075
0.0002098448666502935
0.0002192746980366993
0.0002219063116693071
0.0002178478274399426
0.000208334019199066
0.0001953924659413405
0.000181436115159671
0.000168781207784112
0.0001593184569948235
0.0001541934139861133
0.0001537611338554545
0.0001575442101346822
0.0001644347742971094
0.0001728943905560546
0.0001812521241581162
0.0001879669140343981
0.0001918464607568134
0.0001922106214944948
0.0001889554304807049
0.0001825384538638157
0.0001738709234294007
0.0001641531883912879
0.0001547104434631386
0.000146756543955228
0.000141255614349217
0.0001387774912965282
0.0001394368980834706
0.0001429055053377576
0.0001484791130852683
0.000155184987235244
0.0001619823087575528
0.0001678608188255181
0.000172040329702551
0.0001740589274288056
0.0001738566824979004
0.000171732401406688
0.0001684050671563846
0.000164808795073814
0.0001620497719786525
0.0001612202812898427
0.0001632483458667138
0.0001687877423774639
0.0001781074960040059
0.0001910265964228394
0.0002069381383804088
0.0002248969005423112
0.0002437687767780961
0.0002624040356025347
0.0002798590395137506
0.0002956291261942752
0.0003097447137454763
0.0003228344292927526
0.0003360317949058372
0.0003507634497810892
0.0003684034224048272
0.0003899769006157465
0.0004158027316595039
0.000445337312397608
0.0004771754632285355
0.0005093277647028558
0.0005395949184546584
0.0005661887780211341
0.0005882630321769958
0.0006062375905829326
0.0006219318903686231
0.0006382555210253983
0.0006584632644587159
0.0006853135018407398
0.0007200547416386397
0.0007617228444171367
0.0008068439802718865
0.0008496872212325692
0.0008834351308249152
0.0009014668266987431
0.0008991969349460533
0.0008754191982177979
0.0008332195059727579
0.0007798726090543618
0.0007255864454761842
0.0006815061750461495
0.0006570999830519624
0.0006576131576573347
0.0006823876338030458
0.0007243056000010698
0.000770867311314783
0.0008067114333644032
0.0008169936219180468
0.0007910975728717556
0.000725435851569227
0.0006249683260382792
0.0005024931914986584
0.0003761250655065515
0.000265297361660173
0.000186198708505655
0.0001478970159090795
0.0001501013820670039
0.000183203972051233
0.0002307892396091713
0.0002738002637309905
0.0002955353331320572
0.0002860288064835461
0.0002446369423294029
0.000179992782274091
0.0001075535497206289
4.502926360948898e-05
7.402137258778027e-06
2.494960958469364e-06
2.880966964279242e-05
7.599516189233875e-05
0.0001280160846696757
0.0001679677220251985
0.0001832263883946831
0.0001692218734778317
0.0001307222166035318
8.023414338618218e-05
3.384246069061643e-05
5.985855365030101e-06
4.670023358882014e-06
2.888029117257334e-05
6.901043610880436e-05
0.000110358319293391
0.0001385534923626946
0.0001452001351737611
0.0001316429369624876
0.0001095673742910547
9.784950211582215e-05
0.0001164404791681395
0.000179354568335013
0.000288874070234563
0.0004334780397447946
0.0005901837002491863
0.0007315075365114245
0.0008344225439703163
0.0008892833631199736
0.0009048298905127879
0.0009077348054122487
0.0009357179508989908
0.001026021458195736
0.001202356711550885
0.001464398907215454
0.001783524193362009
0.002106481481427813
0.002367704044631266
0.002505481805936523
0.002479646817748905
0.002283799456869178
0.001949109016029458
0.00153795880027662
0.001128634871410385
0.0007952028190530303
0.000588924793408146
0.0005255875499098165
0.000583713575545324
0.0007130325288290145
0.0008511243180541999
0.0009429149612501257
0.0009565611845283423
0.0008912850302880176
0.0007743481862130448
0.0006490604272040773
0.000557517524209299
0.0005247576362921317
0.0005495966488035919
0.0006055366450234324
0.0006516343207642019
0.0006493193467045341
0.0005790601247191363
0.0004506741008831994
0.000302812319319666
0.0001911181420189379
0.0001687517609616287
0.0002656573123602144
0.0004744430550336304
0.0007485141659376192
0.001014161123453217
0.001194065629368908
0.001234208794109998
0.00112570033357611
0.0009128412385796754
0.0006837738251897709
0.0005449182325667917
0.0005868157522904332
0.0008519907131656939
0.001315500508421116
0.001886412003897436
0.002430015881319153
0.00280665167584756
0.00291449053767911
0.002723253563985316
0.002287705077526201
0.001735868957953936
0.00123351094563344
0.0009365883343174284
0.0009444104833434215
0.001269332116752182
0.001831721262825046
0.002482890034764281
0.003048163127362169
0.003377938379771052
0.003389431497591602
0.003087830875641834
0.002559548529178888
0.001940873425430306
0.001373330117156892
0.0009596483730495345
0.0007365353581199204
0.0006710094929461361
0.0006819156304993301
0.0006775024232361465
0.0005949932736097859
0.0004274844633591509
0.0002276949772368953
8.708782846044405e-05
9.720524160929528e-05
0.0003080873242255193
0.0006995510424930289
0.001178060808812317
0.001602342135044018
0.001831567190685116
0.00178010135756863
0.00145895329417527
0.0009881249260746687
0.0005709539642410794
0.0004361514400666424
0.0007625726893439896
0.00161168984100977
0.002889384665317468
0.004355638529163043
0.005678883111446611
0.006527730509816564
0.006668557992033663
0.006044173191502501
0.004803786661967143
0.003274813966268957
0.001880000144074297
0.001021621664648523
0.0009657621917388463
0.0017616695766749
0.003220249578734445
0.004959719195187989
0.006509265725683096
0.007438402786865468
0.007478656061278355
0.006599444382378171
0.005018227699844995
0.003139330183376703
0.001442878860748667
0.0003512946249717209
0.0001175231675949119
0.0007618620690527263
0.002077374779290415
0.003699344728189157
0.00521479430369959
0.006280042710370327
0.00671006408826959
0.006513028316526074
0.005864371058893391
0.005030977082580125
0.004272335962721589
0.003753725313213358
0.00349903397155586
0.003398899915658181
0.003269839387349753
0.002942505003345329
0.002346362986829823
0.001558648419290223
0.0007980862233415187
0.0003582785322974487
0.0005043241883995973
0.001362720854614904
0.002845590236704734
0.004641647352131744
0.00628219334850156
0.007274201416366856
0.007261869808526156
0.006167135369126985
0.004262928139789685
0.002146060304822445
0.0006028474621417679
0.000399848459373796
0.002048453105120882
0.005613984649843541
0.01062879733142551
0.01615108410307287
0.02096031237517194
0.02386351178074685
0.02402278754935166
0.02122925069300624
0.01603511614670634
0.009693654967379417
0.003912880134353681
0.0004558530897728846
0.0006960608915072118
0.005223942858936077
0.01362373445151382
0.02448011164847962
0.0356459810688605
0.04470324839718099
0.04954250574955815
0.04889587556679879
0.0427149935464314
0.03227292014904939
0.01995581639975353
0.008765858134133666
0.001657125742499027
0.0008266605823144943
0.007153906166113552
0.01991360699973406
0.03684555679441581
0.05460202408542248
0.0694535936248577
0.07813614368359226
0.0786315305046885
0.07069241884299216
0.05599191817221188
0.0378444337812889
0.02052274980528083
0.008348323112859582
0.004703181139707467
0.01122996424818496
0.02737801535777044
0.05042286379068187
0.07597594217559256
0.09890557523141415
0.1144307578432509
0.1192276156164368
0.1122281542996571
0.09497061322812647
0.07138856855778038
0.04703818676697178
0.02795911612525576
0.01934346152235969
0.02433460713502266
0.04321937402279055
0.07320787583633701
0.1088637467365183
0.1431832063238666
0.1690427646692231
0.1808183404958871
0.1757510752921015
0.1548126558832108
0.1227934424517112
0.08758900670922068
0.05870028524526535
0.04529246040936373
0.0540863821565153
0.08759105472349567
0.1430545997231027
0.2123925046063667
0.2833372742820826
0.3415574980419447
0.3736201485510066
0.3702321914864766
0.3291859251514716
0.2574655775343219
0.1720467591410997
0.09897439895326456
0.07085930361226908
0.1228085674911489
0.2874599202713527
0.5896266118556537
1.041660000664448
1.639639903752109
2.362117109252643
3.170210206447924
4.011162476278193
4.822649307684311
5.540005298360072
6.10271640847966
6.461705212141969
6.58507453063762
