# RCS in m**2 for a L=5 cm PVC cube at 0.0 degree aspect angle
# frequency = 86.5 GHz, 
# theta = linspace(0, 6.2832, 1441)
# phi = linspace(0, 0, 1  1)
15.06757668450951
14.83446395374215
14.15232303190394
13.07110981484477
11.66859015649258
10.04287019954197
8.303026772241667
6.559057414802052
4.912115388922556
3.446124148842334
2.221621055397279
1.272322661766521
0.6047209337832505
0.2004786100934844
0.02121711594924814
0.01497359045054005
0.1234384544003178
0.2890894798523619
0.4613853183151418
0.6013674400046833
0.6842892698314341
0.7001280752337204
0.6521733213748538
0.5540803575681303
0.425955558743774
0.2901288888262153
0.1672274910166323
0.07307562691612603
0.01677088213498027
7.627386755252521e-05
0.01806519492977343
0.06076931183870241
0.1154536327998258
0.1690823041008249
0.2105548586762518
0.2323677514772005
0.2314839235605262
0.2093488270563213
0.1711340313793673
0.1244114073703009
0.07754854774391655
0.03812669811397165
0.01165384677922431
0.0007785782608021623
0.005092665905569616
0.02150544504440781
0.04506851580624251
0.07006163272638667
0.09111611773813261
0.1041682295596211
0.1070793655666224
0.09984051855421106
0.08435971076147868
0.06391099811067932
0.04237961088406589
0.0234657000826213
0.01000451174951612
0.00351844254941386
0.004068401640042616
0.01040080426630207
0.02033402277581754
0.03128270919224287
0.04080139468037934
0.04703912579826303
0.04902097884561627
0.04672355825856703
0.04094673681188412
0.03304180232044205
0.02455965272668581
0.01690990622391324
0.01110031594575889
0.007598815174983199
0.00633405782164703
0.006812158890848342
0.008307183386326179
0.01006878190867928
0.01149689872396928
0.01224592718218529
0.01224395340865706
0.01163796014241535
0.01068977829161134
0.009662140229305239
0.008728298140730808
0.007930218801240669
0.007190695471240402
0.006371400038484562
0.005350873505255251
0.004096176301656144
0.002700836929176923
0.001375830490356721
0.000395428967647414
1.250968810305462e-05
0.000370581607019807
0.001440407962924454
0.003003262201509631
0.004689977127815905
0.006068654890894551
0.006759700851620057
0.006546057084503181
0.005448495380970863
0.003741305865582938
0.001901210765550487
0.00049769632606972
5.15901110466735e-05
0.0008967792850246419
0.003081157256478837
0.00633401762660395
0.01011113954537897
0.01370814671462866
0.01641712691167845
0.0176884255007651
0.01725781319991904
0.01520878254411892
0.01195428134967651
0.008142623609687785
0.004510790224994809
0.00172074828516378
0.0002180103542739378
0.0001450443079862172
0.001328160313191683
0.003337398877431815
0.005601454303254518
0.007547662844053527
0.008731172970863791
0.008923743803689209
0.008143918339770731
0.006625641800695038
0.004738555199022602
0.00288509048355968
0.001401142783119679
0.000485433628569504
0.0001733811149901175
0.0003547207765659291
0.000827072906593113
0.001364884999562319
0.001783949976147576
0.001983146060956963
0.001955148993679547
0.00176725085313071
0.001522157628605472
0.001314105032904242
0.001194521488405087
0.001158966733852184
0.001156559951196098
0.001117260162389554
0.0009857832924765936
0.0007493922617951692
0.0004490257613442772
0.0001693357657681127
1.102887517338143e-05
5.445839826034981e-05
0.0003270745624208522
0.0007866086920742733
0.001326589799563848
0.001804014263495588
0.00208203972445578
0.002073943534863318
0.001776205221304921
0.001278035587256699
0.0007442955433438045
0.0003746400040682322
0.0003496403882291288
0.0007787440967651371
0.001665113170120823
0.00289681980307718
0.004268643531874284
0.005528094243626097
0.006434194940652384
0.006814390452969664
0.006602547716746405
0.005852111123517551
0.004718641798697218
0.003419371438051049
0.002180185918020238
0.001184939556592296
0.000538876782154916
0.000255416703941666
0.0002663331762726961
0.000451515696667927
0.0006778028771676109
0.0008355012655714533
0.0008632007064901763
0.0007556337916576436
0.0005539748982441098
0.0003245136760519954
0.0001329558916820217
2.288952005727507e-05
4.676668374899589e-06
5.680421648796023e-05
0.0001379083235254128
0.0002042205685567979
0.0002259392281279822
0.0001970720922314814
0.0001356483162461353
7.490526476561617e-05
4.916263444203735e-05
7.961518139553239e-05
0.0001653617162726042
0.0002829553762316599
0.0003948792971541019
0.0004639274204586851
0.0004689292756158969
0.0004160313658032423
0.0003414030552404719
0.0003038298263711649
0.0003688279707859419
0.0005886587758686874
0.0009840939944923989
0.001533670862456976
0.002173656307032505
0.002809753324119695
0.003337842320881413
0.003667369806133753
0.003743163318418808
0.003558290412022621
0.003155194730603066
0.002615614477140391
0.002041228931334716
0.001530240970664
0.001156544098234555
0.0009553289784332884
0.0009195557896233586
0.001006127657924203
0.001150234717092171
0.001283352502591126
0.001350086633455079
0.001319560796998145
0.00118953602598614
0.0009827399684227596
0.0007373624359440904
0.0004950543341527872
0.0002902196059002877
0.0001424969989275278
5.495079563479844e-05
1.687462946409342e-05
1.011910849193043e-05
1.62943154312918e-05
2.263533922268539e-05
2.487228758271623e-05
2.659511242617035e-05
3.584562730561974e-05
6.033136505964001e-05
0.0001032168001295332
0.0001608227732657004
0.000223090768488272
0.0002765386826001028
0.0003086400970679321
0.0003122677026525682
0.0002882821487229949
0.0002460570338619745
0.0002009427290680829
0.000169965852276953
0.0001667350620881093
0.0001971918675867273
0.0002575224830351206
0.0003348188318751512
0.0004104725156863488
0.0004652931061640177
0.0004849756287955885
0.0004645056203369375
0.0004099032689720072
0.0003373388945332198
0.0002693418821074453
0.000229221544478372
0.000235208763408281
0.0002956953106842342
0.000406856423620751
0.0005531468897854703
0.0007107175992523298
0.0008525956275691491
0.0009548231620103153
0.001001560030026301
0.0009884313060163096
0.0009231451186603633
0.000823516286437108
0.000713265084943023
0.0006168001001924836
0.0005540144538204867
0.0005365201996458935
0.0005656543423361321
0.0006328798442036563
0.0007222188536445243
0.0008139949598038246
0.0008890320514592355
0.0009323633668125004
0.000935741943986234
0.0008985612815607427
0.0008271581079599459
0.0007328265098619965
0.0006291042576147548
0.0005290307075420267
0.0004428502144351331
0.0003766400463584875
0.0003319195766151992
0.0003062882160022432
0.0002946413391217174
0.0002906794456067804
0.0002883984008947297
0.0002831541611554959
0.0002722625221199808
0.0002550793131462406
0.0002325574258073281
0.000206726735678573
0.0001799756137525987
0.0001545699872436464
0.0001321861366702361
0.0001138826385187543
0.000100055312262314
9.063577743528419e-05
8.52424876283255e-05
8.333956549925423e-05
8.432563517969107e-05
8.755721194876709e-05
9.237439916680315e-05
9.810829069455762e-05
0.0001041458717856324
0.0001100265078836931
0.0001155385530714391
0.0001208122468745428
0.0001263510465399367
0.000132957543615144
0.0001415705658529538
0.0001529920035357948
0.0001676681083363875
0.0001854264284877292
0.0002053767158760351
0.0002259416292570809
0.0002451274953025273
0.0002608191226702861
0.0002712733788747811
0.0002755107181168736
0.0002736526914924112
0.0002669940974913673
0.000257908973443423
0.0002494324638823751
0.0002447365389453117
0.0002464828922602611
0.0002562710831942804
0.0002741238721274769
0.0002984735351587077
0.000326254299933084
0.0003534194898468263
0.0003756444318546793
0.0003891254278887195
0.0003913753607389939
0.0003817675221283268
0.0003617520216244996
0.0003347350354146747
0.000305540447891209
0.0002795587908726061
0.0002618200627925186
0.0002560199916452254
0.0002637561410697134
0.0002841879330870395
0.000314036921482451
0.0003481138858942157
0.0003801912695366834
0.0004041068484640186
0.0004148872680589388
0.0004097613244330005
0.0003886579542209397
0.0003544464314447599
0.0003124210309584729
0.0002695211903625557
0.0002330353228811456
0.0002093592687666013
0.0002027910640673535
0.0002146416042422802
0.0002429377733740668
0.0002826417779489854
0.0003264927955617662
0.0003662366847967925
0.0003941063430574277
0.0004042438804972712
0.0003938454934849968
0.0003637224411924528
0.0003182949855933062
0.0002648729807315092
0.0002124278354966486
0.0001699573377166997
0.0001449174678329909
0.0001417838882922541
0.0001611840061956751
0.0001997021282346061
0.0002504211935093355
0.0003041050102871429
0.0003508436761787972
0.0003818420876759064
0.0003910091979532337
0.0003761318577164305
0.000339266465902167
0.0002864588108977875
0.0002265813654183042
0.0001698542004778956
0.0001259131598530047
0.0001021293925013596
0.0001022652700566964
0.0001258710096516843
0.0001683701709398843
0.0002219862793445711
0.0002771338710974183
0.000324194453758564
0.0003551684176470757
0.0003650322906085434
0.0003524927978210227
0.0003200179081500489
0.0002732964753580952
0.0002200423681125337
0.0001686095588996291
0.0001266261445810993
9.978717761209801e-05
9.117638105243321e-05
0.0001010288813634707
0.0001269840428390495
0.0001647372350262626
0.0002087740327104349
0.0002532552581936549
0.0002926652276911502
0.0003223443647315221
0.0003388297130601353
0.0003400113719898629
0.0003252786278998523
0.0002956403885928546
0.000253783328071364
0.0002040969718158979
0.0001525658263862049
0.0001062760049139716
7.270109473118909e-05
5.859528447796119e-05
6.872601347877692e-05
0.0001046365220160738
0.0001637617765988733
0.0002391659399288752
0.0003201382913060429
0.0003936571449064545
0.0004465854737773062
0.0004682201382285281
0.0004526650952928946
0.0004005061150165657
0.0003193079858705697
0.0002226493569866037
0.0001278730201536963
5.277716604302108e-05
1.200778309693955e-05
1.388227556034033e-05
5.840306747683418e-05
0.0001369773664633714
0.000233969468697425
0.0003298323238998937
0.0004052231933438347
0.000445063080101489
0.0004417329852136391
0.0003966503997026038
0.0003197161716479353
0.000226919759557209
0.0001365934237167516
6.517869944241541e-05
2.365051346734446e-05
1.533612357979145e-05
3.57398602700009e-05
7.428794209379156e-05
0.0001175271978039724
0.0001528794412126204
0.0001719355581699947
0.0001723829330750553
0.0001581540458653793
0.0001376746264596496
0.0001209026205038879
0.0001159191662425083
0.0001262428457247583
0.0001495280799682255
0.0001781837257006073
0.0002017253481778495
0.00021014630836379
0.0001973192817081997
0.0001634554418747185
0.0001156049843184747
6.625109518545339e-05
3.002026133479221e-05
1.957469721159333e-05
4.180992389254137e-05
9.547539108984758e-05
0.0001710110654550969
0.0002527330358705927
0.0003227839361756075
0.0003658881728709301
0.0003734282013237546
0.0003457467878953369
0.0002919586809102486
0.0002272773721834093
0.0001686029063347876
0.0001296461487475952
0.0001170662966068729
0.0001286817809414186
0.0001544733809364464
0.0001799884054345732
0.0001912028672824591
0.0001793506640538814
0.0001442278737597902
9.491694494686668e-05
4.748300455805996e-05
2.037814923657123e-05
2.877795108963739e-05
7.948702855293917e-05
0.0001680921886554023
0.0002792045728682234
0.0003899408345005916
0.0004757145642340565
0.0005166677522000737
0.000503064773348309
0.0004379159852996378
0.0003361364492707796
0.0002204720792960995
0.0001152792992933761
4.012143135198739e-05
4.853457517892939e-06
7.764109383980274e-06
3.71804813386272e-05
7.598095947759728e-05
0.0001075846198413334
0.0001214949044968151
0.0001166443001299618
0.0001014763456812733
9.073717711688726e-05
9.997983064585439e-05
0.0001395869833059845
0.000210243779415527
0.0003014206092057244
0.000393560270236469
0.0004633831667899537
0.0004907327131086091
0.0004650121501628324
0.0003890466461524992
0.0002791088912430149
0.0001609398482952988
6.278636499490483e-05
7.535283710185044e-06
6.196271114499868e-06
5.477310317155719e-05
0.0001355581223468275
0.0002225349856595544
0.0002892829072778215
0.0003171374253317012
0.0003010555242557
0.0002513388092317294
0.0001907389275057172
0.0001475390183822622
0.0001468114034135766
0.0002022630456616427
0.0003113438950566239
0.0004549789272584066
0.0006022021943542174
0.0007184268888483169
0.0007748369561315837
0.0007564183160183991
0.0006659469553199635
0.0005232136028962627
0.0003592276289624174
0.0002075948773610401
9.534776750152087e-05
3.602961316784192e-05
2.709143273930863e-05
5.219596092319409e-05
8.769707377101704e-05
0.0001111742084454751
0.0001093287452033006
8.271227969040093e-05
4.578587715638162e-05
2.216449601605024e-05
3.657417742720641e-05
0.0001058979742291783
0.0002322540282988594
0.0004003124108826259
0.0005799263973122943
0.0007335261489123949
0.0008261831686676363
0.000835545251920432
0.0007586048759334403
0.0006131732945289452
0.0004335640545813411
0.0002615537623673707
0.0001351125217931493
7.806760378774582e-05
9.387765320154706e-05
0.0001651555516240523
0.0002593013964557644
0.0003385864969810724
0.0003718455957894697
0.0003442711292761985
0.0002625452393411834
0.0001534860310277232
5.66682800235213e-05
1.288837955743338e-05
5.175296882875062e-05
0.0001820536956132941
0.00038766116812205
0.0006304624838846536
0.0008596172956265257
0.001024741325064183
0.001089554119055818
0.001042111515731438
0.0008987667421352487
0.0007006831973881477
0.0005036126840988301
0.0003637260776264153
0.0003229647042027765
0.0003981016583044382
0.0005762035701315035
0.0008177977168899376
0.001066796537450455
0.001264610807968109
0.001364653107306511
0.001343453080723563
0.001205486010208834
0.0009807843903262396
0.00071599659968222
0.0004615739294089178
0.000258829606200411
0.0001302098419018021
7.553715729765491e-05
7.500033860778312e-05
9.785022365312835e-05
0.0001141010649094317
0.0001056712454984625
7.356910426705921e-05
3.880663600801756e-05
3.658896264975539e-05
0.0001051946665767538
0.0002726998572038374
0.0005453751247372577
0.0009013959337392306
0.001292175319101662
0.001651709751108543
0.001911893833336246
0.002020514329515057
0.001956994694826509
0.001741588090106379
0.001435290509484947
0.001129374984517836
0.0009264738931037791
0.0009171681141365089
0.001157272600705679
0.001651493513145149
0.002347390014677735
0.00314207386911884
0.003900671285196243
0.004482848470992125
0.004772327812745361
0.004702687140366685
0.004273843367813375
0.003555336351263544
0.002675218892139613
0.00179650232569601
0.001086221697811479
0.0006823370403694812
0.0006666306184579114
0.001048093224882909
0.001760738046665198
0.002676030512069098
0.003627430216130007
0.00444202529395232
0.004972876455867328
0.005125525187048096
0.004873981049737074
0.004262911270931498
0.003396497529678348
0.002416617735532386
0.001475059382546254
0.0007057200712451125
0.0002021476486540267
4.553268135374352e-06
9.818702304810249e-05
0.0004224340253545593
0.0008879336078908646
0.001397309637489153
0.001864766013734954
0.002230371621588071
0.00246642338892855
0.002575255374738157
0.002580096753576517
0.002512004315812964
0.002397018614319527
0.002247474200093105
0.002059866073799699
0.001820582097940881
0.001517804875323514
0.001156538982349997
0.0007722401163435803
0.0004382381798163578
0.000263260904414249
0.0003771797573348186
0.0009058373286473259
0.001938789534925064
0.003496001082902371
0.005501320169399549
0.007770058227925689
0.01001745571242006
0.01189058520987422
0.01302346395843653
0.01310984032947519
0.0119844848037741
0.009700676616505977
0.006589701353342234
0.003290065799631815
0.0007360802182095013
0.0001008566976531776
0.002694729182584536
0.009826888277460394
0.02264403155343924
0.04196467719297793
0.06813158314844042
0.1008940319646225
0.1393589675304839
0.1819965277816826
0.2267205615506973
0.271037749941635
0.312247048856677
0.3476760825067022
0.3749248407298887
0.3920913624750539
0.3979533789683204
0.3920909976182421
0.3749251850039036
0.3476765245074804
0.3122474836217356
0.2710382089249841
0.2267212813586242
0.1819971701511609
0.1393596615259494
0.1008925712446029
0.0681304692008365
0.04196499372523094
0.02264425859246486
0.009827026036638037
0.002694797014371507
0.0001008686150675749
0.0007360535797820656
0.003290025220768601
0.006589651387633197
0.0097007910286405
0.01198452025635982
0.0131098305863982
0.01302347032393438
0.01189060539090627
0.01001748746088213
0.007770091405962163
0.00550132775713618
0.003496030475138045
0.001938736821685276
0.0009058120849021232
0.0003771688824669107
0.0002632588914226972
0.0004382347685639561
0.000772233501186173
0.001156532479048261
0.001517799487961242
0.001820573476289116
0.002059863189975902
0.002247480359981175
0.002397028780891881
0.002511999251978114
0.002580099281632827
0.002575256337222427
0.002466414647420952
0.002230379305550174
0.001864773808104615
0.001397318161037213
0.0008879121724690598
0.00042241383874542
9.817890584526082e-05
4.552588595540928e-06
0.0002021387306736321
0.0007057024758290009
0.001475047063581698
0.002416608849113688
0.003396495902948498
0.00426290344083116
0.004874002617263221
0.005125526029832119
0.004972871059803309
0.004442034541894441
0.003627440587597213
0.002676043900748809
0.00176075562808296
0.00104809969478645
0.0006666232870799957
0.0006823348924558918
0.001086247108578892
0.001796542481300208
0.002675201436344842
0.003555328866959676
0.004273841511726558
0.004702686494973064
0.004772328126629489
0.004482852944060199
0.003900678167226854
0.003142040366350279
0.002347353306937578
0.001651473720103744
0.001157275218814692
0.0009171671238725304
0.0009264737608442914
0.001129370552552629
0.001435287726100431
0.001741583859402053
0.0019569888191969
0.002020523245034618
0.001911879943555636
0.001651694290645649
0.001292191743216972
0.0009013980063372137
0.000545379709321961
0.0002727023164883427
0.0001051975922414285
3.658911061927842e-05
3.880628870308499e-05
7.356970105355082e-05
0.0001056726287064228
0.0001141008381787576
9.785072039743941e-05
7.50014871296835e-05
7.553704797849516e-05
0.0001302081489287103
0.0002588276122866091
0.0004615693033339205
0.00071600402654931
0.0009807958849061644
0.00120549022106101
0.001343452760851347
0.001364661048762402
0.001264614336335435
0.001066800141684463
0.0008178006783951123
0.0005762078775973286
0.0003981040025622077
0.0003229662647329145
0.0003637310227956007
0.0005036188237621223
0.0007006740373538932
0.0008987653707062641
0.001042110188026339
0.001089555888739868
0.001024740210256392
0.0008596202379045542
0.000630469545280679
0.0003876533628326183
0.0001820490261623518
5.175471330285644e-05
1.28881880086165e-05
5.666765764917095e-05
0.0001534833018836104
0.0002625420732128689
0.0003442726692285944
0.0003718454980081505
0.00033858532158323
0.0002592991908793049
0.000165154503314783
9.387853869414096e-05
7.806720449780443e-05
0.0001351135298618674
0.0002615521927754074
0.0004335576106764537
0.0006131674169960742
0.0007586025618830456
0.000835553464224317
0.0008261847234509853
0.0007335272547515932
0.0005799320945294436
0.0004003142284490213
0.0002322598284323531
0.0001058996102657533
3.657415736066841e-05
2.216473611598066e-05
4.578465937878925e-05
8.271363856174824e-05
0.0001093296849627951
0.0001111754804934584
8.76974528961119e-05
5.219597508832609e-05
2.709155105667441e-05
3.60293118185109e-05
9.534516286427838e-05
0.0002075953670840067
0.00035923315554877
0.0005232168484074009
0.0006659559662817426
0.0007564198553368014
0.0007748356444687787
0.0007184270570941438
0.0006022071845743106
0.0004549790269840612
0.0003113439858785077
0.0002022638021346094
0.0001468089372541979
0.0001475418679726344
0.0001907345498743081
0.00025133714438848
0.0003010473759651743
0.0003171373645606417
0.0002892826969543115
0.0002225336054010169
0.0001355610184578633
5.477383559388893e-05
6.194914771282958e-06
7.536943581842511e-06
6.278633966819859e-05
0.0001609393723989517
0.0002791086402999436
0.0003890471445542633
0.000465012151750919
0.0004907286012659015
0.0004633840097733986
0.0003935561234216897
0.0003014179365403834
0.0002102352110248766
0.0001395877380477102
9.998054539098463e-05
9.07366894919438e-05
0.0001014783923220135
0.0001166440351639315
0.0001214952573995271
0.0001075837995073327
7.597758347062568e-05
3.718120885535722e-05
7.764496392696562e-06
4.852375033302333e-06
4.012075011081918e-05
0.0001152855907251695
0.0002204693071784654
0.0003361469192424439
0.0004379206061155779
0.000503072344798814
0.000516669594969556
0.0004757118789656313
0.0003899533318305471
0.0002792044345554982
0.0001680894198737767
7.948833301761374e-05
2.877623045588393e-05
2.037854728690817e-05
4.748024303910693e-05
9.491587071987563e-05
0.00014423120069595
0.0001793482928433128
0.0001912032345576723
0.0001799911163711963
0.0001544740660259967
0.0001286808797339035
0.0001170666474166471
0.0001296488757550739
0.0001685974215443282
0.0002272768624755224
0.0002919578526112468
0.0003457466089652851
0.0003734316545653068
0.0003658892195145787
0.0003227811031512313
0.0002527309515664793
0.0001710114037315616
9.547529111989242e-05
4.180877088887805e-05
1.957509433038882e-05
3.002041444319737e-05
6.62474413911834e-05
0.0001156035550140022
0.0001634548529744905
0.0001973220505842364
0.0002101468996495565
0.0002017284132234191
0.0001781825211069522
0.0001495275886188913
0.0001262415210873294
0.0001159195810851584
0.0001209007524807784
0.0001376761828805345
0.0001581534522941792
0.000172381373648845
0.0001719342548491049
0.0001528760060146497
0.0001175251871438257
7.428737232023492e-05
3.57399507226882e-05
1.533522637208928e-05
2.364913142559719e-05
6.518000729990871e-05
0.0001365940041889447
0.0002269198254162225
0.0003197152197205595
0.00039664953534193
0.0004417317390550071
0.0004450619518750301
0.0004052257505161795
0.0003298405860681009
0.0002339664604938703
0.0001369749955209688
5.840777727248045e-05
1.388250071624517e-05
1.200825310712152e-05
5.278128230686559e-05
0.0001278722088132419
0.0002226533109407962
0.0003192996309210658
0.0004005104383190849
0.0004526622248306704
0.0004682231673239739
0.0004465854366903786
0.0003936596661101757
0.0003201359555278168
0.0002391674647867658
0.0001637585629394623
0.0001046382476002538
6.872545822859431e-05
5.859573513943242e-05
7.270242008796505e-05
0.0001062781295009283
0.0001525641930603128
0.0002041012557624234
0.0002537697826415464
0.0002956397095485681
0.0003252786667083676
0.0003400114973591444
0.0003388320531767546
0.0003223476725069068
0.0002926630587553965
0.0002532560049259377
0.0002087710634157179
0.0001647361792449081
0.0001269901151915317
0.0001010285828569811
9.117825949797272e-05
9.978467247624401e-05
0.000126625763475947
0.0001686139115875195
0.0002200410330036557
0.0002733003127346223
0.0003200196102801068
0.0003524902209587068
0.0003650354374811486
0.0003551676626029773
0.0003241980925693791
0.000277133746377408
0.0002219873892743794
0.0001683710376653143
0.0001258685972180424
0.0001022677104259675
0.0001021297143068347
0.000125917045118311
0.0001698542266475531
0.0002265821018727036
0.0002864590752729806
0.0003392700576437169
0.0003761292197100523
0.0003910138496557773
0.0003818430733574213
0.0003508430752038641
0.000304109607985563
0.0002504183740589363
0.0001997041327940186
0.0001611826801307152
0.0001417830066033509
0.0001449163498571596
0.000169952216636804
0.0002124273513397939
0.0002648769111953458
0.0003182897199892035
0.000363720973373313
0.0003938491255933227
0.0004042483541375534
0.0003941057094243208
0.0003662338693113125
0.0003265009171692043
0.0002826439314594103
0.0002429347326583503
0.0002146428247671065
0.000202790525435385
0.0002093605599876784
0.0002330342916560468
0.0002695154139684331
0.0003124213791242091
0.0003544455120364331
0.0003886638629176865
0.0004097602237511561
0.000414887854034799
0.0004041052054525344
0.0003801909743437645
0.0003481128326606974
0.0003140385673593466
0.0002841872120550301
0.0002637570992164101
0.0002560182246631722
0.0002618217254453736
0.0002795584224507403
0.0003055432066726047
0.0003347372678865831
0.0003617487542908222
0.0003817664054211541
0.0003913759204638054
0.0003891234348142677
0.0003756427582729066
0.0003534217043647856
0.00032625466864967
0.0002984725459845631
0.0002741232710371111
0.0002562700344792384
0.0002464922155105886
0.0002447368946098014
0.0002494351988992713
0.0002579069928712028
0.0002669930137782697
0.0002736513180496143
0.0002755111403959368
0.0002712755838669945
0.0002608162527868247
0.0002451255582465811
0.000225940656249541
0.0002053767230591398
0.0001854243901694091
0.000167669714159515
0.0001529912107077247
0.0001415694891447825
0.0001329613745696854
0.0001263543381733597
0.0001208117411521458
0.0001155398994170668
0.0001100277160826164
0.000104145403161902
9.810647218527483e-05
9.23709515617174e-05
8.755662095110828e-05
8.43231362261986e-05
8.334038451152578e-05
8.524174970838292e-05
9.063810012627443e-05
0.0001000562334109381
0.0001138792076599254
0.0001321914311506419
0.0001545655411296286
0.0001799791258541082
0.00020671660225052
0.0002325551601802328
0.0002550777784958615
0.0002722617825072184
0.0002831522782788718
0.0002883983084923945
0.0002906816935162944
0.0002946477701461631
0.0003062924309706804
0.0003319107249546077
0.000376613631989063
0.0004428484149762275
0.0005290332862257407
0.0006291038038595682
0.0007328207136536765
0.000827151511304378
0.0008985627952725117
0.0009357401185819325
0.0009323594068487404
0.0008890316096443377
0.0008139932090963833
0.0007222132090482099
0.0006328744011944858
0.0005656524019549695
0.0005365231098469766
0.0005540116011719082
0.000616794100114996
0.0007132717071767903
0.0008235059200047118
0.0009231447867700563
0.0009884284002243322
0.001001573882861688
0.0009548397908596646
0.0008525960652482504
0.0007107091669852038
0.000553155159209092
0.0004068526262002423
0.0002957106451549538
0.0002352120967005177
0.0002292205678381581
0.0002693375853814697
0.0003373399080968266
0.0004099019942195372
0.0004645025454655105
0.0004849819380627132
0.0004652927536473281
0.0004104670588477697
0.0003348109718024815
0.0002575193537843426
0.0001971907804411972
0.0001667346411686375
0.0001699668958117263
0.0002009422284795787
0.0002460521638136409
0.0002882788273425693
0.0003122630796804508
0.0003086680208718396
0.0002765359002104528
0.0002230908643669957
0.000160819683265411
0.0001032194769001527
6.033360268942884e-05
3.58433200351402e-05
2.659655217532296e-05
2.487009432738887e-05
2.263652898266587e-05
1.62949722116904e-05
1.011911101256113e-05
1.687606039523576e-05
5.494917392532916e-05
0.0001425057748845167
0.0002902101537569888
0.0004950595469799144
0.0007373453774622066
0.0009827483344039083
0.00118952951687416
0.001319553271181026
0.001350074740291169
0.001283355774830767
0.001150237076264919
0.001006119196547507
0.0009195525496454586
0.0009553322491037775
0.001156535859974667
0.001530230131079105
0.00204122953441854
0.002615586084703788
0.003155195319789729
0.003558289251571188
0.003743222440750788
0.003667355355639914
0.00333786286455514
0.002809731342930897
0.002173622039454184
0.001533671180025275
0.0009841442879757673
0.0005886588336238814
0.0003688266551281353
0.0003038299637568024
0.0003414083752562793
0.0004160300588752036
0.0004689379927250855
0.0004639262361744905
0.0003948815364004692
0.0002829772134687541
0.0001653622802637375
7.961983369564094e-05
4.916260148167487e-05
7.491011158952945e-05
0.0001356457064227726
0.0001970777573115599
0.0002259371649901738
0.0002042134444213771
0.00013791225301483
5.680272307197106e-05
4.676725961612287e-06
2.2889405756283e-05
0.0001329674807980859
0.000324510094520476
0.000553984464743547
0.0007556360083346792
0.0008632221825671745
0.0008355028592616984
0.0006778098102071452
0.000451525864371438
0.0002663331967827547
0.0002554159536286135
0.000538876734188115
0.001184952685973303
0.002180171703469356
0.003419413411956625
0.004718633045209536
0.00585213072188285
0.006602537974209596
0.006814387400706537
0.006434268370638816
0.005528094073486096
0.004268570787798582
0.002896855516985804
0.001665071791129506
0.0007787739836693659
0.0003496109630473116
0.0003746344586029224
0.0007443098247764941
0.001277986863419715
0.001776205281312648
0.002073940175547393
0.002082024824569978
0.001804021638586625
0.001326606741433029
0.0007865819277192741
0.0003270842112911521
5.445722637129914e-05
1.102618154252921e-05
0.0001693358287688175
0.0004490403328635178
0.0007493922380648518
0.0009858118737228014
0.001117265909610226
0.001156569563454658
0.001158956013907864
0.001194521084653399
0.00131409212346303
0.001522247156896188
0.001767239430255847
0.00195514972194463
0.001983126716652388
0.001783935284237051
0.001364856965951737
0.0008270415010185638
0.0003547203841445765
0.0001733829016072133
0.0004854482800200634
0.001400922240974555
0.002885090052398991
0.004738694750153022
0.006625632217139301
0.008143999368742535
0.008923699598351783
0.008731102012445712
0.007547751279286355
0.005601442907948228
0.003337469031150667
0.001328159485801859
0.0001450125178219926
0.0002180103684152022
0.00172084316978297
0.004510729236681786
0.008142795340520443
0.01195417154606998
0.0152089186979235
0.01725774375747212
0.01768843184173565
0.01641726767171677
0.01370814633756185
0.01011095371872567
0.006334059969190431
0.003081036924916739
0.0008968082922442652
5.158642402091067e-05
0.0004976594143105851
0.001901260914563621
0.003741230808239568
0.005448493078537424
0.006546109587647008
0.006759675180828433
0.006068583733620646
0.0046899529242489
0.003003197101504777
0.001440442677162193
0.0003705678911378757
1.251082207750636e-05
0.0003954413291999339
0.001375856074737766
0.002700769084684996
0.004096250644184961
0.005350823951531693
0.006371406822979125
0.007190708782105163
0.007930238130821084
0.008728283744309021
0.009662138473867585
0.01068971191690253
0.01163795672385637
0.01224391824165938
0.0122458191348403
0.01149685105437976
0.01006880929453505
0.008307120650606277
0.006812222038604691
0.006334022968389748
0.007598731625167239
0.01110031581829603
0.01691020277231638
0.02455938593569636
0.0330419508675643
0.04094633857274012
0.04672293578443909
0.04902109255030041
0.04703920179442059
0.04080192689610332
0.03128271127362878
0.02033350877271566
0.01040089110739163
0.00406825174967951
0.003518406916851134
0.01000468275482507
0.02346502907167636
0.04237977056798176
0.06391027467109475
0.08435971520896232
0.09983974928325891
0.1070793544077809
0.1041676212252972
0.09111628808499944
0.07006075270619001
0.04506917629647251
0.02150495067072236
0.005093066758746508
0.0007786032029079663
0.01165284743597217
0.03812667645541289
0.07755031959525287
0.1244108067107013
0.1711352223231874
0.2093481989863511
0.2314841383139361
0.2323681768839712
0.2105544822895663
0.1690844011432055
0.1154533199918857
0.06076664679158929
0.01806542486442874
7.619433839290928e-05
0.01677021622881389
0.07307754550541253
0.1672245037658071
0.2901313687969888
0.4259495274485907
0.554080912796879
0.6521697708503797
0.7001277670167446
0.684287100329842
0.6013694761469029
0.4613795265406396
0.2890943630652387
0.1234354631329933
0.01497582520165211
0.02121793953283863
0.2004644445293364
0.6047205475776697
1.272360938691506
2.221606294842036
3.446174017105808
4.91207869949677
6.559099968001795
8.302963801138118
10.04289561645419
11.6685178111584
13.07111075183841
14.15237003072047
14.83445734955867
15.06757702672605
