# RCS in m**2 for a L=5 cm PVC cube at 0.0 degree aspect angle
# frequency = 91.75 GHz, 
# theta = linspace(0, 6.2832, 1441)
# phi = linspace(0, 0, 1  1)
9.644313834237064
9.475116238170454
8.982037749249427
8.206988017188172
7.214393218360202
6.083910210743621
4.901543227304189
3.75050029126979
2.702773909800843
1.812625521482671
1.112628338035994
0.612613275802453
0.3014728630575272
0.1513266707848471
0.1232980689811551
0.1739747826393377
0.2615825460073716
0.3510549687270291
0.4174020219247779
0.4470977088251173
0.4375534076102575
0.3949969354772287
0.3313384072192641
0.2606650521740058
0.1960113345138763
0.1469180311512257
0.1180932709786602
0.1092577273982434
0.1160243567381658
0.1314928893414021
0.14813954835764
0.1595742094363388
0.1618151445693226
0.1538675042305928
0.1375596200904134
0.1167556624976964
0.09617922060425463
0.08015438886050266
0.07155618550753988
0.07119229046440015
0.07773130942784526
0.08815158379740906
0.09857322576024168
0.1052559812477468
0.1055165629472481
0.0983547813176095
0.08464869372724293
0.06689431600005843
0.04856787634966673
0.0332698443757925
0.02386750103241218
0.02183240191932437
0.02692468519838982
0.03728720277673552
0.04991714943893264
0.06138952837382985
0.0686588488020858
0.06974538794685844
0.06415362199492933
0.05292991760253372
0.03835817469249662
0.02338465427787137
0.01091154489697168
0.003129601418305308
0.001053948381858435
0.004354387241785451
0.01151350874409902
0.02025666519720588
0.02813637655577957
0.03312586095545117
0.03407163127467867
0.03091168296306823
0.02460453993381102
0.01682029798010553
0.009469584473250572
0.004203316382658171
0.00201283799800107
0.003021936298779027
0.00651558593255117
0.01118393876864028
0.01550670500027862
0.0181696201231347
0.01840380728218971
0.0161618214652017
0.01209307249880831
0.007335769958352156
0.003188631108902978
0.0007561144546161131
0.0006618401920885104
0.00290256421474121
0.006874085724659746
0.0115530617096004
0.01577859756452312
0.0185531861239814
0.01928266773171734
0.01789761809961762
0.01483033538021938
0.0108663392356406
0.006917165430052276
0.003783423237697524
0.001969119449265801
0.001594226615680407
0.002416438894507893
0.003946257839755753
0.00561192137824446
0.0069226089315748
0.007584093327583139
0.007541241397149664
0.006940763283613244
0.00604364894022112
0.0051152527414149
0.004335743306731793
0.003756362057341358
0.003311484312990768
0.002875376460063943
0.002338080081718971
0.001669687529511382
0.0009480076228783267
0.0003391321247714451
3.780374757444058e-05
0.0001895118882009934
0.0008235207547661431
0.001822465935976748
0.002941996087144201
0.003877245783095832
0.004355413617712304
0.004225457934746878
0.003514022606759654
0.002428495651143376
0.00130287705367406
0.0005015077441018908
0.0003103264339067545
0.0008474703797742455
0.002022772991961534
0.003558619437757654
0.00506659085212889
0.006157993337211718
0.006554382584608764
0.006165962659289319
0.005114289959728769
0.003694000170584134
0.002285608748469079
0.001246080031137054
0.0008105345661432764
0.001032543492178408
0.001779414403555534
0.002780962162289253
0.003714526317014908
0.004299796429737209
0.004374072542293194
0.003927939116390418
0.003094085817118575
0.0020953163333438
0.001172188509415253
0.0005127534026579112
0.0002065489712102004
0.000232943349289822
0.0004849590529390012
0.0008159890131733447
0.001092106409187117
0.001232080659695913
0.001223536862871335
0.001112672499225847
0.0009744926009304409
0.0008769590744156426
0.0008530953165655553
0.0008909882923242924
0.0009444515527142226
0.0009586494811450507
0.0008997329573183228
0.0007756471235266692
0.0006397615341435904
0.0005746711298515214
0.0006618651022379371
0.0009479390530737917
0.001420533740595668
0.002002910024021407
0.002571073253781378
0.002988388658622099
0.003146872316198792
0.003001912260725911
0.002588455271635555
0.002013128089250975
0.001424293360405426
0.000968973155698174
0.0007505325123500222
0.000799621877128479
0.001067608652780372
0.00144371971066857
0.001790230795839285
0.00198435038443047
0.001953773496502556
0.00169556968887564
0.001273387005922204
0.0007949652608838096
0.0003781270113257527
0.0001161729729505973
5.297256300840159e-05
0.0001749016003753311
0.0004201398558813883
0.0007015043143358485
0.0009339574220227931
0.001058602135381312
0.001055214805043746
0.0009421023888681068
0.0007636440337161572
0.0005720177454506643
0.0004096482233397567
0.0002980853941320605
0.0002363245970262078
0.0002079149783114084
0.0001929361392302547
0.0001796984136963174
0.0001714492978917462
0.0001856885759234659
0.0002465066399724645
0.0003732925592047132
0.0005702282153296179
0.0008210026879388857
0.001090767091148012
0.00133510927558212
0.001513397936816475
0.001601287507261392
0.001598813041734514
0.001530701744034907
0.001438756301712297
0.001368735036720835
0.001355769655716391
0.001413069432644413
0.001527329979097857
0.001662537444883426
0.001770514055946554
0.001805536297904989
0.001737869530319849
0.001562539857105252
0.001300992303001912
0.0009950520363217433
0.0006953732798044329
0.0004480788819683505
0.0002832812242786076
0.0002087708361249787
0.0002103021460910663
0.0002577588998567684
0.0003151878347978958
0.0003512944408521429
0.0003473847721753582
0.0003009719349525162
0.0002239786038496654
0.0001372954128272392
6.304721755628635e-05
1.762445168107455e-05
7.223373006887241e-06
2.704836620009293e-05
6.4014067166465e-05
0.0001016929702321977
0.0001257976365367212
0.0001283849240504731
0.0001096518172810248
7.699113083767799e-05
4.191151014003505e-05
1.596967139420163e-05
7.108886108695427e-06
1.753295850690763e-05
4.359625602651108e-05
7.754315678425973e-05
0.0001104141807346819
0.0001350187716444871
0.0001480396996226926
0.0001507588953903889
0.0001481319180513569
0.0001469207572597527
0.0001532831158988747
0.0001708975882167037
0.0002000334917835016
0.000237867353874784
0.0002797910754989264
0.0003212014365892687
0.0003591058930130961
0.000393105232665895
0.000425212917022975
0.0004589051099715936
0.0004974892537996345
0.0005425655024278241
0.0005929504076105371
0.0006445702932177868
0.000691372627584512
0.0007268691901709007
0.0007460613355426823
0.0007470386041908997
0.000731780096745471
0.0007059311513149258
0.0006775145776115825
0.0006550794955362293
0.0006454915249149787
0.0006522548189855281
0.0006745206577373052
0.0007072511715608873
0.0007423809913227149
0.0007706015666166028
0.0007836044995150888
0.0007758751149261286
0.0007458803229520792
0.0006963588952632954
0.0006335955767445456
0.0005660290149272617
0.0005023663504974822
0.0004499070064380619
0.0004131798843153021
0.0003932661956588807
0.0003878985434007436
0.0003923424094282083
0.0004004516914267082
0.0004061744290620723
0.0004046250939536269
0.0003929887358991575
0.0003707771070226594
0.0003397129926035372
0.0003030719253703675
0.0002649485149312673
0.0002293630872945845
0.0001995701366375326
0.0001775883871032168
0.0001640017894354648
0.0001580701641566799
0.0001580257633729839
0.0001614759492767308
0.0001659385716793273
0.000169176938292087
0.0001695700241012327
0.0001662976817243692
0.0001593833857245318
0.0001496359434764134
0.0001384546556745836
0.0001275751042190227
0.0001187637201055224
0.0001135032047461122
0.0001127109771954413
0.0001165478948804905
0.000124341272087421
0.0001346758424997323
0.0001456028929268964
0.0001549632311667012
0.0001608328518069588
0.0001619164078938745
0.0001578333712402703
0.0001493263981915625
0.0001381567375599448
0.0001268472305615939
0.0001182062003449695
0.0001147613281827107
0.0001181835402067506
0.0001288648738318203
0.0001457138361625377
0.0001662376969483062
0.0001869586298719926
0.0002040366738671168
0.0002140517679742464
0.0002147401561823766
0.0002055436962029367
0.0001878821166194714
0.0001649683230704993
0.0001412944279874405
0.0001217849094326214
0.0001108358056710101
0.0001113506395254589
0.0001240927011670714
0.0001473698579756429
0.0001772890638316551
0.0002083823602150982
0.0002346602585398292
0.0002508286591111385
0.0002533126093016989
0.0002411384139558064
0.0002161777612505008
0.0001828913972546241
0.0001475163086915614
0.0001168657385027002
9.698244130715818e-05
9.189705969408861e-05
0.0001027877074853299
0.000127681201977214
0.0001617964865992405
0.0001984931795356563
0.0002305643162696066
0.000251660594886403
0.0002575845219092441
0.0002470897246659842
0.0002221158723942993
0.0001873560362416929
0.0001492752928780644
0.0001148108015189565
8.998312931456705e-05
7.877282740147319e-05
8.2432152526956e-05
9.938214632524517e-05
0.0001256981657177573
0.0001560112601354767
0.0001846145280716387
0.0002065878413885093
0.0002185729599791448
0.0002191835248320632
0.0002090272026973996
0.0001902495050772834
0.0001659546319899859
0.000139580968388674
0.0001143495353000928
9.302284201223442e-05
7.775092151380457e-05
7.016784545020067e-05
7.141506052544505e-05
8.20837328637468e-05
0.0001020186009935029
0.0001299789710158647
0.0001633162607432992
0.0001978663051570308
0.0002282169761064797
0.0002484022054227056
0.0002531194603008559
0.0002390799000828357
0.0002062730682112049
0.0001588092769919789
0.0001048107149668629
5.533464542369339e-05
2.230330335801564e-05
1.590919856324741e-05
4.192364126291085e-05
9.970809819174971e-05
0.0001814789943176181
0.0002732135517827308
0.0003572050414319771
0.0004157546321652238
0.0004353023271314857
0.0004099360774000345
0.0003433993438337186
0.0002488907124658455
0.0001466452306345663
5.957530007767758e-05
8.069956216039245e-06
5.108660221190974e-06
5.292739387932169e-05
0.0001421708782451318
0.0002538133768350059
0.0003634573187975294
0.0004470163778268669
0.0004863821805502603
0.0004736178221886018
0.0004126102186032463
0.0003178531098287765
0.0002105570557727939
0.0001132305491188664
4.419025004818411e-05
1.3355284154819e-05
2.053149623281199e-05
5.643567661175804e-05
0.0001061159769654276
0.0001536557685894974
0.0001867417907982514
0.0001997377757311769
0.0001944749360154692
0.0001785775454136459
0.0001620367085814951
0.0001532072929996567
0.0001556401006896777
0.0001667348618561942
0.0001788917334605787
0.0001824321204943538
0.0001696520715841848
0.0001383218804887649
9.343065652220232e-05
4.645035175193822e-05
1.213687071918273e-05
3.858154315001844e-06
2.890077036214874e-05
8.536254332128042e-05
0.0001617781858235838
0.0002397994439474767
0.0002992716235377968
0.0003241321962996337
0.0003073909863107898
0.0002534433347269161
0.0001769434266196949
9.850282306967619e-05
3.838225086252552e-05
1.0325117704667e-05
1.743831736592546e-05
5.150516911809137e-05
9.606195930939374e-05
0.000132257610391297
0.0001455866973381621
0.0001312065280268291
9.60157564163914e-05
5.662372159538309e-05
3.376316398562144e-05
4.495297338330634e-05
9.779303925045363e-05
0.0001862709756348547
0.0002914747684213027
0.0003866986538825014
0.0004454547294935574
0.0004498627869648844
0.0003967117983433647
0.0002990337420052021
0.0001826513324496752
7.855528103665159e-05
1.363678453838651e-05
2.561517549143044e-06
4.358197715660285e-05
0.0001195590357025678
0.0002038772955273897
0.0002693415566086556
0.0002970238627964599
0.0002821431091216635
0.0002350438602828591
0.0001769842685462948
0.0001321990854865151
0.0001190480788947014
0.000143361818625723
0.0001962927894217129
0.0002574827356779133
0.0003025158631635202
0.0003119510945634029
0.0002787545540555603
0.0002115548504431498
0.0001321885656961643
6.848785679166134e-05
4.460027310558227e-05
7.226446370133053e-05
0.0001460943313534588
0.0002447288939763735
0.0003375661997804523
0.0003949103495713357
0.0003981283999940209
0.0003462250655378394
0.0002565262722537845
0.0001590395054398264
8.639172462740442e-05
6.262443857102844e-05
9.478936765361121e-05
0.0001703104775005604
0.0002611307579159177
0.0003333628134581349
0.0003592390859953579
0.0003272186103834142
0.0002467430775065205
0.0001458275939296681
6.212497693898521e-05
3.036015516839491e-05
7.031684077401967e-05
0.0001794878335039419
0.0003329858260370281
0.0004908875006048237
0.0006107290366327778
0.0006610051506317292
0.000631303554387048
0.0005356142336788129
0.0004077244888465377
0.0002901984880731021
0.0002205491030522645
0.0002192388667129294
0.0002834346579012502
0.0003884810416575965
0.000496622236167397
0.0005698764479910283
0.0005826310666463544
0.0005299539962512022
0.0004285494958686408
0.0003104281843898473
0.0002113466169261529
0.0001582880819800121
0.0001601874402335734
0.0002052739666474785
0.0002659179803149544
0.0003093400868541348
0.0003103819425718703
0.0002618596855976131
0.0001786693670935508
9.396261383996292e-05
4.840086290521831e-05
7.593417645810553e-05
0.0001908867908682616
0.0003807867189238141
0.0006076850729498276
0.0008179274415515093
0.0009575281471510227
0.0009883908424009337
0.0009001842443784315
0.0007141275138867947
0.000477001104442748
0.0002475303224593257
7.892404764053609e-05
3.405289540466863e-06
2.331828279585724e-05
0.000111815873643133
0.0002228347638982584
0.000307144785740215
0.0003293302876632766
0.0002802098177669739
0.0001805131311023361
7.459497255821218e-05
1.594117660175474e-05
4.906455950538539e-05
0.0001935111433118203
0.0004352106112254872
0.0007281818204015077
0.001006349130806077
0.001202336315853479
0.001267333385998389
0.001186361162471171
0.0009839142083208942
0.0007182736716136484
0.0004658925232753032
0.0003001966070268494
0.000271110127722556
0.0003910671666615329
0.0006316097126840998
0.000931543337483423
0.001214012138434413
0.001407669828260252
0.001465602977959763
0.001376755065234178
0.001166848675373868
0.000888750153220456
0.0006057641084915507
0.0003729626736678663
0.0002224471899841356
0.0001567196215725588
0.0001521254462564257
0.0001707551932181512
0.0001767885152364752
0.0001516966740084295
0.000103102248903247
6.407972185246e-05
8.266734838716928e-05
0.0002046324329581112
0.0004547519374122656
0.0008228885705541371
0.001259813648020719
0.001685203885815511
0.002006826646211373
0.002145896223820671
0.002062157875301889
0.00177108438602453
0.001347476392886863
0.000913247584231986
0.0006110603443009779
0.0005695868253550471
0.0008690916010791482
0.001515947996949111
0.002433506241086111
0.003472631120045681
0.004440704011050448
0.005143056523158785
0.005427554923219582
0.005221830901391142
0.004554243051643737
0.003552667747921026
0.002421090693771287
0.001398264320007146
0.0007075407243026861
0.0005088398674017855
0.0008634198285063188
0.001719399884859268
0.002920989938465317
0.004240094524213711
0.005422552843145532
0.006239705115342273
0.006533878672543389
0.006248545255908237
0.005437349074047654
0.00425057627023459
0.002902995335283436
0.00163028594090763
0.0006438446599516495
9.252007572265547e-05
3.965240623725225e-05
0.0004579181970623262
0.001241966881771918
0.002234543611723774
0.003259356918689788
0.0041534665230988
0.004792540628568168
0.005105167396083983
0.005075060478285893
0.004733375498840841
0.004144892250303261
0.003393196010527298
0.002568921974969568
0.001763420702777085
0.001067726951178755
0.0005744305503707346
0.0003785050500548741
0.0005731119781428551
0.001237531825225
0.002417269056878341
0.004099304642866558
0.006188459888922187
0.00849304616937078
0.01072773231019992
0.01253999099613335
0.01356220722522677
0.01348652609939182
0.01215335976167045
0.009639623110272529
0.006329797734168003
0.002952224133324975
0.0005667915249892629
0.0004953899822852382
0.00419587745402486
0.01308925924158883
0.02835921765872108
0.05075140135147347
0.08039380915683181
0.1166856043376189
0.1582540041736987
0.2030085048166642
0.2482880611098489
0.2910901154709346
0.3283560692691647
0.3572822309633208
0.3756153917359532
0.3818945260310765
0.3756148702238669
0.357282434386412
0.3283564594893443
0.2910907119398384
0.2482887002314632
0.2030092164226844
0.1582547120284196
0.1166861931563667
0.08039246010857809
0.05075040699011108
0.02835949325023927
0.01308943862207278
0.004195974090575814
0.0004954137005394854
0.0005667665482836188
0.00295217926353199
0.006329750952004116
0.009639584951259023
0.01215342604628289
0.01348655487401582
0.01356221673244689
0.01254000569035215
0.01072776548597644
0.008493080385662162
0.006188499283265079
0.004099316507651685
0.002417292826060937
0.001237490753768596
0.0005730991139830142
0.0003785048245104664
0.0005744248045746948
0.001067717548523067
0.001763409247503382
0.002568912004747874
0.003393188495444897
0.004144884820490053
0.004733352698082448
0.005075072764519203
0.005105150858017132
0.004792544674716534
0.004153482190600023
0.00325937176542463
0.002234550711192252
0.00124198142099682
0.0004579275105915671
3.965563055448494e-05
9.253277395497495e-05
0.0006438823957730497
0.001630336915785684
0.002902971836432826
0.004250544381412509
0.005437299128673811
0.006248537148589206
0.006533879492220667
0.006239720767596447
0.005422569748857286
0.00424003489511501
0.002920954671426186
0.001719352677692678
0.0008634277169356532
0.0005088401063239758
0.0007075314253416811
0.001398248113519653
0.00242107461238126
0.003552672790607303
0.004554227507974338
0.005221865072836384
0.00542756640079158
0.00514306206177051
0.00444071888608421
0.00347263894361726
0.002433518397532592
0.001515966132970093
0.0008690976762650961
0.0005695907693337366
0.0006110669032799
0.0009132738136982652
0.001347486841804126
0.001771077142623921
0.002062150798286924
0.002145889162669746
0.002006833585582824
0.001685218183560227
0.001259816344816951
0.000822896544859915
0.0004547405095366503
0.0002046228168802327
8.266682685678902e-05
6.407777892493795e-05
0.0001031037002973117
0.0001516962282000807
0.0001767890264851195
0.0001707542936422635
0.0001521250233161748
0.0001567198133614793
0.0002224489147377216
0.0003729683742184979
0.0006057630163649765
0.0008887448197914486
0.001166843100572656
0.001376748965585986
0.001465602711975111
0.001407674837847467
0.00121401589590791
0.0009315360130848608
0.0006316037499354221
0.0003910556103580818
0.0002711093318312712
0.0003001951872882854
0.0004658896314985412
0.0007182692371953199
0.0009839054370299636
0.001186363602402385
0.001267338000688829
0.001202327970199466
0.00100633754069712
0.0007281702216469183
0.0004352120705977161
0.000193515522567965
4.906651015880246e-05
1.59408450728761e-05
7.459378162730061e-05
0.0001805103417043424
0.0002802056861718362
0.0003293312809310533
0.0003071449820290466
0.0002228366523588042
0.000111816356065874
2.331810444496713e-05
3.404862707765551e-06
7.892197804880321e-05
0.0002475238947962536
0.0004770015901749714
0.000714131568472476
0.0009001893913920722
0.0009883832968021072
0.0009575307139227301
0.0008179292008446093
0.0006076937369910428
0.0003807899078090663
0.0001908870514679633
7.593595619705194e-05
4.840100864175717e-05
9.396770960264336e-05
0.0001786731069187908
0.0002618588584675363
0.0003103806851421306
0.0003093409615720842
0.0002659192144496926
0.000205276289672196
0.0001601875029801013
0.0001582878996941727
0.0002113421634249951
0.0003104303205513073
0.0004285535248557127
0.0005299463965387846
0.0005826291292805836
0.0005698768800739665
0.0004966252319993915
0.0003884816811750158
0.0002834365212345513
0.000219238081919371
0.0002205511412602139
0.0002902014972250691
0.0004077283931974026
0.0005356116151710905
0.0006313031189443947
0.0006610047587973565
0.0006107306061141182
0.0004908902615004648
0.0003329856069631075
0.0001794869192107441
7.031266957066447e-05
3.036025382911374e-05
6.212513406750603e-05
0.0001458265669457814
0.0002467441327161175
0.000327217774558426
0.0003592412176089407
0.0003333633148453022
0.0002611340808198873
0.0001703122466111984
9.478754367826425e-05
6.262322892715044e-05
8.639158070631685e-05
0.0001590389359344222
0.0002565241752551264
0.0003462253209012558
0.0003981282673206656
0.0003949145430833245
0.0003375667232993219
0.0002447282571577153
0.0001460891685677596
7.226167914313982e-05
4.46005681723799e-05
6.848857546799585e-05
0.0001321852458008387
0.0002115558210723909
0.0002787555596691374
0.0003119522559559719
0.0003025155422351386
0.0002574850908527939
0.0001962946300065037
0.0001433601435619956
0.0001190492104860259
0.0001321992891593652
0.0001769869857770252
0.0002350438068929819
0.0002821411121690026
0.0002970229884018404
0.0002693384111020703
0.0002038785898738691
0.0001195549073714718
4.35857606978506e-05
2.561502178843145e-06
1.36383089355804e-05
7.855467047401454e-05
0.0001826543933340585
0.0002990317153561978
0.0003967212022412307
0.0004498618366257003
0.000445448012009637
0.0003867010843435628
0.000291476848193434
0.000186278751622424
9.77945486385157e-05
4.495146159780602e-05
3.376297883340867e-05
5.662462882038109e-05
9.601478494058251e-05
0.0001312070117884845
0.0001455880514294153
0.0001322600131336011
9.606267230612495e-05
5.150536991273945e-05
1.74375115863849e-05
1.032554986807401e-05
3.838196960767735e-05
9.850187116798479e-05
0.0001769488341823317
0.0002534392201063197
0.0003073895757431285
0.0003241314492677252
0.0002992703817815837
0.0002397981174740938
0.0001617744009862999
8.535731141715236e-05
2.890073508675568e-05
3.857878913268135e-06
1.213643466090424e-05
4.645124545217863e-05
9.342888582699313e-05
0.0001383238760204908
0.0001696520279731798
0.0001824318472030676
0.0001788921256771139
0.0001667378808201037
0.0001556373438752963
0.0001532072837683336
0.000162035581292222
0.0001785783373676133
0.0001944779589614061
0.0001997382560684044
0.0001867431519303399
0.0001536558677165427
0.0001061169809952603
5.643379410772277e-05
2.053131565917853e-05
1.335531919309411e-05
4.418610960509168e-05
0.0001132330342388488
0.0002105519686248171
0.0003178524732907484
0.000412620517345246
0.0004736219099080634
0.0004863804046781074
0.0004470159025914832
0.0003634519211529535
0.0002538172318634235
0.0001421668662666187
5.293035788810282e-05
5.108132886094632e-06
8.068389514902781e-06
5.957398682279668e-05
0.0001466497561949745
0.0002488909768869199
0.0003434031204094445
0.0004099303135303333
0.0004353005410326682
0.0004157537784804005
0.0003572042130790871
0.0002732165544973738
0.0001814772943245373
9.9702652679839e-05
4.192511201678417e-05
1.590892758766944e-05
2.230500997201076e-05
5.533449228261783e-05
0.0001048073306807075
0.0001588069614920393
0.0002062682892182337
0.0002390786473455201
0.0002531238794937599
0.0002484089025539228
0.0002282128375974989
0.0001978655626977299
0.0001633106058297931
0.0001299797438008846
0.0001020188675623836
8.208498908160055e-05
7.141593981739377e-05
7.016968029190885e-05
7.775244207736409e-05
9.302262933688048e-05
0.0001143504015137392
0.0001395798912792639
0.0001659523903513028
0.0001902480198064826
0.0002090252147435774
0.0002191854059046657
0.0002185692423172559
0.0002065918511579785
0.0001846132840929918
0.0001560040885520888
0.0001256943449171508
9.938122792290509e-05
8.243196683357102e-05
7.877236261967925e-05
8.998273199934846e-05
0.0001148095424681447
0.000149275053776276
0.0001873538744142563
0.0002221152548850357
0.0002470907114468209
0.0002575858027957049
0.0002516578358985589
0.0002305612628863976
0.0001984903275207132
0.000161798410981555
0.0001276804290212931
0.0001027910711648867
9.189681907646684e-05
9.698146850800126e-05
0.0001168652060544938
0.0001475174786227181
0.0001828910653331815
0.0002161796721054779
0.0002411361788365449
0.0002533113179703265
0.0002508258109767775
0.0002346652037503903
0.0002083807148622718
0.0001772893003465948
0.0001473726565227153
0.0001240941850816918
0.0001113517982846194
0.0001108358249989314
0.000121787515672801
0.0001412897879063931
0.0001649661722530475
0.0001878800081744727
0.0002055428485142349
0.0002147387521245864
0.000214051358667963
0.0002040383745782345
0.0001869585297292032
0.0001662384373683726
0.0001457163256896178
0.000128866599599776
0.0001181824345114731
0.0001147597892537624
0.000118207460093651
0.0001268487676320786
0.0001381568572704682
0.0001493252924798705
0.0001578356273239249
0.000161914889772407
0.0001608342889395211
0.00015496293139383
0.0001456034509097463
0.0001346778913854773
0.0001243405810462954
0.0001165450232963239
0.0001127099905510592
0.0001135041411055942
0.0001187661640133581
0.0001275746721842734
0.0001384494568911828
0.0001496353920411051
0.0001593867763960941
0.0001662951641703919
0.0001695701125028856
0.0001691785534379996
0.0001659383579581396
0.0001614798525195546
0.0001580142347079798
0.0001580672941961142
0.000164003610274447
0.0001775869420544803
0.0001995701437420078
0.0002293655154612651
0.0002649514819530092
0.0003030775605989968
0.0003397106455300001
0.0003707768035353343
0.0003929890641178969
0.0004046248434099807
0.0004061791051960196
0.0004004557714660319
0.0003923329784899746
0.0003878998365744725
0.0003932498236053112
0.0004131688130129261
0.0004499112472886346
0.0005023610765539437
0.0005660234300401799
0.0006336106821312017
0.0006963627139233915
0.0007458791884559837
0.0007758776905148719
0.0007836076682112041
0.0007706007700217939
0.0007423760437247047
0.0007072581536408424
0.0006745232025248887
0.0006522549563424385
0.0006454857247745998
0.0006550700655746607
0.0006775119907556391
0.0007059254346056552
0.0007317857125377779
0.0007470272852716938
0.0007460554594201284
0.0007268664729167569
0.0006913702137760719
0.0006445722239706703
0.0005929459902478872
0.0005425674304999338
0.0004974875116494139
0.0004588974657063916
0.0004252175792212687
0.0003931026277077263
0.0003591058072583583
0.0003212030934884256
0.0002797892421969964
0.0002378703331069421
0.000200032838994754
0.0001708989221466216
0.0001532863650905307
0.0001469253128175404
0.0001481362661656619
0.0001507562813247546
0.0001480424250357062
0.0001350169140079929
0.0001104179183138166
7.754448932405819e-05
4.359403061732262e-05
1.753209210903907e-05
7.108755159046319e-06
1.597003192835811e-05
4.191411932626604e-05
7.699090568680822e-05
0.0001096500047219259
0.0001283859181492043
0.0001257940725396732
0.000101704169205154
6.401432270529173e-05
2.704839870051515e-05
7.223547136528285e-06
1.762718764991389e-05
6.304533896107055e-05
0.0001372974379645493
0.0002239755121935473
0.0003009539593146137
0.0003473840392246738
0.0003512910227739603
0.0003151877111216566
0.0002577540481267273
0.0002102933996249722
0.0002087785735621042
0.0002832825779549388
0.0004480709197111984
0.0006953800883316197
0.0009950262782212401
0.001300992475292676
0.001562538727010888
0.00173787397868943
0.001805564703514086
0.001770501041110085
0.001662496409116754
0.001527339616705065
0.001413071536706866
0.00135576005694595
0.001368726149099411
0.001438730455759637
0.001530685902538518
0.001598808220310297
0.001601301834722194
0.001513375759389983
0.001335141299439883
0.001090745445042672
0.0008210477627922058
0.00057022999524236
0.0003732995033951984
0.0002465068738120626
0.0001856873729035636
0.0001714518343643035
0.000179694164720946
0.0001929335946827045
0.0002079153807489254
0.0002363259873875875
0.0002980855093073392
0.000409647683672207
0.0005720177930392661
0.0007636530667952696
0.000942102370197552
0.001055222980300893
0.001058603055105351
0.000933942083387586
0.0007015070183690645
0.0004201278168618157
0.000174885733685639
5.296904601574989e-05
0.0001161626321811841
0.0003781267339296306
0.0007949848456528513
0.001273370203532548
0.001695597571105422
0.00195376136592934
0.001984355076404632
0.001790245097265702
0.001443723263267317
0.001067635999814687
0.000799621946705671
0.0007505320174917351
0.0009689616917464842
0.001424313045847907
0.002013137106524725
0.002588479817496593
0.003001905245469156
0.003146861100489622
0.002988400680838755
0.00257107336082116
0.002002880381142019
0.001420533897689024
0.0009479212104813175
0.0006618731511815773
0.0005746671452767923
0.0006397489256016741
0.0007756507131196354
0.000899727629546909
0.0009586606522352162
0.0009444576438026602
0.0008909886297110697
0.0008530985369832076
0.0008769564273693304
0.000974485488662846
0.00111267194895436
0.001223544887461756
0.001232071598302659
0.001092093034520452
0.0008160159009023289
0.0004849587769845601
0.0002329242446063701
0.0002065440545588685
0.0005127829607339885
0.001172170841429376
0.002095341488174237
0.003094061779188886
0.003927961665083843
0.004374060353188918
0.004299794918973453
0.003714490038269821
0.002780961631529888
0.001779342564706483
0.001032551552274094
0.0008105402724963062
0.001246046832030178
0.002285617282157888
0.003693931292440102
0.00511437205215268
0.006165919074335698
0.006554381316773859
0.006157933252919225
0.005066597161469294
0.003558567177337837
0.002022815869222829
0.0008474350936135103
0.0003103279558545229
0.0005015185555145058
0.001302807423712834
0.002428495205160317
0.003514075178370748
0.004225430096026781
0.004355398465023436
0.003877236346653427
0.002941974692558599
0.001822491920030341
0.0008235143303380043
0.0001895240104640421
3.780376145459936e-05
0.000339169751081432
0.0009480073074897384
0.00166970371198818
0.002338059131584388
0.002875401393397977
0.00331146655855194
0.003756380382955344
0.004335716037989421
0.005115298326920232
0.006043611391813083
0.006940765132910617
0.007541246929187448
0.007584125110765601
0.006922521066415725
0.005611954388166948
0.003946231521964302
0.002416451049702574
0.001594243681217563
0.001969080712597937
0.003783421538206156
0.006917338072356596
0.01086621681475944
0.01483047114861401
0.01789751304692653
0.01928265156003424
0.01855320848195004
0.01577858640118397
0.01155323441466492
0.006873994767617463
0.002902430514211234
0.000661862150353628
0.0007561639125421269
0.003188532404000752
0.007335867894780649
0.01209299713790045
0.0161618984337981
0.01840379246356703
0.01816957707656951
0.01550679401211214
0.0111839357703854
0.006515380391206692
0.003021942832988419
0.002012850556864117
0.004203244336135094
0.009469670866166938
0.01682002731522985
0.02460463666151802
0.03091150053328281
0.03407163632887755
0.03312564990159868
0.02813644972295972
0.02025627692678385
0.01151372843663968
0.004354066320398684
0.001053964671135274
0.003129721965484669
0.0109110562704782
0.02338465648319944
0.03835865263001611
0.05292970203117483
0.06415447798897199
0.06974537211854936
0.06865865513647328
0.06138974587032515
0.04991684312827269
0.03728768133173289
0.02692462719744145
0.02183247610674838
0.02386746596189751
0.03327046924233596
0.04856741838621115
0.06689523334541335
0.08464831926021724
0.09835519627410975
0.1055167063246527
0.1052557936845299
0.09857354242141972
0.08815157854175737
0.07773087232286673
0.07119234434540873
0.07155623710258237
0.08015414519549134
0.09617964967719543
0.116755008206727
0.1375597240635225
0.1538669405988316
0.1618150151685949
0.1595737953543235
0.1481397651319776
0.1314921908456599
0.116024712553976
0.1092577221822704
0.1180929301423168
0.1469186514250624
0.1960084853123722
0.260665274563758
0.3313347135807843
0.3949965493742344
0.4375544299839698
0.4470979220351208
0.4173998289784236
0.3510572961024508
0.2615809038783967
0.1739775680023332
0.1232978153811229
0.151322682412211
0.30147274054383
0.6126324441182246
1.11262018834733
1.812655191414803
2.702749838307177
3.750529234093245
4.901501814086989
6.083927053878279
7.21434243079369
8.206989859329704
8.982071780906896
9.475113290659991
9.644313651441701
