# RCS in m**2 for a L=5 cm PVC cube at 0.0 degree aspect angle
# frequency = 85.75 GHz, 
# theta = linspace(0, 6.2832, 1441)
# phi = linspace(0, 0, 1  1)
15.22080436156738
14.99857226572361
14.34744029149973
13.31261074263711
11.96470974616551
10.39330212457598
8.698716843311853
6.983260827910287
5.342497381966708
3.857670844916593
2.589889882327961
1.576623073705271
0.8307444996329822
0.3420485461140861
0.0809113217141392
0.003560838188631978
0.05823407868788343
0.1914851445678801
0.3539237001440549
0.5047880351547916
0.6149616554557038
0.6682241625131893
0.6608094229318567
0.5995062726354684
0.4987205282430011
0.3769974422598114
0.2535272816475639
0.1450993268241333
0.06386826049460718
0.01612819248110271
0.002151504697350222
0.01696940623250868
0.05186196276008831
0.09624093914494829
0.1395893784706254
0.1731454012591637
0.1910945279023975
0.1911381673276093
0.1744196951089261
0.1448861724309143
0.1082630925007472
0.07085217243891127
0.03836937604412605
0.01502274715224894
0.00295605238724186
0.00211721276761216
0.01052451970269945
0.02484514455201992
0.04114679600127824
0.05567251254010361
0.06549438322130249
0.06894370373112151
0.0657623062298037
0.05697905993014504
0.04456014121446781
0.03093032554592113
0.01846154092513247
0.009035109824244351
0.00374891464687514
0.002808431803427369
0.005603726671631983
0.01093254301985502
0.01730893799004537
0.0232861077196189
0.02772535582682473
0.02996747824603367
0.0298797499211555
0.02779469383077498
0.02435731388382681
0.02034014059011183
0.01646034857084022
0.01324586287478076
0.01096938483802314
0.009654578651930602
0.009141475514730617
0.009180983862089964
0.009530596839779974
0.01002365757183767
0.01059478341273145
0.01126261987078548
0.01207857028106241
0.01306466938133603
0.0141613512788398
0.01520797006931532
0.01596039666771284
0.01614656639032068
0.01554178159061983
0.01404518711651421
0.01173039392320251
0.008855545733663171
0.005825310853993705
0.003110570061305397
0.001144392802979038
0.0002204382655569245
0.00041939091271112
0.001584071031127324
0.003351479074173316
0.005236094899497283
0.006744894391666832
0.007496353629919526
0.007313945862384714
0.006269849221734153
0.004668438163899262
0.002970022848318407
0.001675913794365348
0.001201419309668743
0.001768432931050667
0.003344345108625772
0.005643691791828241
0.008191209070068631
0.01043290966927409
0.01186571223868898
0.01215771437061964
0.01122508111869779
0.009252794085993995
0.006650352840277075
0.003956298762798144
0.001715148106147739
0.0003552337464299564
9.807737359920487e-05
0.0009178585250607683
0.002559426333162701
0.0046075998018512
0.006588289227444064
0.008076489842781902
0.008784538186437299
0.008613355363000097
0.007652193006852153
0.006140128945290015
0.004394064801634682
0.002728936145356014
0.001388704380616733
0.0005043383562942179
8.588603000442955e-05
4.56788857956404e-05
0.0002422079366653974
0.0005297072590020682
0.0007985326353191108
0.0009962486230082504
0.001125851352203245
0.00122585655172775
0.001340297878452506
0.001492049527266947
0.001667300074674681
0.001817551355311435
0.001876992292276208
0.001789216523606604
0.001533038738526833
0.001137999936774968
0.000683208981394781
0.0002790164111366962
3.601137596316796e-05
3.137056070775379e-05
0.0002827283132687517
0.0007385294799347425
0.001288978021280518
0.001794840638757273
0.002127026863005282
0.002205166202426893
0.002023649771136124
0.001657720805800611
0.001245912156849745
0.0009540805293240411
0.0009299962493082987
0.00126092671896145
0.001946115172687991
0.002891614868569831
0.003929986111401746
0.004858602259248565
0.005487770150935968
0.005685319560361368
0.00540680925943269
0.004703694796481727
0.003708142193233074
0.002599438900029022
0.001561322719631402
0.0007413731327575293
0.0002222672215384085
1.17710821580523e-05
5.152454831888903e-05
0.0002412118412175496
0.0004696923843848691
0.0006446167476710787
0.0007123241918763043
0.0006644515543613542
0.0005307627607392851
0.0003623120193770801
0.0002111312690744591
0.0001131559320491078
7.907587123492875e-05
9.499679796955362e-05
0.0001316422918699193
0.0001579560127604227
0.0001540078208560987
0.0001187214673620381
7.005553483146734e-05
3.775041495726233e-05
5.160472460847832e-05
0.000129503164821812
0.0002695122917295514
0.0004488590956909961
0.0006305908735785542
0.0007756594051819067
0.0008566974211465599
0.0008688962464112554
0.0008342863137681106
0.0007976157127771279
0.0008143628558784245
0.0009346829595863634
0.001187061538419046
0.001567111356933322
0.002034862953062511
0.0025211449541487
0.002942466097926333
0.003220190881926805
0.003298900131566903
0.00315969569575243
0.002824827884675984
0.002352310226145302
0.001822649536309252
0.001320653854226299
0.0009173334669369323
0.0006559142455707692
0.0005455123296820495
0.0005628354091876021
0.0006616314478871726
0.00078611138415807
0.0008851989599169387
0.0009238237432295883
0.0008886412526953223
0.0007877974246674174
0.000645046094879633
0.0004909696663440467
0.0003536283505229804
0.0002514142221966583
0.0001898725351557861
0.0001625072212885362
0.0001552310655343243
0.0001522367894837405
0.0001416604525331969
0.0001192067470312246
8.879342105875335e-05
6.036631112255546e-05
4.580781263527992e-05
5.432055510245969e-05
8.88970477653694e-05
0.0001448791491603945
0.0002110508589461668
0.0002727440132581957
0.0003161240187116144
0.0003321328746152947
0.0003190722526513303
0.0002829921950519687
0.0002358852371328646
0.0001921379212191039
0.0001645581258121348
0.0001607950378680627
0.0001814314135362522
0.0002200942162296409
0.0002656268258849005
0.0003054700715362009
0.0003294874146775638
0.0003330487328283439
0.0003184349877447373
0.0002943668662686788
0.0002736716973940395
0.0002697667665159974
0.0002928852647785592
0.0003471434207806154
0.0004290426412055384
0.0005280457708476115
0.0006286330892712563
0.000714053059895168
0.0007698992420517841
0.0007875414056683634
0.0007660432548647911
0.0007122750164290682
0.0006394267030846891
0.0005641108789181353
0.000502713603652747
0.0004680568749460889
0.0004668265224414952
0.0004985290991899164
0.0005557903914632689
0.0006263036353223515
0.0006953210540456579
0.0007487505914373137
0.0007757105895422503
0.0007703549758847012
0.0007324878684568861
0.0006671731504095887
0.0005833100748747831
0.0004917313609957861
0.000403123765863797
0.0003263966381577946
0.0002673674072282122
0.0002283788489934437
0.000208506892706327
0.0002042903292055668
0.0002107613783921376
0.0002225942865517265
0.0002349044944793696
0.0002440036658433741
0.0002475974743704292
0.0002448605932092919
0.0002360815880012563
0.0002223771910842169
0.0002052801107534337
0.000186439141152851
0.0001673560039841785
0.0001493371431972766
0.0001334291582777635
0.0001204246533744563
0.0001109072112033798
0.0001053020586103957
0.0001038519506804015
0.0001066320095302721
0.0001135333486919161
0.0001242626323700707
0.0001383357510204247
0.0001550955234495423
0.0001737518194931689
0.0001933576835114345
0.0002129070812223013
0.0002313193680656793
0.0002475285782967058
0.000260509887784085
0.0002694501154045327
0.0002738038562835731
0.0002734940294074751
0.0002689424160861878
0.0002612315979214433
0.0002520105709547502
0.0002433837661695401
0.0002376657193705572
0.0002370344775220419
0.0002431516748869476
0.0002568007734148555
0.0002775700257412957
0.0003037968032792773
0.0003326661254023048
0.0003605412537261442
0.0003834791788478706
0.0003979048080544927
0.0004012771146447681
0.0003926487104444226
0.0003729558343371891
0.0003450859025475019
0.0003135120978559849
0.000283604017603322
0.0002608210582863419
0.0002496946657441987
0.0002529723053304051
0.0002710008897477077
0.0003014980639297857
0.0003397829279365682
0.0003794879493618362
0.0004135761910464139
0.0004355852902207412
0.0004408717556118723
0.0004274547217362457
0.0003966563993344388
0.0003529344199993326
0.0003033317110942041
0.0002562217365696923
0.0002199234044992629
0.0002011558104430337
0.0002036945603952277
0.0002275787947778754
0.0002689096954530644
0.0003204016167820303
0.0003726008764104396
0.0004155458910881004
0.0004406108763333813
0.0004421965755378381
0.0004188816491666882
0.0003738805721773758
0.0003146210323076437
0.000251448333855615
0.000195805923339021
0.0001580909388928063
0.0001455774114937901
0.0001609147079472324
0.0002014804100014845
0.0002596898136993051
0.0003243291536022592
0.0003826359541892573
0.0004227903669574217
0.0004362188922610981
0.0004194769941129341
0.0003750233008181096
0.0003109630643558445
0.0002394359742020867
0.0001744284823692169
0.0001288395677263348
0.0001118750588169005
0.00012701017240663
0.0001711768227107544
0.0002351934549893083
0.0003055883905480007
0.0003673123151521554
0.0004069223401277768
0.000415449239051022
0.0003905055931933967
0.0003368752499968421
0.0002656956552417746
0.0001921755822505079
0.0001323505967190584
9.951955192858508e-05
0.0001012760755752657
0.0001376146314062615
0.0002007567264154903
0.0002766721963702336
0.0003480754846911231
0.0003983255196692971
0.0004151423838786457
0.0003936773275461564
0.0003377735187139317
0.0002593816740971222
0.0001761227381423947
0.0001072826760976701
6.949919675796054e-05
7.27502996425987e-05
0.0001178596607312664
0.0001959614465132957
0.0002903031380988588
0.0003798348527827147
0.0004440124785352578
0.0004675200272492934
0.00044398931226642
0.0003776429239727889
0.000282559309297942
0.0001795545207368309
9.146567796374007e-05
3.786606087354579e-05
3.047853068503428e-05
7.040012585857301e-05
0.0001478183501852303
0.0002443188563284986
0.0003372358314175734
0.0004050460190738254
0.0004324354452706775
0.0004137909653542254
0.0003543557284781241
0.0002686496301563118
0.0001766110613284489
9.853936508341201e-05
4.998759557318854e-05
3.805979012285217e-05
6.001221163189192e-05
0.0001045037419517998
0.0001551167957952302
0.000195253182191804
0.0002128519813031788
0.0002038566996593506
0.0001732518846416475
0.0001334015651359141
0.0001002070084093965
8.807426800827587e-05
0.0001051949781850908
0.0001505450768924704
0.0002135718367917101
0.0002767829093113928
0.0003206494420481922
0.0003294774454510303
0.0002966363057945181
0.0002274933124478952
0.0001390958136927166
5.644633145246728e-05
6.227506001974401e-06
9.4803186949609e-06
7.532676088597805e-05
0.0001974620957865177
0.0003545999045228994
0.0005148870609953742
0.0006434767568892513
0.0007110725063610006
0.0007015756106502288
0.0006164242312541897
0.0004746064484048998
0.0003080939953860289
0.0001538755366710472
4.470145164703954e-05
8.775429078646552e-07
2.544372757191738e-05
0.00010394153995617
0.0002088966460546784
0.0003077146154983989
0.0003718424718983595
0.0003845872283579777
0.0003454741749509383
0.0002697974336948399
0.0001837387410633025
0.0001162552441053266
9.025085730288231e-05
0.0001156105968348204
0.0001860819774842581
0.0002810242162431532
0.0003714823310514984
0.0004289150013777191
0.0004338670388436316
0.0003820849108264034
0.000286240943966036
0.0001725675761432472
7.334777855298006e-05
1.753582870561486e-05
2.210719146768703e-05
8.68229852854282e-05
0.0001940051365755321
0.0003134403637109413
0.0004110945204659641
0.0004590332642599248
0.0004436205409900926
0.0003695646649727454
0.0002585255558860337
0.0001426387790845069
5.484573539253441e-05
1.897518486003211e-05
4.25052696000489e-05
0.0001143026660544103
0.0002081273360641652
0.0002908887508003961
0.000333220121311083
0.000319178120763319
0.000252025529018083
0.000154164905530218
6.105349577146593e-05
1.081901836252491e-05
3.241796620959864e-05
0.0001360664569658225
0.0003087762750078629
0.0005165908542044201
0.0007130344497973674
0.0008515979346534986
0.0008985704188574421
0.0008425836272236475
0.0006980949664031058
0.0005015690367072503
0.0003014374445299073
0.0001447379143655786
6.420190655459309e-05
6.960812762248276e-05
0.0001458303878870551
0.0002582093590425528
0.0003635631665930771
0.0004235875973886218
0.0004165700531470988
0.0003439908312151822
0.0002299440192100858
0.0001135407741524819
3.667452941654048e-05
3.071444901380448e-05
0.0001063091292788779
0.0002493533170085869
0.0004244723379342107
0.000585047267395331
0.0006868356646097725
0.0007011336195177346
0.0006234698053031949
0.0004751628945934164
0.0002972614220952131
0.0001384987060667509
4.100563872024861e-05
2.789608589334036e-05
9.663902410770686e-05
0.0002202107088333291
0.0003557095499692255
0.0004580097666404311
0.0004941461989404111
0.0004541422237243403
0.0003548115290997454
0.0002351665544890248
0.0001447022389401874
0.000127878526829319
0.0002094729340132398
0.0003853505354397189
0.0006215969347832307
0.0008627956282877218
0.001047158478638286
0.001124399188534346
0.001071182360351692
0.0008995604642798857
0.0006554801996213734
0.0004077930748971164
0.0002300188758783454
0.0001803250584291134
0.0002848853574460911
0.0005295922041175293
0.000862464573735565
0.001206393852337334
0.001478741016420189
0.001612743032610333
0.001574659878224141
0.001372215504427556
0.001051972456175644
0.0006865270806807522
0.000354940479491961
0.0001220559414640538
2.232224920415377e-05
5.241884299655526e-05
0.000174654077504758
0.0003299059863491387
0.0004562336558655555
0.0005077397456728973
0.0004682502580305844
0.0003558252278056726
0.0002168431494335514
0.0001113604543490157
9.404033495737764e-05
0.000196211442748185
0.0004143618332955931
0.0007086324995802908
0.00101211345387637
0.001248533864128565
0.001353607477120995
0.001294215631440657
0.001079725818113523
0.0007621705803011021
0.0004247292098350632
0.0001612123918302612
5.18159385824883e-05
0.0001414739825826355
0.0004266642199644938
0.0008544115010049815
0.001333911389700316
0.001758379909087158
0.002031255796465127
0.002090375544045339
0.001923766945989685
0.001572868779061652
0.001122366761833857
0.0006788817275844624
0.0003442051300305631
0.0001897061096797411
0.0002383953118849385
0.0004597172299909514
0.0007781029774731921
0.001093426340133242
0.001308171052796142
0.001354236455355969
0.001212526811687396
0.0009199209044886276
0.0005616357136973377
0.000250431752313314
9.737058493399512e-05
0.0001818604510589506
0.000528066458886507
0.001094281764624234
0.001778488141197116
0.002439518691651668
0.002929378187157751
0.003129626188115976
0.00298295269426159
0.00251246526433746
0.001823102144773412
0.001084130766310047
0.0004954881943353175
0.0002447459803888224
0.0004639759331015658
0.001195861981031524
0.002377175316433563
0.003844032905848574
0.00535852734821457
0.006653275237551214
0.00748389270535796
0.007680204571672635
0.007185109068047067
0.006072971759389063
0.004543030743766971
0.002888241627300094
0.001444674576306642
0.0005304855418254827
0.0003859156984467548
0.001124958112187497
0.002708881236909708
0.004946153211915164
0.007519796495166328
0.01003781327961474
0.0120981126928882
0.01335729679026108
0.01359105236158003
0.01273631239880336
0.01090793011599232
0.00838629129229081
0.005578443777093201
0.002958225798665063
0.0009947346146613519
8.016510962802052e-05
0.0004677349098679411
0.002229000830160179
0.00523683550909429
0.009175492102399074
0.0135788736891524
0.01788869734144527
0.02152755539230486
0.02397653093375235
0.0248489308569706
0.02395106279680204
0.0213238594543602
0.01726110125878872
0.01230245884734542
0.007203078607960886
0.002879320215286232
0.0003401734011211717
0.0006060457966451156
0.004622975659684602
0.01317838490031354
0.02682463047361419
0.0458165510813263
0.07006717489690752
0.09912809688648051
0.1321870086842909
0.1681064625752294
0.2054734144469731
0.2426785301373356
0.2780107023707556
0.3097656444051728
0.3363540406709847
0.3564109303767939
0.3688871686661794
0.3731209939987165
0.3688872416124091
0.3564113141091653
0.3363544418389655
0.3097659352349152
0.2780111768350971
0.2426791108468002
0.2054740486140952
0.1681068929040518
0.1321855303380446
0.09912686969219205
0.07006755464870065
0.04581688540668598
0.02682489486493882
0.01317854723602344
0.004623070902799654
0.0006060774605826021
0.0003401554255961041
0.002879268101194043
0.007203268024912303
0.0123026613090668
0.01726102900059638
0.02132381405649104
0.02395104052825967
0.02484895049286636
0.02397656391591068
0.02152754739520031
0.01788876217233784
0.01357869476885908
0.009175330398215196
0.005236689494779439
0.002229034974528141
0.0004677511699607166
8.016202381498791e-05
0.0009947144937155622
0.002958191965542291
0.005578392131351072
0.008386240612920891
0.01090801317530017
0.01273636228294659
0.01359105127226112
0.01335730487926404
0.01209814048114305
0.01003783839737969
0.007519843151428179
0.004946192159075633
0.002708911366852133
0.001124911340859181
0.000385902797616021
0.0005305098090113136
0.001444654306289606
0.002888216422476773
0.004542984620114294
0.006072944387196985
0.00718509661408685
0.007680200207470619
0.007483902961260554
0.006653223253625773
0.005358474357782317
0.003843961651098024
0.002377198516179443
0.001195874838535983
0.0004639850896772241
0.0002447468155599329
0.0004954818494563538
0.001084142217732464
0.001823089799210986
0.002512486063589426
0.002982968090920547
0.00312962873034352
0.002929380048723003
0.002439526782559931
0.00177850214348209
0.001094296589695077
0.0005280737882373966
0.0001818636236213024
9.737182796578675e-05
0.0002504345966656201
0.0005616546273131032
0.0009199154390039667
0.001212523945019917
0.001354244924343605
0.00130817783251217
0.001093435255287397
0.0007781036910284667
0.0004597190130519544
0.0002383924751406069
0.0001897075669381821
0.0003442185727211752
0.0006788701367261625
0.001122362059449758
0.00157286456203313
0.001923771118250356
0.002090380308796945
0.002031254838334289
0.00175838141875165
0.001333893032362564
0.0008543927222371512
0.0004266682688269165
0.0001414757334591175
5.181324757873837e-05
0.0001612080951739986
0.000424724048361819
0.0007621678521178046
0.001079721224145077
0.00129421993076854
0.001353603062388309
0.001248529507642272
0.001012121602925089
0.0007086366026476447
0.0004143644035632851
0.0001962153701655696
9.404084812873476e-05
0.0001113571204562774
0.0002168427909076044
0.0003558334954706905
0.0004682540891804112
0.0005077384606760933
0.0004562330865624885
0.0003299063993820655
0.000174657119156618
5.241920073969176e-05
2.232153213974988e-05
0.000122052118494866
0.0003549339959804971
0.0006865355383522653
0.001051982524324826
0.001372208848811385
0.001574657436707086
0.001612744606879975
0.001478740609262905
0.001206396174802346
0.0008624713688149921
0.0005295920975194228
0.0002848772693411141
0.0001803226921866251
0.0002300230045629136
0.0004077897154981154
0.000655473922325121
0.0008995506825241835
0.001071176825333945
0.001124399911968767
0.001047158942607232
0.0008628006340309501
0.000621588491151597
0.000385340490434828
0.0002094763974660858
0.0001278798870440221
0.0001447023803058569
0.000235162209228041
0.000354808221821002
0.0004541423749494716
0.0004941436665622694
0.000458012901329698
0.0003557056026548126
0.0002202051158537711
9.664255133378849e-05
2.789672357455533e-05
4.100562052671373e-05
0.0001384971291368919
0.0002972568160880243
0.0004751626492700729
0.0006234705834587535
0.0007011359932330314
0.0006868334275925399
0.0005850416782210389
0.000424470783702131
0.0002493561538067718
0.0001063092304294621
3.071567243333573e-05
3.667369962070756e-05
0.0001135406891754163
0.0002299443067894425
0.000343997050876703
0.0004165725003897902
0.0004235853094132709
0.0003635655725536084
0.0002582092717196722
0.0001458320222957142
6.960863290952194e-05
6.420197862590688e-05
0.0001447357399722632
0.0003014356503613935
0.0005015813861550066
0.0006981046859065471
0.000842583260408658
0.00089857027433964
0.0008515998934106635
0.0007130401843932254
0.0005165907819042582
0.0003087783872526822
0.0001360702603679413
3.241586116477806e-05
1.081994199232921e-05
6.105844865818397e-05
0.0001541636092222298
0.0002520252239314829
0.0003191801646594143
0.0003332179611064612
0.0002908894517537851
0.0002081260697685056
0.0001143041053964552
4.250242652753736e-05
1.897478004827882e-05
5.484409648807729e-05
0.0001426280240701393
0.0002585254169388157
0.0003695701536011347
0.0004436185500522229
0.0004590341702422887
0.0004110974239262972
0.0003134348630365825
0.0001940049089645121
8.68209803454404e-05
2.211003449438336e-05
1.753585737039407e-05
7.334830785601548e-05
0.0001725670637199757
0.000286248434896473
0.0003820829974770663
0.0004338611179371655
0.0004289180889964115
0.000371484198966265
0.0002810263243275535
0.0001860820664151005
0.0001156142826025786
9.025103976192765e-05
0.0001162560405991527
0.0001837405483335224
0.0002698016218831604
0.0003454696541287969
0.0003845914408381466
0.0003718459088200245
0.0003077149144046195
0.0002089051224279485
0.0001039444735445676
2.544182069519616e-05
8.775173775204866e-07
4.470233416147812e-05
0.0001538727293909587
0.000308100024879767
0.000474607812208418
0.0006164304272489382
0.0007015697389562749
0.000711071891513363
0.0006434700610717634
0.0005148992113731499
0.0003545875411577438
0.0001974641762695841
7.532227047955289e-05
9.480592715466342e-06
6.228155164892808e-06
5.644533050319903e-05
0.0001390929854267114
0.0002274906184111799
0.0002966361579682485
0.0003294780612114201
0.0003206474528450709
0.0002767805697244768
0.0002135723694491129
0.0001505455929695427
0.0001051955038544889
8.80726987864376e-05
0.0001002052091175935
0.0001334012877967231
0.0001732506843415998
0.0002038594680305065
0.0002128507973580779
0.0001952517233888024
0.0001551172603235177
0.0001045032879973503
6.001304760430531e-05
3.80607610650059e-05
4.998718333818796e-05
9.85405712852309e-05
0.0001766048212348371
0.0002686517666493401
0.0003543601506698092
0.0004137953228720811
0.0004324315573783352
0.0004050536699364311
0.000337241633069811
0.00024432083064099
0.0001478220452865917
7.040158037863321e-05
3.047782693444657e-05
3.786401125170761e-05
9.146908627953942e-05
0.0001795545314652132
0.0002825626226155815
0.0003776403924090582
0.0004439870965897641
0.0004675221732593829
0.000444013929148763
0.0003798323242473746
0.0002903026094491771
0.0001959599726257917
0.0001178555745974459
7.274901794261963e-05
6.949811309038729e-05
0.0001072857935745316
0.0001761180905903311
0.000259388802183153
0.00033777212619099
0.0003936735434013337
0.0004151440353946298
0.0003983203183046405
0.0003480818383102108
0.0002766736097811607
0.0002007560233480901
0.0001376177781835579
0.0001012759323331993
9.952105186678037e-05
0.0001323472815259306
0.0001921785242540598
0.0002656970287629576
0.0003368777203024904
0.0003905043631997769
0.000415451249207311
0.000406923116801771
0.0003673143383008909
0.0003055922436645634
0.0002351939641689403
0.0001711763379330137
0.0001270155857697425
0.000111877704682727
0.0001288439934931536
0.0001744299200880415
0.0002394363798017264
0.0003109638792022536
0.0003750263344145483
0.0004194758302687549
0.0004362192334452323
0.0004227918257488683
0.0003826412718202819
0.0003243338557810441
0.0002596849866181279
0.0002014830672073557
0.0001609135317916379
0.0001455773569680925
0.0001580946835096024
0.0001958029992552426
0.0002514453619647242
0.0003146153929685202
0.0003738759528181486
0.000418882283003492
0.0004421996240059047
0.0004406118101378081
0.0004155450262913845
0.0003725990541948656
0.0003204044454702165
0.0002689087301003716
0.0002275775078971194
0.0002036958209941271
0.0002011556225262573
0.0002199251446917199
0.0002562237469186025
0.0003033286100396555
0.0003529356223897212
0.0003966568484603589
0.0004274581063123148
0.0004408732998533155
0.0004355891229886104
0.0004135749049215142
0.0003794897270527674
0.000339785020697523
0.0003014979460560112
0.0002710001224564551
0.0002529728615222834
0.0002496951565971379
0.0002608204813115552
0.0002836008912806165
0.0003135120989552842
0.0003450910386395522
0.0003729591000127998
0.0003926484919226437
0.0004012687063251537
0.0003978990697850362
0.0003834726257012616
0.0003605426566056082
0.000332667944726879
0.0003037904479726801
0.0002775696482366766
0.000256795515105907
0.0002431559353113338
0.0002370341095393784
0.0002376650596604569
0.0002433858101307711
0.0002520065163035443
0.0002612314676098029
0.0002689400840384524
0.0002734929701768557
0.0002738055471271461
0.0002694483211760342
0.0002605088362020681
0.0002475245277114322
0.000231322747958524
0.0002129098511514317
0.0001933585038790199
0.0001737505275518345
0.0001550992048888681
0.0001383349504775497
0.0001242604770429989
0.0001135353208745007
0.0001066313950481869
0.0001038519864508024
0.0001053030172670011
0.0001109068200291631
0.0001204181319647081
0.0001334287484560399
0.0001493422522791032
0.0001673552819801911
0.0001864391337980975
0.000205285719994939
0.0002223744566226016
0.0002360837215353389
0.0002448589084943518
0.0002476008556769199
0.0002439927964069242
0.0002349032944560859
0.0002225940991073519
0.000210762357847096
0.0002042857415921603
0.0002085054669764878
0.0002283782635057764
0.0002673690560018565
0.0003263935111502301
0.0004031294774313097
0.0004916945654421315
0.0005833026602503218
0.0006671766604233237
0.000732492701580467
0.0007703565957746557
0.0007757215004524227
0.0007487557100714485
0.000695322475127144
0.0006262995236311453
0.0005557964382968453
0.0004985240094486348
0.0004668240743114606
0.0004680540837310421
0.0005027257221403029
0.0005641094309849279
0.0006394254750991928
0.0007122646740720183
0.0007660432960452837
0.0007875376134573454
0.0007699013710666186
0.0007140423445766668
0.0006286544514358095
0.0005280309259605219
0.0004290452438792354
0.0003471406461431221
0.0002928828052529393
0.0002697622071086168
0.0002736808840364703
0.0002943723093504261
0.000318436800389452
0.0003330454722698011
0.0003294887805805894
0.0003054657132003076
0.0002656220003481847
0.0002200984753768258
0.000181430974224291
0.000160793786347909
0.0001645547517346186
0.0001921341766557382
0.0002358842446028839
0.0002830003506996492
0.0003190664264373183
0.0003321281426533188
0.000316123240078074
0.0002727415708876717
0.0002110433649174775
0.0001448996457191099
8.889817397775838e-05
5.431746263309066e-05
4.580636483116996e-05
6.036760608141838e-05
8.878974539863783e-05
0.0001192081600870056
0.0001416634859684416
0.0001522340566055028
0.0001552335874436389
0.0001625089859962415
0.0001898724453670707
0.0002514226610322416
0.000353620571440431
0.0004909718087863554
0.0006450392779581964
0.0007877938004730306
0.0008886380572604854
0.000923812406219936
0.0008852069359647653
0.0007861061870764293
0.0006616222888241515
0.0005628366464802597
0.0005455035643441322
0.000655917552283041
0.0009173444590984935
0.001320670329508095
0.001822653285926169
0.002352308242647479
0.002824838023678629
0.003159675442985918
0.003298900406298871
0.003220187988888967
0.002942497766913007
0.002521119577608642
0.002034886778267397
0.001567097897062371
0.001187042849603043
0.0009346834702509671
0.0008143799473148795
0.0007976156779968322
0.000834304392660321
0.000868896243616488
0.0008566916077115703
0.0007756606614646724
0.0006305932339366166
0.0004488511098883383
0.0002695100519879186
0.0001295171415749615
5.16019352872543e-05
3.774473150842389e-05
7.005554912735567e-05
0.000118725615834894
0.0001540079649188542
0.0001579617210430827
0.0001316413892264485
9.49962109976205e-05
7.907737422477809e-05
0.0001131560613602791
0.0002111221661714135
0.0003623120048547394
0.0005307859257085113
0.000664445392488701
0.0007123191526570135
0.0006446191253201523
0.0004696943310733263
0.000241219192416049
5.152629478969501e-05
1.176796300904656e-05
0.0002222670790906396
0.0007413988213670991
0.001561322031241451
0.002599473090584602
0.003708122960571734
0.004703725760524795
0.005406805611214744
0.005685314521827274
0.005487784192118253
0.004858593521176134
0.003930060433914832
0.002891614655336766
0.001946052662772822
0.001260940390826989
0.0009300014641757632
0.0009540740625557034
0.001245912503899763
0.001657719793994985
0.002023663264197033
0.002205134829766619
0.002127026894233007
0.001794804376626727
0.001288978818010429
0.0007385199791322765
0.0002827393309393892
3.136449431202656e-05
3.600757160292657e-05
0.0002790163530865993
0.0006831930649900023
0.001137999660924102
0.001533046183049764
0.001789216075914601
0.001877013891642154
0.00181756077796387
0.001667300637373147
0.001492051276136664
0.001340290898693099
0.001225856856168271
0.001125924481046604
0.000996236526750364
0.0007985323206749885
0.000529687024556903
0.0002422072413270365
4.567133627137607e-05
8.587992962543521e-05
0.0005043524596259821
0.001388662402088849
0.002728968471835114
0.004393957040219307
0.006140128533049866
0.007652283039763523
0.008613360318673182
0.008784596821235497
0.008076457487212424
0.00658821454663604
0.004607701311569293
0.002559411386423403
0.0009178988047408203
9.807723094250213e-05
0.0003552794618905222
0.001715147761250138
0.003956410403782027
0.006650271793419441
0.009252890843561786
0.01122502641343995
0.01215776785387004
0.01186585651718723
0.01043289677916507
0.008191401623486463
0.005643692584976018
0.003344258444381376
0.0017684359893282
0.001201454839272034
0.001675869122602706
0.00297004000636257
0.004668380153997473
0.006269910610793837
0.007313809544854562
0.007496352731618639
0.006744872742724171
0.005236098642333785
0.003351391265541936
0.001584078205559555
0.0004193640516907569
0.0002204419464018935
0.001144417792836601
0.003110468373439458
0.005825389701942886
0.008855657176546535
0.01173031252253142
0.014045257951206
0.01554169574870752
0.01614655700688577
0.01596046337932889
0.01520795525316196
0.0141614283695073
0.01306460102006156
0.01207865296101357
0.01126262085506677
0.01059468114382751
0.01002355426319029
0.009530626171791904
0.009180999336443828
0.009141489252458869
0.009654555964118848
0.01096937322323658
0.0132457656848843
0.01646034622578678
0.02034027184050284
0.02435718581462658
0.02779459412556643
0.02987970016672796
0.02996686232953967
0.02772545940986213
0.02328611265751409
0.0173093124480085
0.01093254173531642
0.005603511479337806
0.00280845386829245
0.003749066089650756
0.009034983274765974
0.01846174216637516
0.03092977253096944
0.0445603217742115
0.05697873780099259
0.06576229127647029
0.06894345492129125
0.06549439689622719
0.05567207129293271
0.04114698381874621
0.02484451781160928
0.01052482797842201
0.002117121479469239
0.002955864163227935
0.01502293137511237
0.03836773564229219
0.07085218838203429
0.1082646115258339
0.1448858365989532
0.174420352551778
0.1911380716639132
0.1910940688428122
0.1731463957094703
0.1395889615845466
0.0962429152384196
0.05186168737154045
0.01696803389042212
0.002151522626557406
0.01612945204715625
0.06386714508833098
0.145102115687765
0.2535240051731864
0.3769998109746995
0.4987153127906907
0.599506601857789
0.660807299154311
0.6682242486749774
0.6149578253587616
0.5047905028387435
0.3539177304526629
0.1914893876355928
0.05823203175247246
0.003560758914861846
0.08091289597161522
0.3420302647424994
0.8307439543726147
1.576664396348207
2.589874613179149
3.857722156265714
5.342460332636001
6.983304570162143
8.698656204146488
10.39332469635088
11.96464070691184
13.31261306380631
14.34748596581102
14.99857025802428
15.22080216757804
