# RCS in m**2 for a L=5 cm PVC cube at 0.0 degree aspect angle
# frequency = 85.5 GHz, 
# theta = linspace(0, 6.2832, 1441)
# phi = linspace(0, 0, 1  1)
15.00832538312603
14.79266878778049
14.16057170326582
13.15531242131937
11.84454881545673
10.31419086102285
8.660653026327893
6.982513416953847
5.372210946573097
3.908795208179796
2.652316529189857
1.640390866320708
0.8871480958306271
0.384529847108263
0.1056266624189412
0.009572149612870258
0.04731829941896964
0.1676081020735114
0.3224695221542351
0.4716599473373926
0.5856853533352753
0.6471771489000363
0.6506745906262518
0.6010147888631182
0.510700401235968
0.3967025696335847
0.2771800440550112
0.1685540660931272
0.08328422047266089
0.02855330385855308
0.005928100045295601
0.01191184927487016
0.03918994958791687
0.07829297524017659
0.1193744394306867
0.1538134478381033
0.175415816626336
0.1810755483606932
0.1708579270025982
0.1475539126443101
0.1158536849906668
0.08130485822048457
0.04926239902925286
0.02400225205452955
0.008126517732503858
0.00233106538005946
0.005526417986167415
0.01525509897697036
0.02829513086438126
0.04132359712042939
0.05151555883411719
0.05697868219642432
0.05696837943989683
0.05186650137978892
0.04295968420612703
0.03208089899578658
0.0211964545233239
0.01202509548933111
0.005753467179960602
0.00289039051427147
0.003270074942951654
0.006182871384790535
0.01059035945128437
0.01537085012942906
0.01954206424650652
0.02242015001758945
0.02369064198220676
0.0233963461917506
0.02185034352604719
0.01951593012647006
0.01687804721037224
0.01434202612118459
0.01217632392013706
0.01050399094193882
0.009335050590051568
0.00862076716938354
0.008308555951848467
0.008378548352344018
0.008850174451883276
0.009760050823292442
0.0111188039539594
0.01286521129854958
0.01483487996331163
0.01675889528201652
0.01829631978720686
0.0190989116984087
0.01889003681905308
0.01754163625862388
0.01512426551637626
0.01191537651476258
0.008361514082451175
0.004996177697513132
0.002332558774049687
0.0007550970075050484
0.0004352951834759357
0.001292462440338215
0.003010653437160703
0.005109239485589861
0.00705141390065461
0.008365957864094832
0.008752945615268416
0.008150147274087952
0.006741322429275296
0.004907931532147694
0.003132263014199482
0.001879304186948955
0.001482404274441168
0.002062390700490353
0.00349875903221807
0.005459304547121699
0.007480746724838363
0.009080055454447974
0.00986962040626327
0.009648036091929857
0.008446012953360432
0.006516147403637271
0.004271360842721497
0.002187056290662568
0.0006919553878891073
7.326317397294176e-05
0.0004177850242397104
0.00160186688883693
0.003329342689965291
0.005206441470427604
0.006833627981416098
0.007891999849339491
0.008204686681869322
0.007759801776281668
0.0066949542036357
0.005249011518740772
0.003697486545218266
0.002288220296764963
0.00119321096908488
0.0004865762210046277
0.0001500867573682653
0.0001003867522592328
0.0002274972865579812
0.000431442303562181
0.0006469425917418171
0.0008504820751207687
0.001050838311761761
0.001268267558102936
0.00151241119059362
0.00176689652268598
0.001986909337659794
0.002110558343047456
0.002080351698825214
0.001866826890480183
0.001485745390361453
0.001002330063158178
0.000519732858770793
0.0001536891960395523
1.124071376308572e-06
0.0001113483087377617
0.000469065259475477
0.0009951376692840289
0.00156531567343266
0.002043158034084625
0.002317356601751151
0.002333594320799249
0.002111612469523841
0.001741781385888733
0.001362275838237499
0.001122381123122765
0.001141569396609342
0.001475747100850111
0.002099595964366761
0.002910059514652806
0.003749853060821664
0.004444727037604621
0.004845225923511007
0.004861465475714422
0.00448294258710555
0.00377811459246211
0.002875629710838132
0.001931967968844819
0.001095183633532246
0.0004730732487746904
0.0001145351956122276
6.439249874441023e-06
8.623543322252098e-05
0.0002647664252644399
0.0004525100179885997
0.0005818163814315455
0.0006197364345678599
0.0005694026536481024
0.0004607866879100839
0.0003354953576699216
0.0002307311205662232
0.0001675906629841376
0.0001467387592370199
0.0001520223947599939
0.0001598557013030137
0.0001505585931939292
0.0001173382986777966
7.000230675744486e-05
3.185361353581884e-05
3.141613700123614e-05
9.157930489559603e-05
0.0002202484844719858
0.0004056627904483956
0.0006183578491303583
0.0008192423841936038
0.0009715220378138392
0.001052666988917009
0.001062815720321335
0.001026456501189933
0.0009867962657751979
0.0009940769442059374
0.001090894759274127
0.001298767929541592
0.001609862196164952
0.001986074167339142
0.002366438512421522
0.002680637313008731
0.002865280816534189
0.002878974741720846
0.00271212286961909
0.002389088140579548
0.001962422298102338
0.001500844934176993
0.001073942453550665
0.0007375568415181647
0.0005235459368419005
0.0004354273923486365
0.0004513550514626791
0.0005322301198144113
0.0006329904330147802
0.0007137961837775264
0.0007483526630822097
0.0007278464862367452
0.0006595610661520677
0.0005620755464487377
0.0004578774634136391
0.0003663506571159559
0.0002988519332305239
0.0002568992455543772
0.0002336759587207652
0.0002178925592557009
0.0001985807098690143
0.0001692857500518775
0.0001302469417421733
8.815659529321198e-05
5.372370207208627e-05
3.785492767529305e-05
4.782033552510428e-05
8.454656785254682e-05
0.0001418788097224877
0.0002079366551332509
0.0002682948170067621
0.0003097834640979986
0.0003240088436825963
0.0003095521010391639
0.0002721472059078783
0.0002229711146958201
0.0001756095555593601
0.0001423541562988433
0.0001311177914526835
0.0001435721209125428
0.0001751895137539265
0.0002167980976831855
0.000257480101039385
0.0002877705951579553
0.0003023038029664776
0.0003012708338991411
0.0002902862592234269
0.0002787488211032914
0.0002770774530529764
0.0002938405931343348
0.0003331835068950582
0.0003935323989419049
0.0004676885559509999
0.0005444142622429885
0.0006109638195465235
0.0006560389168259763
0.0006724525863167759
0.0006587164335852726
0.0006194155040196673
0.0005642407132384966
0.000505747417443661
0.0004567434869315147
0.000427567274911824
0.0004240689777962942
0.0004465199588711869
0.0004897769523983099
0.0005445025814197478
0.0005991902248014539
0.0006424046966960978
0.0006650218277386401
0.0006616318460197409
0.0006313806332729801
0.0005777200341095016
0.0005074653377568313
0.0004293516517722787
0.0003524898429476483
0.0002847457768037773
0.0002317728879701768
0.0001964098653761554
0.0001786921968869857
0.0001762943753973988
0.0001853235779322381
0.0002010964093993005
0.000219035867518391
0.0002351958332926972
0.000246739445007071
0.0002519602026962872
0.000250297988980149
0.000242102864499848
0.0002283920219234206
0.0002105995031998169
0.0001904169992473045
0.0001696339076383017
0.0001500087234936429
0.0001331914456327929
0.0001206533320537406
0.0001135716716164703
0.0001127128904013891
0.0001183665582581434
0.0001302523211484617
0.0001475264524011785
0.0001688076787414203
0.0001923405022724226
0.0002161197363989413
0.000238181069642942
0.0002567594533318755
0.0002705577816319707
0.00027879231753846
0.0002814017553444479
0.0002789390136664487
0.0002725658871970801
0.0002638408969865755
0.0002546422681587128
0.000246838645732097
0.0002421579941645761
0.0002419424432898819
0.0002470013358591205
0.0002574898559211486
0.0002728630450648855
0.0002918799739004936
0.0003127673778088821
0.0003333287992116094
0.0003512787753388073
0.0003644989262139526
0.0003713319604053305
0.0003709128790691718
0.000363295500251588
0.0003495580446302802
0.0003317297940224221
0.0003125518005356267
0.0002950773412307526
0.0002822507929270714
0.0002764209022040929
0.000278894644032971
0.0002896636791915583
0.0003073054971427847
0.0003291337142381168
0.0003515717929666364
0.0003707012844056962
0.0003829507102561529
0.0003857424915989244
0.000377938431309305
0.0003602491106131578
0.0003351252349459802
0.0003064515531952469
0.000278916432289226
0.0002571780530673332
0.0002450593258091102
0.0002447516489154996
0.0002563313230906402
0.0002776632064210569
0.0003046713107767887
0.0003320437561103132
0.0003541699968658052
0.0003662193738066225
0.0003651256566142337
0.0003502500374906448
0.0003236169710791315
0.000289687405577366
0.0002545385887280763
0.0002247195810456539
0.0002060095799911688
0.0002021722079010373
0.0002140787248058867
0.0002394105726407425
0.0002729817938693061
0.0003076397667216912
0.0003357104842515502
0.0003505594280060061
0.0003480189300119484
0.0003274854180606233
0.000292186376859415
0.0002487649467107428
0.0002059668153205294
0.0001729961555924911
0.0001574350150816109
0.0001635492100367291
0.0001911015658089661
0.0002351670946450704
0.0002868237782970658
0.0003349054098376087
0.000368290878542872
0.0003783806275915252
0.000361151097708781
0.0003184138271621252
0.0002578027820557433
0.0001915295233479533
0.0001340116850921993
9.884747206710456e-05
9.573368586470729e-05
0.0001280804620735965
0.0001917786857042382
0.0002756024064204015
0.0003631579573419199
0.0004361415142428562
0.0004782494506981344
0.0004787737167931342
0.0004354468197944525
0.0003553136096999301
0.0002537854223771104
0.0001518100909261093
7.152028293353505e-05
3.157228202234795e-05
4.287215372447038e-05
0.0001058834578137585
0.0002100277619106453
0.0003355521687832325
0.0004574247987120209
0.0005505564092949189
0.0005952018111805312
0.0005813478388684894
0.0005110795228637806
0.0003983459127943032
0.0002660611656261584
0.0001412581059259217
4.919341336426135e-05
7.857549769624796e-06
2.406227297372584e-05
9.205999181508145e-05
0.0001949617527477941
0.0003087229577706595
0.000407634520219761
0.0004701908097835108
0.0004837608670697594
0.0004471516052739592
0.0003703865468111063
0.000271757878470737
0.0001731306316002091
9.440119153337665e-05
4.886044532048436e-05
4.033431727529662e-05
6.294910214656652e-05
0.00010350263841948
0.0001456731567787469
0.0001749097259875138
0.000182691091199661
0.0001688557805571506
0.0001413948507313397
0.0001138065695646085
0.0001006540211762692
0.0001127081603878492
0.0001530642786716283
0.0002154429440646535
0.0002853010073149543
0.0003435820338877051
0.0003720988360674149
0.0003591849808130688
0.0003038279527770349
0.0002171381422986372
0.0001203747764208229
4.008581529423262e-05
1.23705499469842e-06
2.036647359125852e-05
0.0001005030107873106
0.0002294039643744644
0.000381727582512115
0.0005248070841062081
0.000626539548474476
0.0006634983959551503
0.0006269765971689533
0.0005254287482502678
0.0003824390007795911
0.0002307755988984546
0.0001040165538666479
2.794927882227977e-05
1.413170795517986e-05
5.727596481317622e-05
0.0001372726736337346
0.000225266265840366
0.0002920571803360112
0.0003165483664496646
0.0002918236552782226
0.0002270292063918376
0.0001446210630512057
7.37029379665338e-05
4.121309298060178e-05
6.372853933368901e-05
0.0001420757327155362
0.0002604887816145633
0.0003905539382041392
0.0004989978382546543
0.0005569850697967043
0.0005483454525045741
0.0004743491840259614
0.0003535516912829961
0.000216642861663657
9.796152212586996e-05
2.58096893961609e-05
1.460152484447154e-05
6.10585115555486e-05
0.0001455596359387628
0.0002383224860699385
0.0003085599319881955
0.0003338603775174249
0.0003070432898891391
0.0002383459067308604
0.0001522376267749928
7.977823844120583e-05
4.879578663217404e-05
7.485575414341452e-05
0.0001558113783295731
0.0002717411556329487
0.0003904342873868048
0.0004768604190438128
0.0005039701267001412
0.0004614559060424961
0.0003597732920541787
0.0002280693502239507
0.0001063928945774422
3.424847962425233e-05
3.893747618883141e-05
0.000127003847945231
0.0002814628842316515
0.0004657900438194367
0.0006337459378364792
0.0007421776786008158
0.0007632680508032239
0.0006926301225773556
0.0005507558762637778
0.0003774194807085107
0.0002204436729443976
0.0001221794231106301
0.0001075064421705458
0.0001768510968284753
0.0003063475829030702
0.0004550078076179573
0.0005769173393427584
0.0006347414537647927
0.0006106726178109705
0.0005115657080841545
0.0003666344191843601
0.0002185948479978486
0.0001106857406752161
7.367902331199851e-05
0.0001165856543603383
0.0002239965608524204
0.0003608463264159209
0.0004831638026833603
0.0005516563186701823
0.000543932548998996
0.0004616991414596189
0.0003306305224860079
0.0001928770289843492
9.440003533512379e-05
7.083823810472414e-05
0.0001362577536045473
0.0002781796011410936
0.0004605070400426093
0.0006337351324276302
0.0007493753986014119
0.0007744090719670093
0.0007014699358276236
0.0005515378549567593
0.0003682707738112034
0.0002054566361441376
0.0001111806065293072
0.0001133909140470957
0.0002112100985844045
0.0003746688619161956
0.0005532401953545988
0.0006907495162146995
0.0007425125333796215
0.0006896548071035542
0.0005462133991303316
0.0003569244192415217
0.0001856417775921981
9.780501802834191e-05
0.0001414476628590736
0.0003323240953240824
0.000647325538952662
0.001028406403661135
0.001396011869468385
0.001668859697967696
0.001784499975218556
0.001715375555949847
0.001475906124096172
0.001118802565806707
0.0007214684873098399
0.0003663450894828699
0.0001204117100857035
1.931990210827756e-05
6.033843648110293e-05
0.0002057318905775648
0.0003953883691083429
0.0005649280239343308
0.0006640869871602874
0.0006703048002928438
0.0005936542147267927
0.0004720005787730752
0.0003579732470143636
0.0003016833457011587
0.0003342788622125099
0.0004573218204946154
0.0006411565973122366
0.0008329580332639164
0.0009722895003592643
0.001009919694214052
0.000924303079788624
0.000730983744173479
0.0004816907379520892
0.0002529832305440029
0.0001269082394867147
0.0001686818223255402
0.0004072543860740106
0.0008241979485598843
0.001354141342871014
0.001897521531850413
0.002342614870264769
0.002591788934007917
0.002585568454199683
0.002318318799446667
0.001841636891960547
0.001253940587425344
0.0006789487034296511
0.0002377607337381275
2.097031048332467e-05
6.807674298051066e-05
0.0003586014505008859
0.0008173016372222981
0.001332276225656345
0.001781460718640431
0.002061326984959823
0.002110836486712647
0.00192497558966165
0.001554791964337229
0.001093711686661169
0.0006541509251858282
0.0003395028452682279
0.000218719307791504
0.0003096011067935596
0.0005748538088425582
0.0009318952811154908
0.001274185646600415
0.001498912353279697
0.001534264211879141
0.001359826679938245
0.001014617609087741
0.0005906513505107499
0.0002129969498154887
1.06349845781778e-05
8.460590807252552e-05
0.0004808392483872048
0.0011742805944608
0.002068334089764809
0.003011042289854172
0.003824620077556315
0.004343131146097106
0.004450067130229339
0.004108073924531026
0.003373781189788087
0.002393978640312169
0.001382834335485244
0.000583661951935958
0.0002224638939260536
0.0004613557776909596
0.001361875801849842
0.002865110396896024
0.004793540843617954
0.006875394621794585
0.008787820902879859
0.01021231607613465
0.01089250983642631
0.01068446298561703
0.009590394462696961
0.007768777870926761
0.005518806744818393
0.003240082622459428
0.001373560239442235
0.0003324069385603488
0.0004333312679038382
0.001839276196434716
0.004522914712828438
0.008256200797378911
0.01263113253014659
0.01710705923418336
0.0210809085877629
0.02397107104546667
0.02530475870196082
0.02479710697825947
0.02241267853057809
0.01840099312432546
0.01330099247575591
0.00791507792362019
0.003250036996671972
0.0004365487988355149
0.0006305099575584078
0.004907195556010113
0.01415794361422941
0.0289984363037781
0.04969711222024261
0.07612915129552991
0.107762297642727
0.1436645864424453
0.1825583830827181
0.2228855999124233
0.2628992903285914
0.3007707320103328
0.3347021137321552
0.3630370723768392
0.3843661263700732
0.3976142880854814
0.4021064286538633
0.3976137592429134
0.3843663839864746
0.3630376930370059
0.334702376669518
0.3007712566129163
0.2628998707807556
0.2228861626897316
0.1825590044937984
0.1436629888920758
0.1077610138496326
0.07612953978557593
0.04969742735855869
0.02899868687456636
0.01415811374395387
0.004907309562532015
0.0006305431500838042
0.0004365301724202814
0.003249983436641582
0.007915283142083882
0.01330119726326035
0.01840089732164247
0.02241264023749883
0.02479708932280125
0.02530476734465295
0.02397110931300842
0.02108090226630235
0.01710711614921263
0.01263095296236777
0.008256036263621513
0.004522778467788971
0.001839310855902882
0.0004333433933512816
0.0003324001502242196
0.00137354004486451
0.003240052922079182
0.005518764835066364
0.007768747815065924
0.009590440266667648
0.01068450043346357
0.01089251302669149
0.01021232984749309
0.008787846960290766
0.006875423270433157
0.004793577005957019
0.002865136775762454
0.001361894450737217
0.000461332907851437
0.0002224662487952037
0.000583687758687543
0.001382817652960117
0.002393965301077394
0.003373750859983672
0.004108056148642705
0.004450060772928473
0.004343130958949957
0.003824628937705169
0.003010998264659524
0.0020683006400492
0.001174245915254636
0.0004808475643617755
8.460910068667937e-05
1.06336994712408e-05
0.0002129911762702149
0.0005906454594595456
0.001014624753932509
0.00135982333222102
0.001534266419209234
0.001498907748384912
0.001274191327149859
0.000931898326099089
0.0005748571913305341
0.0003096060990473371
0.0002187196773928946
0.0003395002266888723
0.0006541469029437405
0.001093728048587148
0.001554790750571282
0.001924994503489398
0.002110838157956957
0.002061332966391854
0.001781473557291242
0.001332287744034188
0.0008173118810699638
0.0003586036754178007
6.807958432965126e-05
2.097289279270377e-05
0.0002377716006647975
0.0006789760170542501
0.001253925586666225
0.001841628609216591
0.002318316122828708
0.002585570912310135
0.002591793522952955
0.002342618396701971
0.001897526194784487
0.001354117184626962
0.0008241791243109715
0.0004072584463601954
0.0001686831538408255
0.0001269068295097408
0.0002529784409801646
0.0004816926015395069
0.0007309828269216258
0.0009243042994161179
0.001009918690044116
0.0009722838648327062
0.000832953263710215
0.000641162052799511
0.0004573248252738934
0.0003342786462271081
0.0003016838817778484
0.0003579714941933722
0.0004719962275885774
0.0005936539725545704
0.0006703096131852136
0.0006640835236697183
0.0005649233157430906
0.0003953910271365322
0.0002057325726357
6.034052455750162e-05
1.931995087291583e-05
0.0001204096622272728
0.0003663373441287637
0.0007214609027695473
0.001118816519335777
0.00147591443356307
0.001715372471810505
0.001784504636356375
0.001668864603462971
0.001396016045782487
0.001028411595798948
0.0006473319003753097
0.0003323240617955197
0.000141443774267556
9.780464012791915e-05
0.0001856477298670341
0.0003569210392993753
0.0005462060951646472
0.0006896453920848485
0.0007425107853147048
0.0006907498834937317
0.0005532452990973793
0.0003746747235609745
0.0002112054659851344
0.0001133892567787717
0.0001111798693190741
0.0002054571023833074
0.000368270682945241
0.0005515309837771185
0.0007014660487361043
0.0007744094426419801
0.0007493750487496654
0.000633738067395413
0.0004604968060752931
0.0002781727549004905
0.0001362605939756044
7.08385109263712e-05
9.440008204697034e-05
0.0001928768961973537
0.0003306290964574689
0.000461700379161551
0.0005439331134705397
0.0005516521674271997
0.0004831576108283239
0.0003608424002265585
0.0002239961046662038
0.0001165870084202968
7.36790371605487e-05
0.000110685541048877
0.0002185912713189014
0.0003666344946433498
0.0005115663120500008
0.0006106772503417189
0.0006347402564064509
0.0005769187531646335
0.0004550097374171039
0.0003063493832791573
0.000176853331227554
0.0001075063879652224
0.000122178832580029
0.0002204406518324091
0.0003774163651419371
0.0005507673257863964
0.0006926354878979506
0.000763267789047985
0.0007421784590316877
0.0006337472928855189
0.000465794615556793
0.0002814626867753027
0.0001270047230988965
3.893887175786449e-05
3.425037942646129e-05
0.0001063969072815039
0.000228078344874931
0.0003597703220583474
0.0004614543462043788
0.0005039709665465205
0.0004768559568128874
0.0003904345412026633
0.0002717404122062759
0.0001558135219014666
7.485292027186411e-05
4.87953296039529e-05
7.977698200440733e-05
0.0001522299761990426
0.0002383447033465687
0.0003070463723319171
0.0003338581764046958
0.0003085566646606316
0.0002383234353788694
0.0001455547165508159
6.105781925908589e-05
1.460090000169142e-05
2.58059346279685e-05
9.79615226351676e-05
0.0002166428364702723
0.0003535474060599792
0.0004743574968281115
0.0005483417215532453
0.0005569790427531827
0.0004990016928033724
0.0003905523291495185
0.0002604907877384061
0.0001420761548282953
6.373153922020161e-05
4.121320598784923e-05
7.370459154460205e-05
0.0001446236597630983
0.0002270260841884144
0.00029182240129771
0.0003165529212147305
0.0002920608029297981
0.0002252669521945399
0.0001372817447625848
5.727720081534091e-05
1.413123676093991e-05
2.794889573714436e-05
0.0001040162255791616
0.0002307737809929187
0.0003824489350205668
0.0005254302531203797
0.0006269845345225815
0.0006634985390971821
0.0006265418765193777
0.0005248002241322234
0.0003817352703304629
0.0002293937389978835
0.000100504208484907
2.036414561451217e-05
1.236974125779739e-06
4.008889369007095e-05
0.0001203727236591458
0.0002171323394110788
0.0003038266868735073
0.0003591822051203108
0.000372099994897923
0.0003435812530573005
0.0002853001724063047
0.0002154426219233206
0.0001530648962575309
0.0001127099085525255
0.0001006521080766011
0.0001138043989758519
0.0001413956695703544
0.0001688520151432791
0.0001826906536641219
0.0001749085240035397
0.000145671761880752
0.0001035027353619657
6.295089546814528e-05
4.033398876035456e-05
4.886112170114801e-05
9.440365447260474e-05
0.0001731299788220382
0.0002717552269127538
0.0003703931793290423
0.0004471554042940827
0.0004837621866800049
0.0004701965205858282
0.0004076441303804205
0.0003087305559908131
0.0001949646379235731
9.206212518500603e-05
2.406338276763654e-05
7.858357771854841e-06
4.919168315712274e-05
0.0001412628391896495
0.0002660612615775985
0.0003983454383976332
0.0005110775607535708
0.0005813445063535095
0.0005952005344821435
0.000550555469811585
0.0004574193525788102
0.0003355542358990995
0.0002100244148797852
0.0001058820762130395
4.287115560334368e-05
3.157089852077867e-05
7.152285488140006e-05
0.0001518041475882022
0.0002537907683486543
0.0003553138431815023
0.0004354412352160885
0.0004787745605655099
0.0004782451931087716
0.0004361472680158407
0.0003631618617787875
0.0002756028186296425
0.0001917833501690683
0.0001280799872629001
9.573420436590747e-05
9.884347652900839e-05
0.0001340133477748787
0.0001915333436873175
0.0002578090938158583
0.0003184132426535864
0.0003611542557736716
0.0003783872983563823
0.00036829337081635
0.0003349064535176578
0.0002868240929713724
0.0002351696625495849
0.0001911138492278337
0.0001635499894533026
0.0001574374581884189
0.00017299717782043
0.00020596721092988
0.0002487654532631524
0.0002921883974445775
0.0003274857352596942
0.0003480218261683929
0.0003505593034277314
0.0003357166446859248
0.0003076426788826788
0.0002729754952779584
0.0002394153044788015
0.0002140794197278969
0.0002021751015653173
0.0002060096542762952
0.0002247118130823669
0.0002545365635844505
0.0002896881188943891
0.0003236132098481003
0.0003502468556905932
0.0003651296009157773
0.0003662207948230868
0.0003541727157500733
0.000332042299484764
0.0003046712104449172
0.0002776603950088927
0.0002563303675651446
0.000244748092047991
0.000245061539212303
0.0002571782066891362
0.0002789161095802745
0.0003064519575842795
0.0003351257178684832
0.000360251096094121
0.0003779400056772406
0.000385740589588076
0.000382955408264728
0.0003707044542532084
0.0003515730363452988
0.0003291333524039042
0.0003073070464003164
0.0002896609819669506
0.0002788956497591175
0.0002764206094324444
0.0002822523538537964
0.0002950753998977858
0.0003125625668042927
0.0003317318342907647
0.0003495598408323878
0.0003632936438383203
0.0003709049166923208
0.0003713317231158456
0.0003644943785438823
0.00035128689711825
0.0003333261786514763
0.000312764770167618
0.0002918806347386955
0.0002728575216124655
0.0002574921493778674
0.0002470004161821323
0.0002419433579434819
0.0002421588598294762
0.0002468365565783829
0.0002546396959481406
0.0002638415926405945
0.0002725676156781809
0.0002789396044481871
0.0002813996389199619
0.0002787957790183295
0.0002705519279157875
0.0002567669454399123
0.0002381866907369296
0.0002161201938485135
0.0001923369611974648
0.0001688142143045426
0.000147528221308168
0.0001302530576262143
0.0001183659754650821
0.0001127127910496701
0.000113572922236467
0.0001206535541888284
0.0001331931990587918
0.0001500055622983931
0.0001696343413126915
0.0001904192543097044
0.0002105951212938396
0.0002283903378716876
0.0002421129482587257
0.0002502998846028122
0.0002519681041229192
0.0002467383624062326
0.0002351953477277561
0.000219026297860609
0.0002010911258788561
0.0001853226955163929
0.0001762930003254477
0.0001786905694691301
0.000196407117458247
0.0002317688541551365
0.0002847462906288754
0.0003524768427905933
0.0004293541784737772
0.0005074383038668378
0.0005777173217014766
0.0006313918705489797
0.0006616334230264848
0.0006650160872210877
0.0006424148256553985
0.0005991847010962221
0.0005445079772520038
0.0004897734297930924
0.0004465241122913125
0.0004240691141961811
0.0004275661347984123
0.0004567390414400763
0.0005057442434790457
0.0005642330209378767
0.0006194163863824418
0.0006587145414506027
0.00067244707606724
0.0006560369183422068
0.0006109668302239389
0.0005444219417747758
0.0004677087212219786
0.0003935359957023655
0.0003331835937882029
0.0002938406115884607
0.0002770764445283745
0.0002787402741065854
0.0002902925467422897
0.0003012735313210901
0.0003023023458572728
0.0002877700252515953
0.0002574811580184032
0.000216794810702783
0.000175186861981579
0.0001435732979306818
0.0001311155667927089
0.0001423578580988011
0.0001756105091301889
0.0002229651016766304
0.0002721419016831196
0.0003095617649993667
0.0003240065666355881
0.0003097760003785162
0.0002682955691860339
0.0002079349367604157
0.0001418796512806582
8.456004044796906e-05
4.782210986754547e-05
3.78520653977994e-05
5.372223009760711e-05
8.815814486000384e-05
0.0001302433249826734
0.0001692869267450655
0.0001985802466660247
0.0002178893401057831
0.0002336789634927077
0.0002569022903610016
0.0002988519122668848
0.0003663532831139571
0.0004578750470381205
0.0005620815032192724
0.0006595562482427009
0.0007278359799963614
0.0007483746234544085
0.0007137891434194352
0.0006330071959940143
0.0005322330950357779
0.0004513513482095638
0.0004354269958339602
0.0005235435623008176
0.0007375613389494572
0.001073961676816483
0.001500867788947556
0.001962426808928345
0.002389080648732256
0.002712131239213979
0.002878970305519165
0.002865280202114844
0.002680629628211813
0.002366465707020713
0.001986053641458047
0.001609871417772838
0.0012987484377733
0.001090891814936407
0.0009940769749261741
0.00098680332590461
0.001026455943768503
0.001062809061437612
0.001052666733318009
0.0009715148860576896
0.000819245922464947
0.000618362959201755
0.0004056661878289727
0.0002202406971948219
9.159147568969941e-05
3.141500120315555e-05
3.185274566376569e-05
7.000229580550998e-05
0.0001173466747711843
0.0001505590165888641
0.0001598620892490613
0.0001520211423918811
0.000146742385445971
0.0001675926209982487
0.0002307324400482638
0.0003354836132997258
0.0004607867817530777
0.0005694226553733164
0.0006197360205191432
0.0005818075907030727
0.0004525161058675084
0.0002647664747713189
8.623968805942596e-05
6.439788344414583e-06
0.0001145286911607918
0.0004730733677737523
0.001095218114235438
0.001931968553370451
0.002875647516232173
0.003778111624898344
0.004482956926577574
0.004861476510400988
0.004845217946147119
0.004444738315876357
0.003749847635218566
0.002910133597039292
0.002099596827147592
0.001475697102107362
0.001141565213318239
0.001122404377327133
0.001362274693443923
0.00174177136655236
0.002111616996711519
0.002333616964434582
0.002317342990919188
0.002043157157031274
0.001565289676586024
0.0009951324701075182
0.0004690685101659802
0.0001113592502305012
1.125375338541919e-06
0.0001536806989513524
0.0005197336477117597
0.001002325481178872
0.001485745173853555
0.001866836328370146
0.002080351686240529
0.002110575659896655
0.001986915082846897
0.001766898016268396
0.001512408789938788
0.001268256053453662
0.0010508394399201
0.0008505401378721111
0.0006469556343209136
0.0004314423899608027
0.0002274844836884608
0.0001003888967362356
0.0001500931143336135
0.0004865616478712854
0.001193232455848319
0.002288172337194969
0.003697515027783886
0.005248942669396907
0.006694953329980987
0.007759884411664356
0.008204684945008993
0.007891998631131171
0.006833604414649582
0.005206353874353292
0.00332944155629565
0.001601858164357067
0.0004178023594762753
7.326328080095578e-05
0.0006920148302635181
0.002187056710514207
0.00427146201275789
0.006516108826098255
0.008446093396318181
0.009647989292717775
0.009869659099515243
0.009080125890849215
0.007480748258915779
0.005459452340000343
0.003498760518651861
0.002062330478364634
0.001482398940586417
0.001879361783314225
0.003132212864768211
0.004907956543461402
0.006741370136701863
0.008150165654860021
0.008752953860444076
0.008365957984572439
0.007051376179652545
0.005109250950351423
0.003010556668762542
0.001292466502595747
0.0004352834690294589
0.0007550760256427951
0.002332591320429744
0.004996101858980545
0.00836161279660309
0.01191548057538327
0.01512416349192999
0.01754173181418582
0.01888997349674586
0.01909888738752726
0.01829642551690656
0.0167588420048282
0.0148349815149587
0.01286520046832924
0.01111885871161342
0.00976005114986064
0.008850099882240498
0.00837844951161831
0.008308579267322177
0.008620739230715416
0.009335054240772153
0.01050395480003241
0.012176321882412
0.01434192337084567
0.01687804759643863
0.01951601286244233
0.02185023988124142
0.02339621457781936
0.02369064869706188
0.0224195995628315
0.01954218160488963
0.01537081280562127
0.01059059031349013
0.006182871152182201
0.003269989869325569
0.002890357384468899
0.005753713375582057
0.012024981552078
0.02119665508398635
0.03208039880845553
0.04295981051012394
0.05186641422269616
0.05696836379995416
0.05697875751593109
0.05151558531029986
0.04132319700430766
0.02829531295023604
0.01525468196182008
0.005526609049376893
0.002331117830293801
0.008126200880260958
0.02400251056615768
0.04926080719451408
0.08130485058792675
0.1158549714010046
0.1475536114424429
0.1708579484241434
0.1810754826219609
0.1754152832734159
0.1538144967286173
0.1193739766801068
0.07829472969514389
0.03918969307558025
0.01191101578213782
0.005928067379749384
0.02855489805594694
0.08328303518053912
0.1685565844639333
0.2771767949645946
0.3967046671448132
0.5106956569985428
0.6010150710064709
0.6506735885256607
0.6471773513961507
0.5856813790969346
0.4716620072982322
0.3224637346086693
0.167612098519772
0.0473165622297225
0.009571412026868918
0.1056284080917733
0.3845108054250018
0.8871473855065664
1.640433223303759
2.652301234710698
3.908845727238582
5.372173540748339
6.982555902950947
8.660593775367651
10.31421288803201
11.84448369548886
13.15531558627522
14.16061229618688
14.79266479159291
15.00832743162834
