# RCS in m**2 for a L=5 cm PVC cube at 0.0 degree aspect angle
# frequency = 89 GHz, 
# theta = linspace(0, 6.2832, 1441)
# phi = linspace(0, 0, 1  1)
8.409294495348284
8.254028731623313
7.801759788017652
7.091542413553141
6.18349304674072
5.152038721740189
4.077689498120624
3.038475321413812
2.101991511167746
1.319135273704936
0.7201607938244626
0.3134486224328349
0.08698461430515729
0.01217065655894989
0.04930862303412761
0.153913122185681
0.2829354344174401
0.4000760763052266
0.4795350829093232
0.5078311541269319
0.4836372904913181
0.4158465771202567
0.3203709874731927
0.2162754819568473
0.121938286485177
0.051832738490771
0.0143844334977763
0.01114041701089008
0.03724727134099084
0.08301843094289672
0.1362083712819495
0.1845207791138156
0.2178847859161129
0.2301077579910105
0.2196634577358565
0.1895458444164873
0.1462940862020133
0.09843809203370303
0.05470258309650398
0.02232253264487569
0.005780429699276541
0.006169223138994612
0.02125622179808841
0.04617959770274296
0.07459986308713244
0.1000456122380599
0.1171825408819942
0.1227606097277538
0.1160817532178345
0.09892661939281741
0.07500059654541991
0.04904031678798367
0.02578539313202279
0.009032219378504867
0.0009521734297485934
0.00179400848118438
0.01000086994200878
0.02268631291068906
0.03634442781868474
0.04762870754875127
0.0540330794195728
0.05434020900333821
0.04876178574474169
0.03876246327354887
0.02663608668327705
0.01493656900612508
0.005902614566482963
0.0009999234764631513
0.0006687935244700989
0.004317615113914048
0.01054317473076975
0.01751166920568901
0.02340216901361717
0.02681126692778
0.02702927413519445
0.02414011918350032
0.01893453947943149
0.01267343681978537
0.006765486016287935
0.002441205796471261
0.0004937501468776221
0.001141965213499769
0.004033194463478711
0.00837284785041041
0.01313777039896812
0.01731883450522806
0.02013209539291229
0.02115726545977611
0.02037772154408332
0.01812801529170438
0.01497150860701473
0.01154664450581129
0.008421346065950696
0.005989423464119755
0.004425321893834946
0.003698074587199507
0.003629655703325935
0.003974012033464075
0.004491601175282627
0.005000461153793534
0.00539495423063162
0.005635315937755916
0.005718646455841136
0.005648158979184482
0.005413439464962919
0.00499025487385104
0.004357490195883727
0.003524206783972853
0.002552679025077628
0.001565934676333814
0.0007326661629892582
0.0002301383522113606
0.0001949321896145735
0.000675765677237351
0.00160446845857105
0.002796940355577278
0.003987227982195809
0.004888868531535978
0.005268029681783854
0.005009149448655346
0.004153884123933064
0.002900543680496646
0.001563239966716241
0.0004969420761295715
1.004932101108965e-05
0.000284492140896319
0.001325776458294258
0.002956085222133089
0.004852881343363715
0.006623715295014787
0.007898258648923609
0.008414018074621599
0.008075262549677118
0.006970355974572082
0.00534449799371474
0.003537421111031304
0.001901116915153068
0.0007202114805035478
0.0001540465797290115
0.0002124095064227021
0.0007689445505618599
0.001605323949708889
0.002472144875274814
0.003149976207455959
0.003495459090980662
0.003462452550279136
0.003096711752346955
0.002508975846797114
0.001836906050440776
0.00120752329965315
0.0007103021532867923
0.0003854932159004226
0.0002285049772054127
0.0002048591974909569
0.0002689293051881546
0.0003797404624441058
0.0005088605066321332
0.0006401841047375208
0.0007636978399101759
0.0008682713265265752
0.0009374890664482343
0.0009516987044468379
0.0008959071686184396
0.0007702156481833473
0.0005982878762387216
0.0004290648475722226
0.0003294485306226048
0.000368210533086319
0.000595523797615122
0.001023905131935513
0.00161697583627357
0.002290776589018488
0.002928647912326961
0.003406617803846656
0.00362309097840313
0.003524870553149198
0.003122335487441448
0.002489137720681521
0.001745951766433816
0.001032896485876962
0.0004771223226146715
0.0001641181907920942
0.0001203688257978656
0.0003108152942150272
0.0006514740057941219
0.001033052657813394
0.001348985019327191
0.001520255952121531
0.00151143754086252
0.001333895608119316
0.001037597488240753
0.000694076451620011
0.0003763215099426415
0.0001412256510972285
1.855739492606938e-05
8.571673196243015e-06
8.739935443786047e-05
0.0002174791822078873
0.0003593014583183183
0.0004809638394556988
0.0005634072883924878
0.0006008593562186129
0.0005974915704985145
0.0005627728748810291
0.0005070727833775791
0.0004396612484484091
0.0003688278148970369
0.0003036899923947172
0.0002559908099445939
0.000240393695441801
0.0002724487978544625
0.0003643838819483661
0.0005200051845642038
0.0007304878782894714
0.0009729352795256617
0.001212881559968043
0.001410606302325813
0.001530008968960276
0.001547786197831653
0.001460289563065199
0.001285969587189125
0.001062453489793592
0.0008387300862800212
0.0006639504503969249
0.0005764326438230687
0.0005943992017349288
0.0007119858592853086
0.0009007669079082049
0.001116477417868649
0.001309349797316957
0.001435204580232378
0.001464825747872961
0.001389275731608282
0.001220417098716604
0.0009867864271444562
0.0007261130751702182
0.0004765483447732952
0.0002690934135118426
0.0001223265468214085
4.081374918980074e-05
1.674356075370685e-05
3.401904043588998e-05
7.340267308422762e-05
0.0001172637637984233
0.000152850146852945
0.0001736253988645674
0.0001786781526627392
0.0001709272936374694
0.0001548896751646931
0.000134688566492774
0.0001130841512139528
9.126752795370134e-05
6.95775835496594e-05
4.835874576017964e-05
2.872364198304315e-05
1.269947063970693e-05
2.815465450020107e-06
1.204105173624951e-06
8.649291173151655e-06
2.394735068810648e-05
4.387548953814361e-05
6.388545644093265e-05
7.932120989881755e-05
8.683475631360533e-05
8.551597078288348e-05
7.73955754913832e-05
6.708925588135889e-05
6.064282620022662e-05
6.385981716858654e-05
8.059276150857116e-05
0.0001114411656089142
0.0001533250763736463
0.0001999778816838594
0.0002434572457073038
0.0002760171547226669
0.0002922057452328826
0.0002903521848589404
0.0002732635173141
0.0002477200227684037
0.0002230930366023804
0.0002091540336709351
0.0002138242650631733
0.0002411951295119094
0.0002904307413331941
0.000355711077704431
0.0004273405518600273
0.0004936478577886592
0.0005433959368721893
0.0005680426735560899
0.0005635294703695801
0.000531058476290424
0.0004768780129719015
0.0004110318988117422
0.0003453991540517279
0.0002914898965370064
0.0002582860753410577
0.0002507656833639046
0.0002690904791016038
0.0003088194048347038
0.0003618751349933546
0.0004181415070354158
0.0004673105328621646
0.0005006402288705078
0.0005123454987468136
0.0005003766631514811
0.0004665868424605132
0.0004161080870477874
0.0003564097453099343
0.0002959184643281619
0.0002426644893336102
0.0002031076477799403
0.0001812120370180524
0.0001780837719641591
0.0001919934186617454
0.0002188234412210192
0.000252872987590179
0.0002877802526920288
0.0003175240163169313
0.0003372746900081114
0.0003439986407064989
0.0003368726801096926
0.0003172034334395946
0.0002881129920723628
0.0002541059169596284
0.0002202072318294288
0.0001912263164731804
0.000171042618462465
0.0001620341052097476
0.000164789012990554
0.0001780389914165454
0.000198937380574833
0.0002235588444791136
0.0002475644961576573
0.0002669270820767854
0.0002785541193703681
0.0002808244839783876
0.0002737795227539693
0.0002591074383349179
0.0002397543547781338
0.0002194096860794001
0.0002018071801148878
0.0001900450177477091
0.0001860348350183299
0.0001901757033761464
0.0002012703997492549
0.0002168362588479628
0.0002335588100545903
0.0002479785934447363
0.0002571869989901857
0.0002593665579377743
0.0002542120329244299
0.0002429640225688196
0.0002281491562806919
0.0002130570217688225
0.0002010713008738345
0.0001949235589300232
0.0001960652574441984
0.0002043396151543192
0.0002179616462472472
0.0002338008882950591
0.0002480805626078339
0.0002571571506082713
0.0002583486861481151
0.0002505903355252226
0.0002348177730217551
0.0002138513643125622
0.0001919327360703625
0.0001738782959260056
0.0001640231620850781
0.0001652690316732545
0.0001782569285426739
0.0002010741178439442
0.0002294503712178595
0.0002574810806696051
0.000278824823695026
0.0002880173712754048
0.0002817672758429054
0.0002598852450554
0.0002255553418811564
0.000184981409402299
0.0001462590796984531
0.0001178107394484812
0.0001065763500419471
0.0001163904462558931
0.0001469010287783657
0.000193300709561153
0.0002470238301098606
0.0002972908053129754
0.0003332459364307157
0.0003463229011185245
0.0003322156357724416
0.0002921527629737019
0.0002329803476726006
0.0001661038923297078
0.0001053208923228966
6.400586191236931e-05
5.220004786870009e-05
7.425834370534533e-05
0.0001275586093304947
0.0002026722844770347
0.0002850577185585055
0.0003578984841253897
0.0004056690303708442
0.0004174809671641143
0.0003897319553204216
0.0003271217983399315
0.000241977658504596
0.0001518348527945794
7.577751639162606e-05
3.03245247600528e-05
2.571839364273657e-05
6.353151645667716e-05
0.0001361314913944229
0.0002281966321677183
0.0003199847618083715
0.0003916537616859427
0.0004277118027430429
0.0004204618346441121
0.0003717113894377359
0.0002923839432896465
0.0001998885098595256
0.000114136834115208
5.288120914485209e-05
2.76764479776334e-05
4.13376781410959e-05
8.753111377398326e-05
0.0001526103319482983
0.0002191601895361815
0.0002704539156933991
0.0002945702273093706
0.0002871832779103659
0.0002523418464094876
0.0002009942402457194
0.0001477316016543591
0.0001066289443253312
8.733302731044122e-05
9.248315894044814e-05
0.0001171615138687444
0.0001505728517891921
0.0001794551505090636
0.0001922352074657913
0.0001827728775889211
0.0001525061208186293
0.0001103766378820631
7.042877963608967e-05
4.768509417124426e-05
5.354025848739223e-05
9.189568577257685e-05
0.0001573062514290399
0.0002357907053522285
0.0003082165822562273
0.0003553426234802938
0.0003633365325346708
0.0003279811703930448
0.0002564517339412968
0.000165951917987267
7.946212009813183e-05
1.969119624834345e-05
2.843070327401451e-06
3.399357251487026e-05
0.0001053998225093528
0.0001983601778861236
0.0002881776567455788
0.0003508722823370743
0.0003698653414326049
0.0003405618462077373
0.0002716515384355376
0.0001825624878845086
9.782258665880002e-05
3.991867096703456e-05
2.272315071787223e-05
4.747598196848746e-05
0.0001025715184777561
0.0001672382078186352
0.0002181003794222076
0.0002366554907453236
0.0002153695099562656
0.0001605477768009415
9.084513448095372e-05
3.189391601410913e-05
8.430006514171874e-06
3.634823148771085e-05
0.0001170922476689577
0.0002361900991553046
0.0003666108437411863
0.0004759571885811825
0.0005356787927362204
0.0005293864576005427
0.0004578772663613717
0.0003392726739474968
0.0002040432060650856
8.642726209336977e-05
1.46860380298479e-05
3.132040753887259e-06
4.832785175517346e-05
0.0001306398511845209
0.000220639515211769
0.0002884353791074104
0.0003129567213834199
0.0002884142154631655
0.0002257642132595269
0.0001488826174718506
8.644799953105921e-05
6.230577402100051e-05
8.737308638907292e-05
0.0001556744245529417
0.0002459795419522071
0.0003285490216812018
0.0003748886945075856
0.0003674429584819548
0.0003059895090425695
0.00020852487273325
0.0001062636699653714
3.406755245789874e-05
1.937119414524801e-05
7.303334131554011e-05
0.0001851648539153436
0.0003273998524233763
0.0004610223654060435
0.0005486102675886424
0.0005654163281761488
0.0005070366769565919
0.0003907947305379654
0.0002503440073586313
0.0001251255237208966
4.809540118263538e-05
3.550788147623438e-05
8.216412142063316e-05
0.0001636797727418668
0.0002450586862502013
0.0002928464225269243
0.0002868517367234389
0.0002275845068391281
0.0001368131630785619
5.090868181737188e-05
8.977842143601921e-06
3.960663451261644e-05
0.00015042999806129
0.0003241636255188931
0.0005224769708708261
0.0006967429569495055
0.0008024167526973117
0.0008124521394893916
0.0007256379284682343
0.0005670636772682047
0.0003804737470454985
0.0002149449083148113
0.0001100648206832232
8.422966216744206e-05
0.0001299714693253517
0.0002175566381125828
0.0003058252174553083
0.0003566122123969462
0.0003480019065205623
0.000282123583474282
0.0001846663087897345
9.642070195514192e-05
5.928836466028886e-05
0.0001015536581141154
0.0002271321081446166
0.0004125801205198246
0.0006130223038076393
0.0007752938912560149
0.0008542870914986537
0.0008273380310475402
0.0007018698996094102
0.000513929468223869
0.0003176464802779125
0.0001690259456544976
0.0001089763235476179
0.0001508989192783068
0.0002768392070688875
0.0004434206701708398
0.0005956404037645021
0.0006844432653589849
0.0006822034074093612
0.0005914573751044023
0.0004439100175831871
0.0002900996816158197
0.0001828977218779064
0.0001601620788374191
0.0002320977518316356
0.0003774069853652414
0.0005497764131463008
0.0006925963416264733
0.0007575419266167948
0.0007211521498893948
0.0005939042644003794
0.0004188902777454524
0.0002599355514491333
0.0001827562305759142
0.0002345070797842221
0.0004280314307755255
0.0007357277517829697
0.001095054212232205
0.001424321911515417
0.00164453664222203
0.001700723583011276
0.001576910320596625
0.001300179583852969
0.0009330764670469203
0.0005560855150637644
0.0002459864795633236
5.579918217207187e-05
2.373559412662671e-06
6.477025843687001e-05
0.00019373443742809
0.0003289572961798388
0.0004187155620645348
0.0004359183217424017
0.0003856022960743755
0.0003018198559796579
0.0002349196487777455
0.0002333835296652769
0.0003259412876152628
0.0005097481109578383
0.0007486082481189113
0.000982172330068747
0.001143685509469617
0.001181265219144541
0.001076237135765798
0.0008527989368073021
0.0005756432547752036
0.0003353014118981354
0.0002248508767323949
0.0003138683847715072
0.0006269561501428358
0.001132872956653496
0.001747795795979726
0.002352567073943347
0.002819963971630911
0.003045315624646512
0.002972714194188454
0.002610150781121113
0.002029261899584648
0.001349907372130782
0.0007127810967456153
0.000247102056479965
4.096741037527179e-05
0.0001218842626448723
0.000451846228223917
0.0009381137969323338
0.001456771340710555
0.001882951609919968
0.002120245848568231
0.002122313777076652
0.001901122676260752
0.001520706960561159
0.001078255742460827
0.0006777414528975752
0.0004030486357840416
0.0002974471664553678
0.0003546039556371841
0.0005231066027828852
0.0007231330520791244
0.0008705772484253077
0.0009022496770977942
0.0007952621312683636
0.0005754152902113469
0.0003120958598828733
0.00010066959402541
3.664365010785272e-05
0.0001881057241770274
0.0005735920355154023
0.001151453896782854
0.001824227926219811
0.002457706568404837
0.002911259644231311
0.003072506076732931
0.002888404819978855
0.002385207997655195
0.001671428832290037
0.000922370489834806
0.0003475564094157084
0.0001477102307478589
0.000469526650751977
0.001367857649862033
0.002784007891863647
0.004545747833855421
0.006390862544036881
0.00801097048830793
0.009108726609132143
0.009457529541257836
0.008953503731005077
0.00764804533013826
0.005754291133077127
0.00362447586883667
0.001699836268969823
0.0004404055749292267
0.0002454047840908242
0.001377375022608477
0.003902573457793498
0.007659769463122704
0.0122632388209908
0.01714291188859515
0.02161767177206078
0.02499387916701213
0.02667596990496065
0.02627506670183099
0.02370032282320316
0.01921994371128127
0.01348333854713857
0.007495973979138932
0.002552082546113328
0.0001269172447345306
0.001740484074648827
0.008805541684650767
0.02247517058566037
0.04350544821522673
0.07214710646372666
0.1080793835879884
0.1503817077032711
0.1975746395279681
0.247692390315627
0.298405569540022
0.3471768580453953
0.3914371156564465
0.4287667830860891
0.4570724324797079
0.4747383108853246
0.4807425402322317
0.4747378355384183
0.4570730083742478
0.4287673188572508
0.3914376864019388
0.3471776312832012
0.2984064151288446
0.2476932372302239
0.1975753760844818
0.1503799110022916
0.1080778664339069
0.07214757893687693
0.04350579790109891
0.02247544673345517
0.008805693599823373
0.001740554082567465
0.0001269074041637365
0.002552031156522238
0.007495904428926771
0.01348356985463922
0.01922013899379988
0.02370025935859503
0.02627504138919958
0.0266759791601942
0.0249939159623355
0.02161773521248767
0.01714294795538227
0.01226330219515468
0.007659597805529341
0.00390244999510164
0.001377294024710414
0.0002454107429865719
0.0004403939231542524
0.001699816010367393
0.003624445885896417
0.005754263989332154
0.007648014281935682
0.008953507684524182
0.009457524758169298
0.009108700525482414
0.008010998632633361
0.006390888200382202
0.004545775959407598
0.002784034422315018
0.001367877184240523
0.000469535336737368
0.0001477094643498742
0.0003475704091819577
0.0009224021893709298
0.001671459331651873
0.002385195008374246
0.002888407889566652
0.003072490692572674
0.002911260384547029
0.002457710055616228
0.001824234335094222
0.001151465021328799
0.0005735681495007213
0.0001880953802096087
3.664228918465791e-05
0.0001006674153728104
0.0003120923416687899
0.0005754103561809465
0.000795260579698613
0.0009022479396963148
0.000870587787643236
0.0007231335808444361
0.0005231025053284272
0.0003545998964040313
0.0002974472809633361
0.0004030474909006333
0.0006777393369063665
0.00107824914313179
0.001520695091478426
0.001901118703773644
0.002122312680557987
0.00212024187991468
0.0018829133598732
0.001456765116819492
0.0009381208674690139
0.0004518516463826226
0.0001218883128418829
4.096608892916691e-05
0.0002470943767467761
0.0007127779243863699
0.001349901743295816
0.002029284690560971
0.002610162657155998
0.00297273471111404
0.003045316213199512
0.002819969250899733
0.002352572385226174
0.001747799537519935
0.001132882931994471
0.000626962784894987
0.0003138706716265225
0.0002248506617952623
0.0003353085915045265
0.0005756396153671143
0.0008527954797393833
0.001076235773926008
0.001181263956897345
0.001143688956711598
0.0009821741351606617
0.0007486182775363332
0.0005097412377492588
0.0003259317427060744
0.0002333797658378181
0.0002349168698049949
0.0003018215730103062
0.000385602158581774
0.0004359208650420235
0.0004187191024035496
0.0003289570560894902
0.0001937351861624325
6.476511687735157e-05
2.37298661803442e-06
5.580392271440382e-05
0.0002459829106756103
0.0005560831641514408
0.0009330710522941186
0.001300174265476119
0.001576900937875148
0.001700719811499186
0.001644531782296843
0.001424312079978557
0.001095042453907059
0.0007357352246961346
0.0004280370896163739
0.0002345089981613769
0.0001827565811570495
0.0002599317643963524
0.0004188855545722925
0.0005939044406343845
0.0007211574845112095
0.0007575428082094211
0.0006925920656106142
0.0005497753807254837
0.0003774091230248302
0.0002320983379393796
0.0001601627178731729
0.000182895890322821
0.0002900955119264498
0.0004439038409547644
0.0005914614256125241
0.00068220415019614
0.0006844444351043924
0.0005956447342506971
0.000443419630634863
0.0002768418782927896
0.0001509000698117443
0.0001089762557108817
0.0001690246968501911
0.0003176401723633968
0.0005139390064726641
0.0007018757029927682
0.0008273337509647503
0.0008542869374555687
0.0007752940047411686
0.00061302386417499
0.0004125859912565791
0.0002271355203681741
0.000101554350028577
5.92881192022915e-05
9.642003779787315e-05
0.0001846721071859375
0.0002821226192518872
0.0003480021553629571
0.000356612241720708
0.000305830269678909
0.0002175585290130546
0.0001299714808698855
8.42315668405488e-05
0.0001100659055978068
0.000214951067465442
0.0003804734207685817
0.0005670610550935857
0.0007256351288114963
0.000812450006250281
0.0008024135698600507
0.0006967486922707338
0.0005224783404549742
0.0003241673329790852
0.0001504244108024305
3.960398335949131e-05
8.977885093535178e-06
5.090802176302076e-05
0.0001368101039187914
0.0002275829521211304
0.0002868518880613148
0.0002928481444122309
0.0002450630714684635
0.0001636769992988382
8.21613817899648e-05
3.550581752521744e-05
4.809480998234868e-05
0.0001251255137731923
0.000250338627495471
0.0003908050851380609
0.0005070373015051155
0.0005654135355126566
0.0005486107641910528
0.0004610194203278268
0.0003274023512597831
0.0001851650028343002
7.304100997891729e-05
1.937174749240562e-05
3.406993225177322e-05
0.0001062619509129082
0.0002085350199719773
0.0003059897556822227
0.0003674470284261975
0.000374886334319855
0.0003285465346102633
0.0002459854515662822
0.0001556744501290624
8.737077332110635e-05
6.23057189400867e-05
8.645083633113422e-05
0.0001488839541379339
0.0002257694857397451
0.000288408088508863
0.0003129516269814991
0.0002884401732269452
0.0002206416315719141
0.0001306463814755197
4.8328965372917e-05
3.131171132524277e-06
1.468602204888174e-05
8.6431062401797e-05
0.00020403933902613
0.0003392805401102508
0.00045787597569725
0.0005293866757917346
0.0005356817166735392
0.0004759579229644984
0.0003666020199055476
0.0002361932381690662
0.0001170858524894201
3.63481883571256e-05
8.43055629880963e-06
3.189359261767311e-05
9.084798035812463e-05
0.000160544856660773
0.0002153704542007056
0.0002366537101742581
0.0002181030546053193
0.0001672360762081994
0.0001025716461630362
4.747279206752094e-05
2.272308279967905e-05
3.99199957753072e-05
9.782202924909292e-05
0.0001825616140660833
0.0002716457766094428
0.0003405625501958295
0.0003698657857358867
0.0003508754678916007
0.0002881754915698209
0.0001983618650696044
0.0001053966950033755
3.399479565361692e-05
2.843193870926193e-06
1.968939902070255e-05
7.946215438481702e-05
0.0001659560605324132
0.0002564499101888032
0.000327981894973923
0.0003633375293179051
0.0003553427586067452
0.0003082179556286621
0.0002357952598193234
0.0001573100621283169
9.189407145081575e-05
5.354314712617334e-05
4.768564919690906e-05
7.043019982279336e-05
0.0001103765054207374
0.0001525050125686217
0.0001827680900019316
0.0001922341090313533
0.0001794573917353567
0.0001505735078951814
0.0001171657645368204
9.248461425619461e-05
8.733471517482935e-05
0.0001066280863603237
0.0001477331361467449
0.0002009918480877566
0.0002523430424022047
0.0002871810848658776
0.0002945704331165607
0.0002704552788779874
0.0002191574754745985
0.0001526032355595351
8.753283845425736e-05
4.133652604811582e-05
2.767724480051917e-05
5.288075602924713e-05
0.0001141340999617335
0.0001998907407181417
0.0002923793151920485
0.0003717172667173423
0.0004204601670865089
0.0004277151396482337
0.0003916536468300261
0.0003199824344813098
0.0002281916259651933
0.0001361308764316823
6.353095699502821e-05
2.572016994497403e-05
3.032496391589104e-05
7.57758426235497e-05
0.0001518344945270303
0.000241979410743261
0.0003271213546456584
0.0003897353767814436
0.0004174784278861644
0.0004056683064579767
0.0003579060535641668
0.0002850573783198154
0.0002026763003827554
0.0001275567186378813
7.425466424740186e-05
5.220445198687726e-05
6.400710020918595e-05
0.0001053215621818678
0.0001661048491403558
0.0002329778936757124
0.0002921539714472474
0.0003322161397292261
0.0003463214312354233
0.0003332471628711216
0.0002972922416046643
0.0002470235002092778
0.0001933016211219004
0.0001468984008073554
0.0001163918970311265
0.0001065752057825768
0.0001178090959007491
0.0001462597381305947
0.0001849777860803752
0.0002255543994699038
0.0002598861643251196
0.0002817649453916301
0.0002880168242192101
0.0002788252497792905
0.0002574797526654138
0.0002294478924210553
0.0002010746260498565
0.0001782555740815555
0.0001652676276638815
0.0001640196445182052
0.0001738761346285895
0.0001919327303464721
0.0002138507030999976
0.0002348175006817154
0.0002505879065044077
0.0002583456857954219
0.0002571599386986328
0.0002480825657282754
0.000233800588730002
0.0002179629576401344
0.0002043429149879474
0.000196065222915301
0.0001949227245724992
0.0002010709030940821
0.0002130549111381089
0.0002281373498259037
0.0002429621732847589
0.000254216324827647
0.0002593669642913274
0.0002571826845907959
0.0002479790586299478
0.0002335563151424056
0.000216837538955062
0.0002012683067633399
0.000190173997389955
0.0001860348623718113
0.0001900447058573992
0.0002018069750407547
0.0002194104838682773
0.000239754731964555
0.0002591113118738558
0.000273786160745484
0.0002808229766621273
0.0002785566353182584
0.0002669260195323425
0.0002475683175585855
0.0002235583650498111
0.000198936783869637
0.000178040557909753
0.000164790693593839
0.0001620342703543588
0.000171040946340781
0.0001912285777185394
0.0002202193100645448
0.0002541060638131411
0.000288109009360671
0.0003171870288778011
0.0003368712270334869
0.0003440004724584145
0.000337273470388818
0.0003175223695022955
0.0002877825908642448
0.0002528715614944337
0.0002188256240423995
0.0001919971635199672
0.0001780912046590217
0.0001812150488772611
0.0002031061964180344
0.0002426657008855814
0.0002959204346215802
0.0003564052634889252
0.0004161095024312874
0.0004665803643316283
0.0005003830416574519
0.0005123419257164267
0.0005006514644291178
0.000467315890954795
0.0004181477321205954
0.0003618677050707034
0.0003088174823620442
0.0002690882197178177
0.0002507658758759146
0.0002582842770191628
0.0002914814712112011
0.0003454026357877863
0.000411033578785721
0.0004768822265558851
0.0005310627931544347
0.0005635239315385876
0.0005680363835642284
0.000543393563494937
0.000493641133150122
0.0004273472836399668
0.0003557082050275614
0.000290437305440696
0.0002411979697865376
0.0002138265959804818
0.0002091592041318117
0.0002230943994139824
0.0002477252638530858
0.0002732662639014039
0.0002903534263036228
0.0002922065426660986
0.0002760196017936082
0.0002434547243536992
0.0001999764785684214
0.0001533204487842113
0.0001114351878553828
8.059368516920161e-05
6.386162375934961e-05
6.064528908393356e-05
6.708999302551302e-05
7.739245609299075e-05
8.551368363907706e-05
8.683405260185912e-05
7.932484573080753e-05
6.388341671184172e-05
4.387479866545211e-05
2.39473568872784e-05
8.652157317623822e-06
1.203883035285267e-06
2.815111750587062e-06
1.270064042384046e-05
2.872060208857267e-05
4.835940085669078e-05
6.957510718969773e-05
9.126884771555507e-05
0.0001130857991702569
0.0001346936768825967
0.0001548848868138679
0.000170926641274328
0.0001786806535296282
0.0001736301669061838
0.0001528506268217774
0.0001172611419785612
7.340659772294688e-05
3.401872208200064e-05
1.674263712098131e-05
4.081496459929748e-05
0.000122323406421333
0.0002690935678468692
0.0004765416490981769
0.0007261129359699234
0.0009868093334920768
0.001220422531783836
0.001389264292375988
0.001464826594681746
0.001435220128383823
0.001309358362261365
0.001116469725093339
0.0009007682038640762
0.0007119834356473872
0.0005944065531782162
0.0005764350719856389
0.0006639634072836251
0.000838698389722538
0.001062477734523106
0.001285932688906492
0.001460302026705529
0.001547774900564262
0.001530003671875707
0.001410622896169143
0.001212881819239043
0.0009729260902610608
0.0007304868743047829
0.0005200016528873865
0.0003643856077787253
0.0002724459747308053
0.0002404019797417268
0.0002559908145071729
0.0003036763085741568
0.0003688278837879971
0.0004396610450443611
0.000507072779578323
0.0005627676557428753
0.0005974893442974352
0.0006008565783064209
0.0005634112068651707
0.0004809638811680909
0.0003593204755078579
0.0002174888753754419
8.740543979274268e-05
8.571677952141361e-06
1.856073977531083e-05
0.0001412271541766949
0.0003763346702466626
0.0006940639324416678
0.001037600279216754
0.001333887415920213
0.001511430652526433
0.001520265937425677
0.001348985263231081
0.001033030955554132
0.0006514766368474761
0.0003108038681724399
0.0001203692686264771
0.0001641254144961802
0.0004771045423832527
0.00103292090301057
0.001745923567242216
0.002489136729480734
0.00312236854029166
0.00352487044429188
0.003623090297770459
0.003406617579443614
0.002928648847607505
0.002290806470167083
0.001616966943974173
0.001023926000627934
0.0005955194189306643
0.0003682064163328308
0.0003294485358277859
0.0004290837621764746
0.000598276046303238
0.0007702161315783208
0.0008959009476024642
0.0009516998610381761
0.0009374930214709336
0.0008682734401803874
0.0007637112283751823
0.0006401841638515569
0.000508851273190526
0.0003797453996914232
0.0002689259024620111
0.0002048597188547534
0.000228507798301519
0.0003854839950129714
0.0007103074729120435
0.001207499246701348
0.001836905425055339
0.002509021910115583
0.003096712005980924
0.003462482436124287
0.003495471125408087
0.00314994524773525
0.002472172836361076
0.001605307152207835
0.0007689703577807309
0.0002123858389469732
0.0001540334381195965
0.0007202115969298964
0.001901171574152038
0.003537398313132927
0.005344562892570722
0.006970276785351425
0.008075320333547062
0.008414038302215635
0.007898239980914558
0.006623809006059213
0.00485288162756442
0.002955977510918891
0.001325787693726428
0.0002844622670955543
1.004530175087914e-05
0.0004969645446525318
0.001563201976552775
0.002900561653540949
0.00415380049771885
0.005009149386226107
0.005268059393406683
0.004888868586238587
0.003987174552908242
0.002796967871648659
0.001604429302578345
0.0006757661978816151
0.0001949234428140435
0.0002301184013429325
0.0007326595484108636
0.001565864485314913
0.002552679025098418
0.003524247759510633
0.004357500944538491
0.004990228905494803
0.00541344840282096
0.005648176399957475
0.005718625091678092
0.005635336796877527
0.005394965725575721
0.005000460464163538
0.004491535516409832
0.003974003166273792
0.003629651911775961
0.003698060042985006
0.004425347322964878
0.005989387518449539
0.008421349557247259
0.01154654778940996
0.0149715501145393
0.0181280904045985
0.02037772748795059
0.02115731577264995
0.02013216307841725
0.01731865941766903
0.013137862354199
0.008372706794448676
0.004033386656981486
0.001141943225954346
0.0004937033388995057
0.002441205577201629
0.006765756477995553
0.01267322032606488
0.01893473493936402
0.02413997946360909
0.02702926037177027
0.02681127926007821
0.0234021914480826
0.01751193304077325
0.01054317759503109
0.004317365993410279
0.0006688404999372163
0.001000032106038728
0.005902381583280172
0.01493675157743762
0.02663585057209741
0.03876280622596533
0.0487614387146548
0.05434020941187413
0.05403277186803145
0.0476287627524571
0.0363438611482507
0.02268657423136441
0.01000059161467372
0.0017941911245507
0.0009522330027891316
0.009031788205254413
0.02578544426543707
0.04903883136861718
0.07500052037801276
0.09892779398855776
0.116081314754889
0.1227608136836639
0.1171827620096407
0.1000451411696399
0.07460092556330886
0.04617921624399115
0.0212573074205119
0.006169221131574535
0.005780553334232184
0.0223223018121238
0.05470379889187828
0.09843700740733043
0.1462952964274361
0.1895447154562559
0.21966353827987
0.2301077707790521
0.2178846387928982
0.1845186758623298
0.1362088174475113
0.08301635785598584
0.03724797755158856
0.01114002827197456
0.01438383028535456
0.05183375617727005
0.121934602414204
0.21627600932569
0.3203657130746477
0.4158461366234861
0.4836391391024489
0.5078313317239136
0.4795329998223518
0.4000788541566077
0.2829328862479814
0.1539176576049108
0.04930781435585723
0.01217006580325076
0.08698448548140439
0.3134633357979353
0.7201539193784012
1.319160898619692
2.10197075880481
3.038500761634583
4.077652243071036
5.152053309601368
6.18344793186493
7.091545948474763
7.80179114539709
8.254026474209956
8.409294626004247
