# RCS in m**2 for a L=5 cm PVC cube at 0.0 degree aspect angle
# frequency = 87.25 GHz, 
# theta = linspace(0, 6.2832, 1441)
# phi = linspace(0, 0, 1  1)
13.79210004058474
13.56511221971276
12.90188378135318
11.85384168562246
10.50073916102891
8.942579391967175
7.289570886867867
5.651451054731987
4.127252798247496
2.796776983262655
1.71456721085439
0.9069793231958135
0.3725160566355684
0.08515735062433596
9.416595146322214e-05
0.0610154823275192
0.2079287643658906
0.3845295433262485
0.5442372307292093
0.6542672822093099
0.6974275657980991
0.6716189635131197
0.5873855178902463
0.4640462703744897
0.3251258039630231
0.193814049496839
0.08911679707899597
0.02319701817409152
0.0001691470084986071
0.01637156777929704
0.06190564123451698
0.123050034389399
0.1850587450019957
0.2348345894696528
0.2630412029430419
0.2653439033940057
0.2426520601020112
0.2004189264839801
0.1472010584339203
0.09280160052538403
0.04636829610913193
0.01478358261205656
0.00161139303766337
0.006745730882644876
0.02676106673677494
0.05584104606132736
0.08706666479082129
0.1137938166618343
0.130857535745575
0.135394709741456
0.1271614573889955
0.1083315991420808
0.0828574518702143
0.05555519888341374
0.03111138803052079
0.01320962317017725
0.00393381037282347
0.003538750190265642
0.01059518795968189
0.02244652396853488
0.03585530887263496
0.0476937999154242
0.05553492748877091
0.05803719990503151
0.05506954288159889
0.04757894825037805
0.03725635525980103
0.02610017002586501
0.01597109057811932
0.008239250303041505
0.003585941490306179
0.001976578578848247
0.002791930671365353
0.005062938314139232
0.007742620813645574
0.00994776112945858
0.01111904155196401
0.01107703741823821
0.009976768345206903
0.008191360618108314
0.006165593987739436
0.004284396064154285
0.002788287463566283
0.001751598471737717
0.001117235365489905
0.0007670481911647084
0.0005982133428356573
0.0005773413780266292
0.0007538801072838156
0.001230580656037555
0.002103212789774926
0.003392627657116754
0.004996308860650491
0.006679121344756067
0.008112770761925334
0.008955878360137393
0.008953860484917952
0.008029653233714054
0.006335234193732926
0.004245458170510753
0.002288991249526148
0.001030334009702537
0.0009297395681844003
0.002218277785997549
0.004821018068106218
0.008351452563623848
0.01218208945154993
0.01557761146946464
0.01785780498861446
0.01855280537746781
0.01751192271558829
0.01493753835626596
0.01133802117507608
0.00740999862722043
0.003879570060378694
0.001341110736119544
0.0001332040280635301
0.0002793393670860443
0.001505610493703223
0.003327094727460305
0.005178720656691903
0.00655482095538451
0.007124641659833758
0.006794042158874015
0.005704754719650499
0.004174190431702159
0.002597646565864674
0.001339640158415114
0.0006445898166393563
0.0005876628758700899
0.001074914943849481
0.001887562125356406
0.002754173109642575
0.003428106968039608
0.003748043422847912
0.003667918442036643
0.003250299573091297
0.002630598649448562
0.001966154598523069
0.001386966055272856
0.0009639368873503721
0.0007007763908068773
0.0005510232498337096
0.0004495873996433613
0.0003468986316936313
0.0002326148035807093
0.0001403830454906044
0.0001325673739448633
0.0002708659761555032
0.0005842279343676823
0.00104622077525284
0.001571446283894445
0.002033885485213215
0.002302794029772189
0.002285027795820827
0.001961310466786618
0.001402269802359229
0.0007593774453878393
0.000230256614096498
7.531616530045705e-06
0.0002252840913842661
0.0009180772815213926
0.002004980351353167
0.003303818223628258
0.004572179377730403
0.005565313559100678
0.006094298758118168
0.006070075917079388
0.005521802602671964
0.004584638230767589
0.00346265517999323
0.002375884882423697
0.001507505309914163
0.0009644925740040848
0.0007610197451019351
0.0008272784751188548
0.001039337588407959
0.001259664076366992
0.001376348603939397
0.001330579558811604
0.001125282692365451
0.0008147759415537725
0.000481271370358496
0.0002053190298889661
4.115234868937328e-05
3.087687372226622e-06
6.629870804857028e-05
0.0001801592869199794
0.0002884341302922912
0.0003489586034792944
0.0003463380863833023
0.0002938153170556799
0.0002245868437259448
0.0001763747374628655
0.0001752071539236695
0.0002243736971725196
0.0003027777115970397
0.0003730572552241792
0.0003969095489532557
0.0003521752022655166
0.0002453163304428416
0.000114929109411994
2.404451365939647e-05
4.304562820008774e-05
0.0002281086597266555
0.0006015748122139449
0.001140533265996727
0.001777433062618818
0.002413212441322022
0.002939844973294071
0.003266107303250102
0.003340222958089222
0.003162056664343967
0.002782973473064173
0.002292875265620828
0.001797601648985666
0.001393827515555918
0.001147034837633219
0.001078508157856298
0.001164330243266488
0.001345153665406649
0.001544406953141944
0.001688887049359849
0.001726286062118795
0.001636097407917243
0.001430651968369178
0.001147905968591518
0.0008386570950679514
0.0005520231103897152
0.0003235655482023427
0.0001689084993456474
8.390338494199264e-05
5.019801229395875e-05
4.403437169388516e-05
4.491044241421776e-05
4.156318280472606e-05
3.365536308437779e-05
2.921961429370011e-05
3.916358197158676e-05
7.110982773087665e-05
0.0001248664112857136
0.0001910663999066903
0.0002535520813344039
0.0002944833603244265
0.0003005836132436505
0.0002682747164520214
0.0002059436205770707
0.0001325402520190634
7.251595826376537e-05
4.898199484137686e-05
7.662557682643322e-05
0.0001568499838222475
0.0002764068236147804
0.0004103013252520849
0.0005280173762060549
0.0006014370455723516
0.000612644480903433
0.0005588956577229553
0.0004539802561328758
0.0003252241059525318
0.0002068352654226458
0.0001317183329169402
0.000123297375347193
0.0001898363166547901
0.0003224169625042861
0.0004970990235329265
0.0006805951446072976
0.0008380444570033741
0.0009409447091515055
0.000973301088653147
0.0009347757982789782
0.0008399939938997612
0.0007145645084189399
0.0005888732542561649
0.0004911310066159475
0.000441318934552171
0.0004474974082686253
0.0005048395236627811
0.0005977415410564661
0.0007039478380358588
0.0007998912303227971
0.0008657083604155372
0.0008890607021018108
0.0008668895982081514
0.0008050582209595038
0.0007160831835276552
0.0006158227271335946
0.0005198362564773431
0.0004402762758920317
0.000383995083754815
0.0003520117113998903
0.0003402745123756928
0.0003414266040501134
0.0003469112705591134
0.0003490067472547468
0.0003423389502484407
0.0003245661758665406
0.000296285823825512
0.000260373467830945
0.0002209411473403689
0.000182256218453133
0.0001478727020331824
0.0001201131042804979
9.998380882621993e-05
8.732011910038371e-05
8.117401126153406e-05
8.022310590361383e-05
8.306392366295443e-05
8.839124701413004e-05
9.509724493688082e-05
0.0001021664183558864
0.0001086748299141568
0.0001138105982156237
0.0001169284487725729
0.0001177060986214065
0.0001163260804829837
0.0001135354474374868
0.0001106655060505113
0.0001094087115139171
0.0001115535809042588
0.0001185689452718795
0.0001312116685440351
0.0001492635198407713
0.0001714432344903423
0.0001955471202511936
0.0002188150459255625
0.0002384711437298661
0.0002522842466161637
0.0002590415782859412
0.0002588594843431062
0.0002531803739352174
0.0002445258576930693
0.0002360714450781349
0.0002307934481370129
0.0002310645057307221
0.000238005623206545
0.0002512961990401299
0.0002691939296727497
0.0002888776204899388
0.0003070878357033563
0.0003207652245545684
0.0003277260148952128
0.0003271294285017864
0.0003196762347977598
0.000307451728807238
0.0002934998644342209
0.000281166709508534
0.0002733706054078178
0.0002719601364786819
0.0002772948136354819
0.0002881422011421367
0.0003018960995554457
0.0003151896095624756
0.0003245533025030852
0.0003272529935429364
0.0003219040883943612
0.0003088591578150298
0.0002902115283875959
0.0002694313058023454
0.0002506677342885879
0.0002378552577304432
0.0002338612205149359
0.0002397800909196235
0.0002545805846582273
0.0002751914164961318
0.0002970217836550184
0.0003148743370123087
0.0003239890373557672
0.0003211276046098276
0.0003053256586261282
0.0002783045225765711
0.000244298054622637
0.0002092943059804616
0.0001799578902501383
0.0001622535878006342
0.0001601784821233071
0.0001747724137856248
0.0002037324403007341
0.0002416453530026842
0.0002809323165937881
0.0003132512988712397
0.0003311959422816022
0.0003298632362182647
0.0003080380169470846
0.0002686349757023171
0.0002183651774224829
0.0001665304959971915
0.0001232643028411301
9.746611063960406e-05
9.489560276064536e-05
0.0001168147432614757
0.0001594926968970539
0.0002147698993824499
0.0002715209249893683
0.0003178866670101188
0.0003437108057341184
0.0003427547239503616
0.0003142062890823917
0.000263001752552525
0.0001990567111549281
0.0001352794395743143
8.494251995404041e-05
5.880811797338629e-05
6.272430006276842e-05
9.62033234685155e-05
0.0001523317888873153
0.0002191019529829174
0.0002819227205680068
0.0003267775060526663
0.0003433881742109283
0.0003275901480126217
0.0002824442117896525
0.0002177145602388059
0.0001477933323669494
8.852764041261804e-05
5.356709719842551e-05
5.115622364161658e-05
8.208081440213354e-05
0.0001393040668745886
0.0002094486931786636
0.0002758103003409877
0.0003222805641170406
0.0003372411788192845
0.0003164670551121724
0.0002643801388523723
0.0001932470168568416
0.0001203804804609803
6.409635308585734e-05
3.924583042176293e-05
5.346137674997517e-05
0.0001050595599643589
0.0001831427082286403
0.0002699892824157879
0.000345169721397421
0.0003904667561919263
0.0003943788379844641
0.0003551009114042
0.0002811925997800527
0.0001896847796186417
0.0001020980410835012
3.92453279873715e-05
1.616747241136203e-05
3.840657174477364e-05
0.0001005919485497162
0.0001877687600128555
0.0002790104468796189
0.0003526730368455405
0.0003916056828170595
0.0003873185334775501
0.0003418824567881912
0.0002669954873869635
0.0001807501870173037
0.0001027381734487053
4.893287418304146e-05
2.771617502589018e-05
3.813699205278547e-05
7.078504501718857e-05
0.0001110474701154643
0.0001437392608881821
0.0001577693228151437
0.0001494570684123274
0.0001235204767372385
9.137359191554378e-05
6.734863601350642e-05
6.380829985382905e-05
8.679684143447438e-05
0.0001335039138052496
0.0001925052893393589
0.0002467899644808821
0.000278844695667514
0.0002763171235752399
0.0002365145925239466
0.0001684122692586586
9.110957948849133e-05
2.927079028455972e-05
6.391294760261231e-06
3.788608314698194e-05
0.0001259358655727074
0.0002577071747866488
0.0004076246549773836
0.0005433359574299532
0.0006338384456045907
0.0006575672916596175
0.0006083030422782179
0.0004970142016379552
0.0003492829681485144
0.0001986632152019835
7.794579197536875e-05
1.066056709896516e-05
5.23956640411604e-06
5.338361649616709e-05
0.0001332001624367088
0.0002160688973745529
0.0002752884544577644
0.0002939316449308242
0.0002695854919232495
0.0002145962347007141
0.0001517921400124383
0.0001069630303731076
0.0001004111832402683
0.0001401711417163989
0.0002190616993390538
0.0003164380267195825
0.0004042512026691531
0.0004555831867650202
0.0004530441661097058
0.0003944463399687679
0.0002939366265447809
0.0001781965249806941
7.870046369187563e-05
2.242974660395181e-05
2.37884751921258e-05
8.026647309938357e-05
0.0001731730611922327
0.0002732696435032455
0.0003496496300662772
0.0003791280917118486
0.0003532286808095982
0.0002806389756393727
0.0001843434992765598
9.426067038760537e-05
3.773010508217806e-05
3.082352453992376e-05
7.324146115353974e-05
0.0001484696938502106
0.0002292144763251769
0.000286462820430871
0.0002993022986807972
0.0002624019600160846
0.000188564400502134
0.0001054874530174705
4.749423731903505e-05
4.470569508466832e-05
0.0001129696650389716
0.0002477733070596416
0.0004241580802479624
0.0006028993275829415
0.0007411955132602883
0.00080490738578733
0.0007784713752040512
0.0006696912708695528
0.0005076161380436226
0.000334375758834066
0.000193071376424625
0.0001155187551790051
0.0001134290767126265
0.0001756823836231908
0.0002724876565592991
0.0003651436170307765
0.0004183886614999975
0.0004114774645682467
0.0003446166151978305
0.0002388227299211236
0.0001291380602363556
5.343612630462591e-05
4.021114176173034e-05
9.923696391479817e-05
0.0002179506893128246
0.0003648310549003533
0.0004986822846152845
0.0005810623879705412
0.0005880112658406415
0.0005174153902485705
0.0003898144238558069
0.0002422390734260619
0.0001170426167393306
4.917374384522277e-05
5.565142207614944e-05
0.0001307368828434011
0.0002480922912044074
0.0003693946123577541
0.0004566531988382722
0.0004844108804396731
0.0004479934594987151
0.0003651183144420774
0.0002703127465557649
0.000203737611122153
0.0001979054723038012
0.0002664173209861691
0.0003984186496842751
0.0005606728658280829
0.0007069557322719635
0.0007920933980883111
0.0007865480774084347
0.0006869791686832879
0.0005195168013508239
0.0003342091245518409
0.0001920908151265641
0.0001481109793996094
0.0002348860341104049
0.0004519325838353595
0.0007635758079819521
0.001106533957085656
0.00140527486375594
0.001591062395184026
0.001619598113064742
0.001482486147376727
0.001209287152642518
0.0008596153348919038
0.0005076597779532692
0.0002231705373101519
5.423538693694227e-05
1.647270336484199e-05
9.136254728339637e-05
0.0002339004852209501
0.0003872170412097102
0.0004997101256400762
0.0005397520299163953
0.0005038593690766818
0.0004160199859636205
0.0003186309005143907
0.0002578899186332052
0.0002680773271755755
0.0003595713422747162
0.000514256945888426
0.0006899265355614031
0.0008325812469504903
0.0008931193921158209
0.0008436590572402207
0.0006885128317389983
0.0004663607216788303
0.0002424194748527856
9.236907462792146e-05
8.198686247874559e-05
0.0002479954843639587
0.0005853891341155597
0.001045025603898264
0.001542611448249829
0.001977275702896745
0.002255226892277815
0.002312803967966008
0.002132782652029802
0.00174996018953371
0.001244197054551414
0.0007222967549069988
0.0002935126517401186
4.411247842432036e-05
1.763242624755808e-05
0.0002054440793778604
0.0005500214596972244
0.0009599274096201944
0.001332772554454543
0.001580378263603697
0.001649849479278705
0.001535171399681512
0.001277128333732355
0.0009508888520937785
0.0006452652809560457
0.0004387596742838627
0.0003786846920157611
0.0004687658511949924
0.000668571617000776
0.0009050070756627326
0.001092984927658937
0.001160188070330043
0.001069209435517738
0.00083136693390327
0.0005079903616838998
0.0001982629443180049
1.599670424543664e-05
6.047281189257251e-05
0.0003884385989679394
0.0009941730095016654
0.001803431216975059
0.002683404488376172
0.003467945812104396
0.003993007595842169
0.004135258792966119
0.003844885574883551
0.003165178109040012
0.002233372548698244
0.00126086822013093
0.0004962342030617983
0.0001763583923281579
0.0004762959512052671
0.001467184511096734
0.003091589493175752
0.005162463784722772
0.007387323095831425
0.009414955890565603
0.01089693022192775
0.0115534308913891
0.01123143935049027
0.009944394955050524
0.007884502764517872
0.005404408818509126
0.002969468027535475
0.001087214184739032
0.0002242862548508661
0.0007244708995482311
0.002741114037930318
0.006194915679327195
0.01076702801051895
0.01592829427964407
0.0210039259857384
0.02526545673842429
0.02803873427761621
0.02881360736882322
0.02734103057356416
0.02370413060066165
0.01835309056837837
0.01209978195810681
0.006066677068954748
0.00160025415546233
0.0001528484792997962
0.00314641602693932
0.01183126060450681
0.02715353741628016
0.04964453052107162
0.07934171969780339
0.1157513076555761
0.1578438889198128
0.2041114726930948
0.2526457568440877
0.3012567385065983
0.3476128986682158
0.389393796395347
0.4244438491313118
0.4509154684163093
0.4673931443846973
0.472986425089038
0.4673926341079144
0.45091548596812
0.4244442199894636
0.3893943905528132
0.3476135980826273
0.3012575511221574
0.2526463999863839
0.2041120706665597
0.1578420753344597
0.1157497932201881
0.07934213808891677
0.04964492200138066
0.02715382235102816
0.0118314359590668
0.003146509488879227
0.000152855142712018
0.001600212750101708
0.006066605239111861
0.01210003737934903
0.01835329971153772
0.02370405824234845
0.02734098104121528
0.02881360555834607
0.0280387597518352
0.02526550857846646
0.02100395051121605
0.01592836241256898
0.01076683291043018
0.006194765694370363
0.002740995460490107
0.0007244871355696381
0.0002242832200678848
0.001087194733367346
0.002969438220036669
0.005404368073807334
0.007884459304125103
0.009944378913499441
0.01123146911348783
0.01155342839914014
0.01089694415420116
0.009414981863719857
0.007387355162030311
0.005162497041108846
0.003091618602299972
0.001467205218676485
0.0004763076116413681
0.000176359728468359
0.0004962569209462315
0.001260902432306426
0.002233351796902424
0.003165175881632181
0.003844857318306167
0.004135247572236059
0.003993009722235214
0.003467949675219944
0.00268341623648981
0.001803390908071685
0.0009941530771866902
0.0003884172911169513
6.047609128986282e-05
1.599541732439341e-05
0.0001982568457140017
0.0005079816622908549
0.0008313620324418269
0.001069217574804367
0.001160184014681894
0.001092977777218622
0.0009049977115846749
0.0006685747028474664
0.000468768916459507
0.000378685833211469
0.0004387559340120712
0.0006452571970208136
0.0009508841662000894
0.001277125071612741
0.001535175938542236
0.001649826376079295
0.00158038726190774
0.001332774873907345
0.0009599320974965451
0.0005500261874311643
0.0002054504325752145
1.763404540381926e-05
4.411101489709571e-05
0.000293506585489427
0.0007223154238277954
0.001244209539177553
0.001749988401883244
0.002132777951384869
0.002312804024307252
0.002255227712765839
0.001977279546078175
0.001542623066624473
0.001045032039712019
0.0005853939382119291
0.0002479857147336746
8.198403022366922e-05
9.236822392008824e-05
0.0002424181537472366
0.0004663558336552675
0.0006885115359999088
0.0008436603249586117
0.0008931197300738148
0.0008325856917915973
0.0006899202084123502
0.0005142481311265363
0.0003595671819982574
0.0002680777664034584
0.0002578915455560777
0.0003186323705106961
0.0004160176715008386
0.000503856990656257
0.0005397493940692713
0.0004997092239934377
0.0003872150748335755
0.0002338932776342378
9.135676199179301e-05
1.647331771765767e-05
5.423385468679561e-05
0.0002231674103833713
0.0005076555923388831
0.0008596080158829691
0.001209277901480826
0.001482484386753623
0.001619598690368854
0.001591054496101107
0.001405277313315732
0.001106543926727916
0.0007635778190301522
0.0004519383377227319
0.0002348882371914309
0.0001481108114535586
0.0001920908293718607
0.0003342188809097793
0.0005195213554503418
0.0006869867890061057
0.0007865450863698872
0.0007920941384068118
0.0007069451961928865
0.0005606751114655051
0.0003984185304625922
0.0002664194944808703
0.0001979068895932365
0.0002037385202736367
0.0002703158564988709
0.0003651150105642358
0.0004479916110268282
0.0004844116195023074
0.0004566548723583554
0.0003693951824711522
0.0002480922937009142
0.0001307389725062483
5.565202017959909e-05
4.917465156472503e-05
0.000117048119053784
0.0002422348605530489
0.0003898116797412196
0.0005174155644757042
0.0005880087328915384
0.0005810674149508055
0.0004986836872183775
0.0003648314380732412
0.0002179456028461618
9.92326744714844e-05
4.021088357954683e-05
5.343570673926535e-05
0.0001291353955125807
0.000238822712004548
0.0003446152094652501
0.0004114757767784917
0.0004183888238106058
0.0003651440584856763
0.0002724852483159169
0.0001756794544096437
0.0001134296980889026
0.0001155181997704694
0.0001930690179939926
0.0003343705463704304
0.0005076108198232761
0.0006696861343661786
0.0007784713847008909
0.000804908499984137
0.0007411888262571179
0.0006028872322612758
0.0004241582742318945
0.0002477723959952052
0.0001129701835994048
4.470675177588483e-05
4.749428913908438e-05
0.0001054851204156517
0.0001885630462783741
0.0002624049693229965
0.0002993040428803915
0.0002864588531797509
0.0002292153648358407
0.0001484704175862622
7.324031247650189e-05
3.082209269823145e-05
3.772997627167561e-05
9.426396221964423e-05
0.0001843424495266602
0.0002806377698932554
0.0003532266000910073
0.0003791294047082633
0.000349652530495825
0.0002732712109704838
0.0001731651443633353
8.026760879948268e-05
2.378577210947719e-05
2.242967810417157e-05
7.870578186591953e-05
0.000178197284179749
0.000293942451889306
0.0003944410627722723
0.0004530441677519152
0.0004555819992406984
0.0004042521950213192
0.0003164359559610037
0.000219066377059982
0.0001401743736046526
0.0001004114802170645
0.0001069634736559491
0.0001517909031062694
0.0002145950255096426
0.0002695815638935304
0.0002939317112110997
0.0002752862360926526
0.0002160679044715312
0.0001331969855794246
5.338741899037128e-05
5.239410237416973e-06
1.065968508021672e-05
7.794367215537999e-05
0.0001986551559376492
0.0003492817700610221
0.000497018218585534
0.0006082959995086829
0.0006575685700449297
0.0006338357896659687
0.0005433316455734067
0.0004076209976670095
0.000257703633007938
0.0001259431416348308
3.788711359408687e-05
6.391606673629952e-06
2.926901110573559e-05
9.111321088519603e-05
0.0001684120927114043
0.0002365186913388724
0.000276316267562254
0.0002788441104772068
0.0002467930271198101
0.0001925061603645763
0.0001335090325570343
8.679957380444849e-05
6.380913733520857e-05
6.734868668780736e-05
9.137502592717009e-05
0.0001235180597486618
0.0001494600171807367
0.0001577707814053343
0.0001437376867567244
0.0001110497863602129
7.078398187830805e-05
3.813559607151807e-05
2.771603278710458e-05
4.89337249393644e-05
0.000102738116644304
0.0001807515161033318
0.0002669878267587103
0.0003418830412106329
0.0003873221006412508
0.0003916046657145813
0.0003526702420922335
0.0002790176598819369
0.0001877668678332512
0.0001005952419796802
3.840361641232979e-05
1.616776608697376e-05
3.924585032685902e-05
0.0001020941857463571
0.000189687159877497
0.0002811863188823961
0.0003551028388008883
0.0003943795543064636
0.0003904670005224954
0.000345169300659581
0.0002699936073928871
0.000183140652757597
0.0001050608686013055
5.346058301671054e-05
3.924498538213999e-05
6.409790842013636e-05
0.000120383827301458
0.0001932446998391789
0.0002643819332481954
0.0003164576929066493
0.00033723797137659
0.0003222812184520772
0.0002758069997438539
0.0002094552694226979
0.0001393059313367287
8.207648186651023e-05
5.115675767904966e-05
5.356753473447383e-05
8.852853653298367e-05
0.0001478001659098098
0.0002177107709007556
0.0002824455834239608
0.0003275848011845549
0.0003433868866248048
0.0003267832316216192
0.000281924283772171
0.0002190981810961117
0.0001523325821829527
9.620135052340849e-05
6.272408869154547e-05
5.880647208495876e-05
8.494282587404443e-05
0.0001352799907996603
0.0001990509071125233
0.0002630059986582965
0.0003142108936850399
0.0003427574709555429
0.0003437105346621879
0.0003178895022912303
0.0002715213115518826
0.0002147719403969902
0.0001594957243105297
0.000116815906216435
9.489486980289443e-05
9.746699273318493e-05
0.0001232636287933125
0.0001665309399052111
0.000218367910432589
0.0002686413823784027
0.0003080386440137581
0.0003298599910757581
0.0003311921095104316
0.0003132500606194912
0.0002809329927042077
0.0002416464348819648
0.0002037313687166737
0.0001747747754089368
0.000160178557218899
0.000162253621791438
0.0001799570710812805
0.0002092913347447849
0.0002442981699909977
0.0002783062986939755
0.000305326134074622
0.0003211273817856134
0.0003239892647817868
0.0003148720641303412
0.000297023011807438
0.0002751856834193993
0.0002545787498165219
0.0002397771457597452
0.000233862428950656
0.0002378553220955092
0.0002506714024457713
0.0002694297087960216
0.0002902130805998309
0.000308857081638958
0.0003219035889787975
0.0003272527058449184
0.0003245546655120587
0.0003151862958008831
0.000301896582633628
0.0002881347418438837
0.0002772959224898274
0.0002719620318675043
0.0002733719677725036
0.000281167808171869
0.000293502295980307
0.000307454605317983
0.0003196746927259489
0.0003271330450569067
0.0003277263205140127
0.0003207651341977907
0.0003070841005605167
0.0002888748583525546
0.0002691915763368194
0.0002512994797819926
0.0002380088674152618
0.0002310656560716933
0.0002307952591478715
0.0002360690728132919
0.0002445307605014916
0.0002531791946948311
0.0002588549193980277
0.0002590419424273216
0.0002522858394705663
0.0002384705858877233
0.0002188107685961355
0.0001955422315788433
0.0001714424261794312
0.0001492631041168727
0.0001312121522792571
0.0001185697108552957
0.0001115557401672348
0.0001094112581932132
0.0001106690927899505
0.0001135357106919787
0.0001163278615788295
0.0001177063194426216
0.0001169241978590832
0.0001138073662165627
0.0001086732129527436
0.0001021634271518488
9.509955971096679e-05
8.839619534898848e-05
8.306053273204689e-05
8.022347602882501e-05
8.117621411603008e-05
8.731799825337061e-05
9.998042013583964e-05
0.0001201111607775455
0.0001478725122663479
0.0001822562149128153
0.0002209399851787743
0.0002603731384412695
0.0002962876480066379
0.0003245648540734395
0.0003423502912629219
0.0003490099834138674
0.0003469002812865906
0.0003414230043550666
0.0003402789678949397
0.0003520074051452379
0.0003839975436076511
0.0004402646443148104
0.000519829735736694
0.0006158244493069695
0.0007160728855456445
0.0008050548323305778
0.0008668836861248696
0.0008890609538856254
0.0008657069594991672
0.0007998912316193021
0.0007039608357728416
0.0005977530443498699
0.0005048377961553353
0.0004475006643097361
0.0004413213089649068
0.0004911236338372995
0.0005888776148426004
0.0007145601997124233
0.0008399859777967315
0.0009347890939005414
0.0009733011206938971
0.0009409438598719081
0.0008380557601134436
0.0006805989346772477
0.0004971144788278069
0.0003224188730952986
0.0001898315193177932
0.0001232948969045927
0.000131720538812959
0.0002068403194659451
0.000325228096735984
0.0004539774140201004
0.0005588971008759798
0.000612636481503351
0.000601439204438036
0.0005280118011765536
0.0004103063016469062
0.0002763963250859851
0.0001568487540083584
7.66242846612036e-05
4.897913302146186e-05
7.251679342813924e-05
0.0001325343318925803
0.0002059637314527863
0.0002682701820398501
0.000300581858982781
0.0002944834530360359
0.0002535521375663617
0.0001910715582001096
0.0001248666800221684
7.11109230513272e-05
3.916445014656456e-05
2.921905149057299e-05
3.365420070250471e-05
4.156319999614303e-05
4.491108625704181e-05
4.403680279977396e-05
5.019514654964764e-05
8.389969442534481e-05
0.0001689139181014491
0.000323562186862472
0.0005520375284126756
0.0008386374747753366
0.001147897557744518
0.001430623950530323
0.00163609594985479
0.001726281346266357
0.001688848620958427
0.001544399130587872
0.001345139641731117
0.001164331500900101
0.001078513093384618
0.001147031144558186
0.001393812250813267
0.001797600929990406
0.002292893770480992
0.002782984894692761
0.003162062287240022
0.003340254867427857
0.003266129446820894
0.002939813102568544
0.002413212346090059
0.001777473142280443
0.001140533389336984
0.0006015657619592728
0.0002281088288575061
4.304030959359809e-05
2.404425973590887e-05
0.0001149342808524319
0.0002453074305306419
0.0003521803154103209
0.0003969299001001847
0.0003730578939731095
0.0003027861304564333
0.0002243735904056981
0.0001752083165616274
0.0001763729720800264
0.0002245867120861001
0.0002938083119392415
0.0003463340892156952
0.0003489625773070117
0.0002884295398405289
0.0001801637102744483
6.629865427756871e-05
3.085345862932776e-06
4.115012362715415e-05
0.0002053273898647853
0.0004812765104397055
0.0008148031023485998
0.001125267084367018
0.001330603626551936
0.001376373613199998
0.00125966520179873
0.001039311967274761
0.0008272789392015012
0.0007610145315583872
0.0009644761581948909
0.001507528452371664
0.00237587077812771
0.003462676097421006
0.004584586120603823
0.005521779419752097
0.006070045577499809
0.006094297758757921
0.00556530464170885
0.004572230979013454
0.003303736216985866
0.002005030738270976
0.0009180561235845316
0.0002252987546626388
7.530855678763746e-06
0.0002302327984767703
0.0007593773021424409
0.001402314764798449
0.001961318169018115
0.002285071190052469
0.00230279728714996
0.002033857339065598
0.001571457030420377
0.00104621388509368
0.0005842485050497586
0.0002708659126196193
0.0001325725261416428
0.0001403830688042646
0.0002326258666464363
0.0003468970723594899
0.0004495919831200789
0.0005510219166305364
0.0007007821349593676
0.0009639161120471392
0.001387053438995241
0.001966130315370436
0.002630598074390581
0.003250308707258299
0.003667881933613218
0.003748024381972108
0.003428100114131593
0.002754177506431013
0.001887597424252653
0.001074902546381579
0.0005876672962966729
0.0006445897268829408
0.001339727283062294
0.002597647272227755
0.004174295247294551
0.005704689201553648
0.006794044527292199
0.007124648524333237
0.006554814765456953
0.005178730792866822
0.003327095044713674
0.001505530605660366
0.0002793389302309819
0.0001332221701381711
0.001341065544525888
0.003879703351446777
0.007409991890536383
0.01133814121265579
0.01493737165065637
0.01751191334151775
0.01855279397038518
0.01785780284932365
0.0155774949643415
0.01218213942870234
0.008351269417518247
0.004821109817205424
0.002218244404640315
0.000929750996701679
0.00103035243378553
0.00228890389357849
0.004245457224653111
0.006335326761064953
0.008029602483486165
0.008953864333705165
0.008955844183418231
0.008112687846829907
0.006679159112385175
0.004996283843438618
0.003392706713829186
0.002103184127900433
0.001230563108528661
0.0007538850566485099
0.0005773530721528346
0.0005982095531093807
0.0007670401668963364
0.001117229709022399
0.001751649678842179
0.002788227338536926
0.004284379900701227
0.006165492791013337
0.008191358257142473
0.009976803997128103
0.01107692154648374
0.01111901845318756
0.009947766644373942
0.007742552264008829
0.005063001198322236
0.002791885713509936
0.00197658126238148
0.003585940920842017
0.008239517646036872
0.01597083316565477
0.02610046582058477
0.03725595914990917
0.04757866794936972
0.05506946052866113
0.05803732359096155
0.05553523121876767
0.047693799448185
0.03585469659852139
0.02244667850343222
0.01059477861728822
0.003538826058042625
0.003933902455509028
0.01320908227891388
0.03111171163531713
0.05555434264801769
0.08285748333504134
0.1083302388919567
0.1271613761440387
0.1353949754103768
0.1308574939097399
0.1137930352674296
0.08706739590302688
0.05584027279814224
0.02676199530193719
0.006745558220967042
0.001611169420504902
0.01478357634509537
0.04637003309083995
0.09280112591507274
0.1472028799622015
0.2004179933256103
0.2426528436298261
0.2653439216435984
0.2630411107357303
0.2348364402408316
0.1850583973575744
0.1230466621337085
0.06190601833202786
0.01637023725177563
0.0001691109465620453
0.02319824378957085
0.08911444001548356
0.1938162117521899
0.3251200040252664
0.4640470356382777
0.5873799962968662
0.6716185617824291
0.6974265831523231
0.6542686477573877
0.5442321224171071
0.3845343317621872
0.2079253253028271
0.06101961428188923
9.418889050698498e-05
0.08514848695605111
0.3725156184215453
0.9070109909520415
1.714554664252503
2.796822315582673
4.127217941400235
5.651490928935721
7.289513045005005
8.942605353835461
10.50066995398134
11.85384528448081
12.90193035152406
13.56510717637373
13.7921000292158
