# RCS in m**2 for a L=5 cm PVC cube at 0.0 degree aspect angle
# frequency = 90.75 GHz, 
# theta = linspace(0, 6.2832, 1441)
# phi = linspace(0, 0, 1  1)
6.886017488964233
6.758387966647868
6.386901508897579
5.804462448186973
5.061541549236783
4.22032880916651
3.347592187818776
2.50737498258983
1.754293261442218
1.128421643553942
0.6522675484066645
0.3301439158726238
0.1498607835844483
0.086334983239664
0.1064842514540174
0.1746216007057109
0.2575431825024438
0.328619153868578
0.3703897857216253
0.3754408411086808
0.345623477006207
0.2899150737217056
0.2214389441951368
0.1542168110562655
0.1002447352066778
0.0673529081705973
0.05813994855110984
0.07005561660577687
0.09648770692826629
0.1285452905964243
0.1571228864583785
0.1748152506294432
0.177317189290692
0.1640687164864515
0.1380740097898232
0.104992611535451
0.07173748874096258
0.04490158037760933
0.02935335086739884
0.02727714632897227
0.03784188954725851
0.05752943182794358
0.08102070857313515
0.1024270475429669
0.1165855310212029
0.1201431528727666
0.11220257123299
0.09441415895389972
0.07051489317637034
0.0454327571412051
0.02417236674814296
0.01072746467972322
0.007254302559248157
0.01367804189383414
0.02779959701995285
0.04586045565178448
0.06342597069534933
0.07637781652991481
0.08179867059803511
0.07855275452853704
0.06745172585657226
0.05098295965522676
0.03268287018668423
0.01630321560548675
0.004976337463473096
0.0005547877690038304
0.003272877490578344
0.01178806134289817
0.02357205680437405
0.03554925999691297
0.044817356140639
0.04928890527336736
0.04810485179066227
0.04174187636191293
0.03180667461604168
0.0205826548000606
0.0104548531088365
0.003351947136872598
0.0003373049259044625
0.001436564420969281
0.005723937588040132
0.01162806594247951
0.0173667479744951
0.02139498328704952
0.02275438098085938
0.02124854005894575
0.0174125667871322
0.01230430217621958
0.007184020790624236
0.003174547059213687
0.0009905846836038056
0.0008003707107608083
0.002243672971376568
0.004586771813844223
0.006959293456174915
0.008602868301591432
0.009061869640157632
0.008271487637318537
0.006527664422062935
0.004360738560056022
0.002357290511280212
0.0009873564173964551
0.0004852075768440276
0.0008140823546462205
0.001715937437164907
0.002822060417483661
0.003784411570260228
0.0043840529482103
0.004583514827748443
0.004511559117385048
0.004389876257209893
0.004431766413604078
0.00474925685984427
0.005301851872748829
0.005904495494960029
0.006291938874271648
0.006216722407609584
0.005548199454283463
0.004336021811354309
0.002816619635540785
0.001356260077856704
0.000347315696770122
8.91791496758013e-05
0.0006909811282238698
0.002027922321128071
0.003766624292113101
0.005453701438674624
0.006642539264353357
0.007020974229233938
0.006501468652350002
0.005246770593947942
0.003623936057770885
0.002098477108665187
0.001101902803984942
0.0009100130099030401
0.001567515091608351
0.002880433599441711
0.00447648234342639
0.005913944522878822
0.006806829424101581
0.006928510493157698
0.006266302939882056
0.005011761365027073
0.003494547901384688
0.002081053695266256
0.001070254497937872
0.0006168181536713163
0.0007026072070892169
0.001160854018174317
0.00174218789833475
0.002198292910308458
0.002356989417192898
0.002165925993725306
0.001694329417734923
0.001095901548340011
0.0005492622953875464
0.0001959075427734109
9.803936560922733e-05
0.0002273642345534533
0.0004866719618317629
0.0007536970780511354
0.0009302868924323839
0.000978645581283806
0.0009322026409254026
0.0008784009689329827
0.000920326230213279
0.001132069420182775
0.001524540976267494
0.002034416271417122
0.00254071513477808
0.002903595675647331
0.003012286205753439
0.002825364177151023
0.002389352076958596
0.001828666504980587
0.001309703970401165
0.0009901250457024214
0.0009699344546053402
0.001259872334395792
0.001777256221047096
0.002370796836063951
0.002866308696338056
0.003118558396856254
0.003053617828211577
0.002688509436007174
0.002122659982893888
0.001505302969623518
0.0009889005932500377
0.0006844410472373669
0.0006313879192487723
0.0007913597317100765
0.001065737161429316
0.0013308053653394
0.001477862969553195
0.001445870402549401
0.0012369298412277
0.0009105366413862954
0.0005602748043366876
0.0002816158380184694
0.0001415409609699674
0.0001597035966473611
0.0003065658522539742
0.0005174071627237176
0.000716574400761897
0.0008432949285321104
0.0008700000972502132
0.0008078772514313407
0.0006985399493072141
0.0005957239722163873
0.0005440957159776396
0.000562852090562861
0.0006396634622356918
0.0007368792609746464
0.0008073584062964513
0.00081391521459153
0.0007456082386560107
0.0006245690652040971
0.0005012921744381404
0.0004393183789280614
0.0004946068250527563
0.0006961056111799126
0.001034103494440515
0.001460029105475062
0.001898011393261402
0.002264659666646275
0.002491388854720133
0.002541899546624968
0.002420897580379676
0.002170617709124046
0.001857451875885644
0.00155281670009042
0.001313765211878652
0.001169431313607157
0.001116256906232294
0.001123226782951578
0.001144462238676456
0.001135071817677646
0.001064918258097809
0.0009269630745929984
0.0007375019355092893
0.0005293048209456314
0.0003403465050959527
0.0002017187130669442
0.000128734255106744
0.0001176662015852357
0.0001485951698562751
0.00019303186592383
0.0002236121756637431
0.0002226006732082929
0.0001865666226810866
0.0001261837822404481
6.147513305316024e-05
1.422306066455452e-05
4.005564776397483e-07
2.480695295090961e-05
7.964569318941554e-05
0.0001472519822625203
0.0002059820030987215
0.000237151606516818
0.0002309955879083384
0.0001895713161421634
0.0001260207181837215
6.041335848263608e-05
1.356442674929157e-05
7.516091485392956e-07
2.723953242845668e-05
8.688034838060561e-05
0.0001640948147470666
0.0002386278606322443
0.0002915128844931096
0.0003106061862876979
0.0002940256158640003
0.0002506986198803491
0.000197780670105683
0.0001559850982989615
0.0001439378548188567
0.0001732771804794321
0.0002457056606081527
0.0003527241619032081
0.0004779012772057049
0.0006011521658993392
0.0007036254992103901
0.0007720340219433443
0.0008014225737526647
0.0007956627818599151
0.0007659090031844697
0.000727181958230469
0.0006947719399031107
0.0006803990324016068
0.0006899316925430091
0.0007225803245479987
0.00077173100997695
0.0008271110119706927
0.0008774646294361806
0.0009133895341001294
0.0009290624885524356
0.0009232472736228036
0.0008989483589715001
0.000862153902322136
0.0008200704209958492
0.0007794302559098201
0.0007448626487835306
0.0007184353947999841
0.0006994302594859553
0.0006851447909840339
0.0006718008960335394
0.0006557689058825865
0.0006344215833110553
0.0006066700909114311
0.0005730948449462127
0.0005355953539213086
0.0004968492654821471
0.0004595825090947942
0.0004260149910851824
0.0003974668412763564
0.0003741828483139859
0.0003555168169001535
0.0003401281810171999
0.0003264426036850462
0.0003129895754427235
0.000298670555691626
0.0002829128006645663
0.0002657126263558859
0.0002475399335981617
0.0002291435271804536
0.000211376325366843
0.0001950725096762054
0.0001808661332521592
0.0001691520497803321
0.0001600692662494226
0.0001535417270855384
0.0001493165449629088
0.0001470393457757099
0.0001463330382336282
0.000146800488359641
0.0001480880852881656
0.000149863143950653
0.000151803415925856
0.0001536036702487708
0.000154958254699233
0.0001555644088346873
0.0001551499625467065
0.0001535523086640663
0.0001507522127882886
0.0001469559661615707
0.0001426183651973932
0.0001384674419025939
0.000135398329193274
0.0001343616630516846
0.0001361648125759279
0.0001412969505851793
0.0001497062733331657
0.0001607312259187996
0.0001730770219907774
0.0001849703156666446
0.0001944478869065499
0.0001996974811659691
0.0001995184536624995
0.0001935839706173153
0.0001827001826197375
0.0001687812010787118
0.0001545710701928816
0.0001431729811546322
0.0001374386717545375
0.0001393093441482636
0.0001493261689245423
0.000166315341513514
0.0001875033830150667
0.0002089369749340515
0.0002262294152908712
0.0002354723756256894
0.000234180937055597
0.0002218790736892272
0.0002004824887575636
0.0001740221401231311
0.0001479528142924816
0.0001280280268606076
0.0001190630542121965
0.0001237701705698067
0.0001419731660734017
0.0001704398129236122
0.0002033807493217843
0.000233573805122965
0.0002539214266616859
0.0002590811503785932
0.0002468215792709052
0.0002187732941766823
0.0001803321704428154
0.0001396691118203915
0.0001060256412402057
8.765155565862114e-05
8.979855664372341e-05
0.0001132718792786554
0.0001539722664556459
0.0002034788824055971
0.0002507807635122291
0.0002846670073570849
0.0002963919789620656
0.0002818849020143771
0.0002430372520820855
0.0001876201883901145
0.0001278484670838923
7.774513163758989e-05
4.992657126591478e-05
5.253402882600728e-05
8.701732745532393e-05
0.0001474266213396535
0.000221376119299689
0.0002926562888445414
0.000344859859428132
0.0003652614999557855
0.0003480321897614987
0.0002959097087152576
0.0002199594389057094
0.0001372663976372441
6.71288598646617e-05
2.655406937159773e-05
2.614639794338692e-05
6.739607678493161e-05
0.0001420575428941745
0.0002339015642185784
0.0003223600468392622
0.0003873833715853671
0.0004141344769845236
0.0003965933924908395
0.0003389577859645556
0.0002546444173358726
0.0001629633608380723
8.444836159108084e-05
3.584089610910478e-05
2.618828175950829e-05
5.489274902988751e-05
0.0001122410119521349
0.0001822480201929437
0.0002469740178114732
0.0002912429617905928
0.000306269086265067
0.0002915728721151472
0.000254341592723626
0.0002067921712923231
0.0001622218377027869
0.00013098641494896
0.0001175891704687321
0.000119805046780921
0.0001300081184287298
0.0001383239720365247
0.0001365198591537991
0.0001213913854010979
9.648608675714567e-05
7.14338088111319e-05
5.910145848916486e-05
7.11663672490519e-05
0.0001137027838231578
0.0001840441913183103
0.0002702202590345459
0.0003532652821480802
0.0004121089516970187
0.0004295622319477098
0.0003978710194131586
0.0003219066321386307
0.0002189992141458435
0.0001151011726167154
3.820187992889894e-05
1.072587301504037e-05
4.30358391961481e-05
0.0001300243581743535
0.0002518614093785376
0.0003788684006015289
0.0004793095067056307
0.0005278597058298216
0.000512440394617095
0.0004373859976172257
0.0003220254217312152
0.0001950152635374542
8.620677682922041e-05
1.828984243277646e-05
8.23558360475403e-07
2.831236200853409e-05
8.290536845722965e-05
0.0001407638276574725
0.0001801032371732588
0.0001882865222168325
0.0001656959985920553
0.0001252102229097612
8.738153134302708e-05
7.292909514538794e-05
9.5077588406919e-05
0.0001542490801572459
0.0002370619083180367
0.000319999570580798
0.0003768716020081873
0.0003874719728444144
0.0003448388262832461
0.0002584788064293672
0.0001523630997461009
5.814994010186636e-05
5.616216063249893e-06
1.326734923262029e-05
8.214888457588472e-05
0.0001949469319602016
0.000320838186795963
0.0004245765178647867
0.0004772236465416422
0.0004648952467215007
0.0003929246522463049
0.0002840453721618138
0.0001709945369603869
8.61220651342334e-05
5.118858115442628e-05
7.068013785279679e-05
0.0001309182590815816
0.0002051586889063787
0.0002630239518011682
0.0002811273659265658
0.0002513670237124881
0.0001839635050009977
0.0001042750147473517
4.426484875263421e-05
3.149694943601827e-05
7.925875196778797e-05
0.0001812604883254363
0.0003127367029148347
0.0004377300884145502
0.0005203232912624827
0.0005359853785938522
0.0004795368816913646
0.0003668066672370631
0.0002295513713248408
0.0001051443956867182
2.458003792400893e-05
2.707504086965225e-06
3.402749492852806e-05
9.550161070087444e-05
0.0001554259492113094
0.0001853471749300393
0.0001708982372318081
0.0001177741767199739
5.05628138644142e-05
4.635680166895063e-06
1.36926101009829e-05
9.710652599114573e-05
0.0002514157898696811
0.0004491260710185624
0.0006454790080331597
0.000791343737225113
0.0008482129180706147
0.0008004612994052171
0.0006607584816943581
0.0004668200858540664
0.0002702971078984991
0.0001212709994722002
5.330068075979027e-05
7.37775015463952e-05
0.0001626880794748332
0.0002801710250409338
0.0003802871506109438
0.0004265425445464456
0.0004039478169624642
0.0003236876823657587
0.0002188076337270407
0.0001324741663367602
0.0001026495596931557
0.0001484720409116606
0.0002628932639985091
0.0004141997684080481
0.0005560019245397216
0.0006423914962504319
0.0006434562294456319
0.0005555536813824617
0.0004032482761738702
0.0002318249516828763
9.285260481748497e-05
2.751524403164597e-05
5.31589250246977e-05
0.0001576442870957841
0.0003034435920247586
0.0004401797523320468
0.0005217223492406591
0.0005218748553786842
0.0004436483025488114
0.000318675501491414
0.0001969204078507442
0.0001297161222173848
0.0001519473114035697
0.0002690878012358145
0.0004537585441847694
0.0006533528021445227
0.0008064787870544229
0.0008632900284802371
0.0008030902433478644
0.0006433501663572514
0.0004368688746663274
0.000257372443371526
0.0001776624764588938
0.0002467978604492069
0.0004733616763023867
0.0008201749862199307
0.001212465377829058
0.001557334228351828
0.001769041596426074
0.001792771536089945
0.00161983645314318
0.001289899419667695
0.0008797014185397529
0.000481604425550239
0.0001782472758259054
2.109147928114263e-05
1.866760162650798e-05
0.0001378617893708443
0.0003172756529187152
0.0004881835219329741
0.0005963738146067975
0.0006180923343687967
0.0005651989719508602
0.0004783477754158211
0.0004106334962044754
0.0004072277233547402
0.0004879766927754957
0.000638665660388581
0.0008141986288864332
0.0009529600283409162
0.0009980076591931395
0.0009183716674076209
0.0007234687394182979
0.0004655103157167289
0.0002281671918207565
0.0001042537717513165
0.0001683221602540205
0.0004521829316442687
0.0009307831829338648
0.00152324122185093
0.002109658165252682
0.002559916394418227
0.002766899631631304
0.002675545265595566
0.002299386697065674
0.00171971796130734
0.001067421991636434
0.0004913611753980565
0.0001218869873862167
3.846137991150274e-05
0.0002501400165854737
0.0006939358230877909
0.001251384032463431
0.001779146587673645
0.002145571371182529
0.002263490583902935
0.002111077440370402
0.001735300845791577
0.001237461367783457
0.0007448055930805043
0.000376013579568856
0.0002097904291751304
0.0002649719003601166
0.0004972220739303849
0.0008133114883471009
0.001098897355857311
0.001252258494914006
0.001214791569613316
0.0009899072768720064
0.0006448475149755068
0.0002943811415838523
7.046455662799284e-05
8.513104474309011e-05
0.0003967178027287108
0.0009883578685870096
0.001765134485084865
0.00257189368179325
0.00322818968076207
0.003572811072087549
0.00350742174440963
0.003027996797814333
0.002236349413547025
0.001326644035812873
0.0005489710129005045
0.0001564991241638613
0.0003472367091531972
0.001213163028052923
0.002708598459577363
0.00464615281032194
0.006723057031701834
0.008574535846428782
0.009844358072603124
0.01026067203948239
0.009700045858731072
0.008227586178172411
0.006103195483292172
0.003750253281491594
0.001690407716537987
0.0004543130119805686
0.0004832223759857603
0.002038427911489216
0.005135466164166221
0.009516191052770708
0.01466608259590098
0.01987701203209101
0.02434901516131526
0.02731724281020621
0.02818701683204817
0.02665740035026324
0.02281476978365395
0.01718323911615275
0.01071910656578833
0.004751662805091393
0.0008718640331946606
0.00078104369493851
0.006115521101576107
0.01826556538690808
0.03820839415224437
0.06637274744945279
0.102551726934878
0.1458607795736231
0.1947755940999397
0.2472087426882647
0.3006457492360591
0.352320096225707
0.3994115098110999
0.4392537938086954
0.4695311898395509
0.4884545837965669
0.4948904554431361
0.4884541696822345
0.4695316021776831
0.4392542033576757
0.3994121987838209
0.3523208410958608
0.3006464530966381
0.247209453876882
0.1947763582857092
0.1458589162876692
0.1025501364490546
0.06637322773298064
0.03820875184232037
0.01826580626829221
0.006115642448559225
0.0007810832117876292
0.000871830271647917
0.004751593496366796
0.01071901516457827
0.01718347483634596
0.02281495228671666
0.02665736423617027
0.02818700672269482
0.02731726635803564
0.02434906289302232
0.01987709843779429
0.01466612319505141
0.009516267218039866
0.005135320005640361
0.002038336845562052
0.0004831888579406759
0.0004543040640492349
0.001690382366358054
0.003750223325787233
0.006103166446531161
0.008227560777530835
0.009700019861218609
0.01026067999000416
0.009844312418356361
0.008574481052345879
0.006723097717280438
0.004646179777630147
0.002708623526179346
0.001213183577013263
0.0003472442677917108
0.0001564970854790089
0.000548959069881745
0.001326673142930828
0.002236379863486708
0.003028022844856553
0.003507415060219827
0.00357282708988084
0.003228171072595331
0.00257189644878674
0.001765143897977751
0.0009883632467872943
0.0003967242320835309
8.512390390131262e-05
7.0469494586137e-05
0.0002943947065141728
0.0006448391553542721
0.0009899032255240743
0.001214786298415223
0.001252261735397598
0.001098899248312362
0.0008133250105050593
0.0004972239591859529
0.0002649683220564251
0.0002097948774621468
0.0003760084872290114
0.0007448020808190003
0.001237456029213981
0.001735292740403798
0.00211106928209283
0.002263485077146726
0.00214557212855779
0.001779126664624612
0.001251353356703138
0.0006939206542462082
0.0002501444783912605
3.846312663576913e-05
0.0001218857967905723
0.0004913511178377066
0.001067408599707079
0.001719708870891506
0.002299375032642363
0.002675555988705517
0.002766889787745789
0.002559909074363987
0.002109667622966745
0.001523247851182258
0.000930787975163775
0.000452185952935891
0.0001683231356739421
0.0001042551089663967
0.0002281648232966232
0.0004655169072990295
0.0007234771016602306
0.0009183699488208114
0.0009980057928043688
0.0009529633540913273
0.0008142014984629394
0.0006386706331133789
0.0004879790920578523
0.0004072288711709709
0.0004106295184759106
0.000478354100731644
0.0005652037571178268
0.0006180899523036634
0.0005963764080068862
0.000488185195529943
0.0003172778614797007
0.0001378653644327357
1.866852196224302e-05
2.109085839167066e-05
0.0001782582285386663
0.0004816215678354118
0.000879721912227235
0.001289895490197264
0.001619830157036549
0.001792772352703658
0.001769047388472831
0.001557337290938366
0.001212474442294029
0.0008201832274825272
0.0004733495860278949
0.0002467952365186926
0.0001776618151726895
0.0002573703847167589
0.0004368673522146213
0.0006433468878325162
0.0008030931425956477
0.0008632865098240379
0.0008064791867618389
0.000653344635614245
0.0004537491098270755
0.0002690814602922754
0.0001519474266942095
0.0001297175695759796
0.0001969225377296173
0.0003186743189201289
0.0004436484237759147
0.0005218716068202348
0.0005217245701247383
0.0004401736346458123
0.0003034375458440219
0.0001576467013465679
5.316004843005531e-05
2.751408681901635e-05
9.285038492103058e-05
0.0002318202855859649
0.0004032481149497035
0.0005555498334505974
0.0006434521617224125
0.0006423907800740288
0.0005559988506237307
0.0004141992312096323
0.0002628957008551299
0.0001484720782895821
0.0001026517062471137
0.0001324735372528725
0.0002188076525455458
0.0003236891791187258
0.0004039492496746922
0.0004265407823218152
0.0003802861083651469
0.000280173444267251
0.0001626918235449286
7.377760621484165e-05
5.330037756001736e-05
0.0001212686345013176
0.0002702971032558049
0.0004668220733174487
0.0006607615019009129
0.0008004634605103718
0.0008482132831052339
0.0007913432607762229
0.0006454772938094537
0.0004491318096032882
0.0002514194046398805
9.710757025303096e-05
1.369372553822939e-05
4.635326801323494e-06
5.05660080225836e-05
0.0001177766381545072
0.0001708983384480568
0.0001853478342928492
0.0001554300192938732
9.550234769406144e-05
3.402756673103837e-05
2.707825990977075e-06
2.457990883696476e-05
0.0001051464666268458
0.0002295578218897266
0.0003668078604307442
0.0004795369228451205
0.0005359860768368644
0.000520325342671776
0.0004377323940407913
0.0003127387780390791
0.0001812554512885485
7.926007952840828e-05
3.149620220644144e-05
4.426425023873236e-05
0.0001042741322822705
0.0001839578782126738
0.0002513664279670871
0.0002811277774304038
0.0002630238168847769
0.0002051594808042119
0.0001309202764370591
7.067735311298171e-05
5.118865288723502e-05
8.61243051032711e-05
0.0001709858525977829
0.0002840454819242511
0.0003929291733100092
0.0004648925183967656
0.0004772203431621587
0.0004245739373879455
0.0003208239113585439
0.0001949503794542295
8.214462842417044e-05
1.326762955483168e-05
5.615850883156405e-06
5.814452241140178e-05
0.0001523611433191809
0.0002584842024400924
0.0003448362401893589
0.000387470572591711
0.0003768683085786902
0.0003199950748325915
0.0002370628700803577
0.0001542532976957724
9.507976283393492e-05
7.292845498477376e-05
8.737989930244429e-05
0.0001252108768748145
0.0001656998019914163
0.0001882859566676684
0.0001801039681259686
0.0001407645406921017
8.290140037141259e-05
2.831610429862866e-05
8.236332978700208e-07
1.829097727335876e-05
8.620506362699337e-05
0.0001950222765130893
0.0003220278489780807
0.0004373954523963729
0.0005124436309087483
0.0005278623872168861
0.0004793067544438992
0.0003788711614118695
0.0002518681638646071
0.0001300244294216819
4.30331438786973e-05
1.072583912626725e-05
3.820330409411449e-05
0.0001151019266741011
0.000219006871514974
0.0003219033527661812
0.0003978708966757702
0.0004295601553283359
0.0004121087352732218
0.0003532624486985882
0.0002702162817922608
0.0001840418719713022
0.0001137032109343151
7.116614915624668e-05
5.910029371436628e-05
7.143734506970979e-05
9.648352336901197e-05
0.0001213931097010607
0.0001365248575910249
0.000138329933420741
0.0001300087039064034
0.0001198043073521795
0.000117590139057806
0.0001309868378465526
0.0001622225636624876
0.0002067886863175419
0.0002543392272598609
0.0002915711971217346
0.0003062674434056507
0.0002912386866995384
0.0002469775453405847
0.0001822436444632786
0.0001122409376609097
5.489168734140151e-05
2.618851894953125e-05
3.584003805590905e-05
8.444642882421669e-05
0.0001629674347231311
0.000254645855548589
0.0003389543874767958
0.0003965930040467182
0.0004141423775018145
0.0003873833171652956
0.0003223592981435918
0.0002338980389713961
0.0001420595153442069
6.739257228690339e-05
2.614531803355404e-05
2.655490234514091e-05
6.713330432176024e-05
0.0001372653753432698
0.0002199614776107028
0.0002959121377225821
0.0003480318257268011
0.0003652630615056076
0.0003448616512399996
0.0002926618914604492
0.0002213784513811772
0.0001474236015810595
8.701821184913472e-05
5.25314428221678e-05
4.992664810675091e-05
7.774351116814459e-05
0.0001278499499501939
0.0001876166172310142
0.0002430330766931818
0.0002818833548769606
0.0002963927971441232
0.0002846665709691685
0.0002507753073430681
0.0002034751511207637
0.0001539707012925712
0.0001132727928353165
8.979738461709069e-05
8.765261769171826e-05
0.0001060252426044272
0.0001396663591464679
0.0001803318383124244
0.0002187738985115745
0.0002468200644450927
0.0002590765091793896
0.0002539187124487372
0.0002335702454678075
0.0002033837945016162
0.000170437658030855
0.0001419727764540496
0.0001237693532001383
0.0001190642793825054
0.0001280235882285203
0.0001479527939780693
0.0001740218315831624
0.0002004831784524966
0.0002218788381159699
0.0002341797421753259
0.0002354821156993318
0.0002262301508117767
0.0002089378577477127
0.0001875058199105847
0.0001663151408525479
0.0001493261451495518
0.0001393105687495378
0.0001374361605276754
0.0001431759478516752
0.0001545650713716406
0.000168780077828371
0.0001826956402541004
0.0001935795236876294
0.0001995178393292874
0.0001996995441090221
0.0001944481589839691
0.0001849727671923411
0.0001730777060655651
0.0001607308291373165
0.0001497083283048702
0.0001412967417527652
0.0001361654560110006
0.0001343612325548094
0.0001353965129902205
0.0001384687146378432
0.0001426177034904172
0.0001469546480802137
0.0001507475937904535
0.0001535569597579641
0.0001551533587929145
0.0001555642242515928
0.0001549594168336674
0.0001536029485590625
0.0001517997705914456
0.0001498680519443804
0.0001480885719777191
0.0001468037952031879
0.0001463309321974869
0.0001470393363972099
0.0001493156452960671
0.0001535435444041431
0.0001600700451204995
0.0001691514888532592
0.0001808675860829841
0.0001950719097897703
0.0002113705892881992
0.0002291301005898256
0.0002475381741947017
0.000265713974846549
0.000282912062775533
0.0002986682853959033
0.0003129914524443633
0.0003264424518230712
0.000340128391987346
0.0003555140780536472
0.0003741843487571012
0.0003974618292613018
0.0004260095612533896
0.000459576000968171
0.0004968471967982907
0.0005355961918752728
0.0005730910780057043
0.0006066706425325081
0.0006344192957318264
0.000655765060889686
0.0006718034313671085
0.0006851369893628195
0.0006994266757362437
0.0007184294693393301
0.0007448601025809866
0.0007794287993652305
0.0008200793035228021
0.0008621477656417376
0.0008989375103915508
0.0009232451528070558
0.0009290545050122139
0.0009133777013789196
0.000877467121447057
0.0008270911851212754
0.0007717204703519805
0.0007225734414280739
0.000689934680635881
0.0006803956015496952
0.0006947758030164601
0.000727193188775107
0.0007659115319190896
0.0007956700659062653
0.0008014200285996403
0.0007720309989722374
0.0007036215039454063
0.0006011451554039
0.0004778918382286921
0.0003527179722600959
0.0002457036643994474
0.0001732782970918308
0.0001439393456235262
0.000155987574820059
0.0001977840748915235
0.0002507039738861662
0.0002940330131608005
0.0003106020156818735
0.0002915152634925812
0.0002386254505704239
0.0001640986865253521
8.687470320065776e-05
2.72417564868165e-05
7.516321815833106e-07
1.356626671565152e-05
6.041503538537742e-05
0.0001260229492752318
0.0001895705693813669
0.0002309950398343394
0.0002371520688518279
0.0002059776621130821
0.0001472549311346424
7.964344216754384e-05
2.481238328300906e-05
4.007182541326941e-07
1.422339497666091e-05
6.147464574575811e-05
0.0001261922595463935
0.0001865609841077562
0.0002226049325896001
0.0002236163891367702
0.0001930224244618036
0.000148591681594904
0.0001176670695266222
0.0001287377716890703
0.0002017131889729612
0.0003403614283369193
0.0005293015898629276
0.0007375125516779165
0.0009269638280833944
0.001064922744088119
0.001135056548896399
0.00114446203170284
0.001123220040273624
0.001116250492624111
0.001169447775544461
0.001313758152618637
0.001552825856461663
0.001857428893789188
0.002170610942237833
0.002420888987572869
0.002541906197840913
0.002491388731158059
0.002264658684739333
0.001897981933120469
0.001460057099994982
0.001034092577349732
0.0006961429614811345
0.0004945930738638082
0.0004393231097730919
0.000501300543321472
0.0006245643851004664
0.0007456079054918283
0.0008139185467355568
0.0008073594628995874
0.0007368714474068644
0.0006396638368606876
0.0005628466716836158
0.0005440905486102925
0.0005957238537811277
0.0006985394884756373
0.0008078770268473827
0.0008700083304045484
0.0008432949585515028
0.0007165712391412392
0.0005174133375294143
0.0003065660153152968
0.0001597079916651033
0.0001415398173882031
0.0002816230551548771
0.0005602881067503218
0.0009105160298924057
0.001236929233287015
0.001445865775255416
0.001477848413660317
0.001330798144228832
0.001065746508591946
0.0007913586893279146
0.0006313949479110248
0.0006844380323960587
0.000988863664268008
0.001505302836047595
0.002122692550173295
0.002688473740319302
0.003053621779336861
0.003118565634926343
0.002866289853818222
0.002370814423213964
0.001777242292877345
0.001259882735019013
0.0009699343683991915
0.0009901298443036302
0.001309704243952752
0.001828691664738158
0.002389325105880941
0.002825387092738399
0.003012283876941588
0.00290358811381787
0.002540727273656084
0.002034422062159111
0.001524569557016193
0.001132069833335171
0.0009203154416723248
0.0008784020418111027
0.0009321943641794119
0.0009786461685361045
0.0009302881684287381
0.0007537131175297376
0.0004866550413537096
0.0002273761487337753
9.803921467731661e-05
0.0001959113054475568
0.0005492523571203641
0.001095921422728084
0.001694323145182994
0.00216592887501533
0.002357001927181109
0.002198291229294586
0.001742224018789372
0.001160854144711719
0.0007025840525406754
0.0006168186468561515
0.0010703163514663
0.002081029989154291
0.003494599698656137
0.005011720206905171
0.006266308535086171
0.006928471486950866
0.00680681954780004
0.005914002913822682
0.004476483954734274
0.002880366372690271
0.001567526704951043
0.0009100043350406158
0.001101875040472017
0.002098477351980638
0.003623869836645652
0.00524679586035864
0.006501405622923518
0.007020972998167436
0.006642491644364644
0.005453694607233751
0.003766552474765171
0.002027953242673801
0.0006909540907263463
8.918546898986231e-05
0.0003473243879724915
0.001356193359330378
0.002816619067199479
0.004336125571004548
0.005548198908042808
0.006216729594107327
0.006291918285370653
0.00590448269802718
0.005301813690806807
0.004749232689245241
0.004431798634589825
0.004389909266461781
0.004511588624726054
0.004583516358039174
0.004384046678891545
0.003784426247257863
0.002821999655946745
0.001715957697718519
0.0008140773353836105
0.0004851963135943407
0.0009873948146000057
0.002357214862232929
0.004360739973351475
0.006527771606229466
0.008271438893674619
0.009061875451401686
0.008602832731261376
0.006959222549749459
0.004586827708722372
0.002243666835913492
0.000800390505383762
0.000990606045761711
0.003174717831461471
0.00718393731364183
0.01230452919297936
0.01741243556232163
0.02124854184929834
0.02275441994192928
0.02139490333605458
0.0173670465431698
0.01162802545385073
0.005724152833666336
0.001436563982295972
0.0003373526251419821
0.003351929438587779
0.01045519020876332
0.02058240062168531
0.03180682533229699
0.04174146785525342
0.04810486188904522
0.04928894055328609
0.0448173517800836
0.03554866372995628
0.02357227512971816
0.01178760375354073
0.003273045344457276
0.0005547588449337214
0.00497615334039737
0.01630351286915014
0.03268204442768453
0.05098296269339228
0.06745211073673602
0.07855257444768846
0.08179872738200683
0.07637802457544778
0.06342545086353733
0.04586109027534394
0.02779925866485989
0.01367845130978425
0.007254291939617605
0.01072697179794863
0.02417228860493887
0.04543390714336096
0.07051433737749827
0.09441514760086675
0.112202210762143
0.1201433183013356
0.1165861605943595
0.1024267325182232
0.0810218348030122
0.05752943397755048
0.03784119491873906
0.02727719985843982
0.02935357177949264
0.04490111827641364
0.0717382047708038
0.1049916820824389
0.1380742789289377
0.1640677951894384
0.1773170779230276
0.1748147184478766
0.1571231825575764
0.128543997574288
0.0964882924499319
0.0700549990689549
0.0581401172152483
0.0673533128506949
0.1002426408812238
0.1542171056427143
0.2214352589097632
0.2899147922563686
0.3456253368241282
0.3754406434101898
0.3703887195065048
0.3286208111071908
0.2575416934371024
0.1746245864623705
0.1064837358135142
0.08633425435903695
0.1498606422728655
0.3301557775635792
0.6522619870990759
1.128441955414503
1.754277046065566
2.507395739039308
3.34756175600097
4.22034072943733
5.061503648920668
5.804463446072768
6.386927547121861
6.758385658239725
6.886018085840312
