# RCS in m**2 for a L=5 cm PVC cube at 0.0 degree aspect angle
# frequency = 88.75 GHz, 
# theta = linspace(0, 6.2832, 1441)
# phi = linspace(0, 0, 1  1)
9.16239496944956
8.995303281517574
8.508404435322188
7.743236980617568
6.763792404579535
5.649416900011643
4.486145085680411
3.357634200424738
2.336729603951941
1.478767588837343
0.8172934602477232
0.3626125247334664
0.1032098649163986
0.009635897735075572
0.0402049330314703
0.1476232519935954
0.2855931427709343
0.4145230684621845
0.5056469992322484
0.5431407201781218
0.5241558332657998
0.4569616769289981
0.3576981890543927
0.2463627493578379
0.1427368934169116
0.06289743002470244
0.01679858585647604
0.007204731161245532
0.03000068224035045
0.07567987647662829
0.131634393983109
0.184764261214465
0.223918412682494
0.2417466735715131
0.2356869491304171
0.2079844538983929
0.1648238617410356
0.114810846765625
0.06713673592607969
0.02978819954280201
0.008139131049761302
0.004149745619752394
0.01627923731296753
0.04007137952319802
0.06924826327818913
0.09706369845351653
0.1176372739888441
0.1270124528272699
0.1237572034850783
0.1090233758707725
0.08609947341850209
0.05958070972843055
0.03435234879734927
0.0146027022816326
0.003057628467100069
0.0005744304075149434
0.006145525226204917
0.0172781677834112
0.03064071026588551
0.04282204518175166
0.05103725972202774
0.0536393431407482
0.05034717080008028
0.04216457150331954
0.03103982707560813
0.01935454665634999
0.009370877115271414
0.002757660509424221
0.0002894238328592413
0.001769225879308044
0.00617143385416602
0.01195218460862325
0.01744397515681058
0.02123975911991082
0.02248016859901675
0.02099241195356604
0.01725922728248461
0.012245734215276
0.007133504244591782
0.003033949599177698
0.0007454853874426828
0.0006068504590669943
0.0024688893724262
0.005778234011910397
0.009740986961189965
0.01352059930682768
0.01641882129691155
0.01800278626018147
0.01815384713837876
0.01704050914176306
0.01503241912150572
0.0125855044533874
0.01013022211568786
0.007990588780989002
0.006346933724727323
0.005242141592012322
0.004620628401249033
0.004379906687934263
0.004416209169135097
0.004650738680880448
0.005031730157885641
0.005518093512799323
0.006055191421693277
0.006557420252641569
0.006907580986152509
0.006976687404752113
0.006659125957169094
0.005912868238365628
0.004788408588617309
0.003435742398410417
0.002082188645468173
0.0009839802050243302
0.000363188497806049
0.0003468672493023388
0.0009262246678384948
0.001949303215345185
0.003151422949974017
0.004217859696246441
0.004862979170119773
0.004905337351502615
0.004318784521271788
0.003243952641079562
0.001957474781098303
0.0008044818432920111
0.0001121508018368569
0.000106289325569179
0.000852441369788097
0.002236717889619115
0.003991074439122565
0.005756587406548245
0.007167760540215821
0.007937199688383547
0.007918851325832478
0.007136222911294278
0.005768337358837071
0.004101662385293059
0.002459268683831381
0.00112700841416075
0.0002954158944401948
2.839932819117593e-05
0.0002651131549192084
0.0008501102114668673
0.00158147656769926
0.002262777330206198
0.002745220838514472
0.002951672051847083
0.002878954376674308
0.0025819733849157
0.002147508905748385
0.001666455956245326
0.001212851168081274
0.0008338004586946454
0.0005502668217492907
0.0003652594342984166
0.0002741394767361386
0.0002719716801436395
0.0003548785804741532
0.0005161436437930796
0.0007394926059458327
0.0009942569673808013
0.00123570641974288
0.001412603293564208
0.001480683452890997
0.001417794885688434
0.001235574488794035
0.0009828166748560158
0.0007377087633389901
0.0005898311262448992
0.0006163719056142677
0.0008586609558683287
0.001306460685192784
0.001894941536854429
0.002516385008107371
0.003043982733354918
0.003362127202872895
0.003394857432098044
0.003125370939888796
0.002600734641382136
0.001920809731636217
0.001214644461783623
0.000609947536784358
0.000204177655784539
4.431631313743723e-05
0.000119882197395269
0.0003703567560417394
0.0007038853324499403
0.001022009603660006
0.001243098968969865
0.001319515262184249
0.001243839804467958
0.001044975889591311
0.0007757244229213241
0.0004963744300033449
0.0002595496190434002
9.952503604489647e-05
2.841298578009872e-05
3.870595760965287e-05
0.0001101156400287002
0.0002177862526111428
0.0003390791062798856
0.0004572305907745618
0.0005616304630973184
0.0006457482134276294
0.0007045992941033309
0.0007331503932537327
0.0007270853498771593
0.0006853394472932339
0.0006133456724068469
0.0005253821195574943
0.0004442810010853305
0.00039785653182516
0.000412510041111936
0.0005055869186803314
0.0006787667844022115
0.000914801688066168
0.001178980355807448
0.001425528461577455
0.001607585207722486
0.001688350328903165
0.001650363044903949
0.001500549706399846
0.001269283930120067
0.001003940660710671
0.0007579871431344313
0.0005790962329341381
0.0004982120749238135
0.0005233282905656514
0.00063859952194027
0.0008090468571770959
0.0009894768110223955
0.001135078343992647
0.001211236490903818
0.001200004655223298
0.001102374311332018
0.0009359996609392159
0.000729512760522213
0.0005150512121602049
0.0003213369985442294
0.0001685418919665147
6.598236123003957e-05
1.271590072500689e-05
2.949700327576384e-07
1.649146548468699e-05
4.887157184725985e-05
8.72694666163704e-05
0.0001248034048048594
0.0001575532419213167
0.0001834222814727406
0.0002009765299192423
0.0002086398911998172
0.0002047620949540258
0.000188284504296097
0.0001597476874295471
0.000122062229099233
8.062253010739521e-05
4.25292700900147e-05
1.510544651482619e-05
4.007851998368502e-06
1.161794816289529e-05
3.614254366095599e-05
7.18345152827445e-05
0.0001103209009608439
0.0001427211949843306
0.0001620123701397947
0.0001649375083921132
0.0001529706932564711
0.0001319959125123291
0.0001107755052142666
9.860670936686126e-05
0.0001027963465174708
0.0001266128111982171
0.0001682709782690089
0.0002212526854101007
0.0002758643853146531
0.0003216226814230668
0.0003499071387200596
0.0003561416940809995
0.0003410710745489381
0.0003105834285037695
0.0002744483284167365
0.0002439867359376246
0.0002294032703748566
0.0002374076898922341
0.0002695749833728852
0.0003219353478369057
0.0003858112038913766
0.0004496252351318525
0.000501421043131434
0.0005312770441439865
0.0005333945339651412
0.0005071862094045973
0.0004573012708476513
0.0003926167612418671
0.0003243902784012505
0.0002641279459996231
0.0002213901760483667
0.0002022185747474298
0.0002081630451576737
0.0002363046877043525
0.0002800168230270728
0.0003303335984621055
0.0003776496896036138
0.0004133503224639421
0.0004312267857214214
0.0004282598730853585
0.0004049580085565523
0.0003649640133432612
0.0003143411475746759
0.0002603987377259498
0.0002105668906074376
0.0001712237669978865
0.0001468236825902585
0.0001394077065252127
0.000148424865173668
0.0001709788405075152
0.0002024052768177337
0.0002370338317921486
0.0002691049102444059
0.0002936011469482957
0.0003069533550137315
0.0003075436417372061
0.0002958226225831666
0.0002741822819628024
0.0002464736282729367
0.0002173743403957423
0.0001915738073367578
0.0001730281907366944
0.0001643214352943145
0.0001663127257651926
0.0001780285760830466
0.0001969170048741834
0.0002193372671397998
0.0002412546149237617
0.0002589585876404441
0.0002697213730614856
0.0002722328207857643
0.00026680320177952
0.0002552276181036963
0.0002403381927003418
0.0002254616397471847
0.0002137129887505562
0.000207384268604313
0.0002075338623980376
0.0002137843027175285
0.0002244456421171216
0.0002369161762370029
0.0002482456838993223
0.0002557774022212488
0.0002577306504782339
0.0002535902386888439
0.0002442182486498426
0.0002317172209057027
0.0002189457605576658
0.0002089474011995763
0.0002042364023547021
0.0002062480426477844
0.0002149424621324365
0.0002287443951804201
0.0002447963232286049
0.0002594939690587986
0.0002692393460975719
0.0002712136583070895
0.0002640433366073388
0.0002481794708990066
0.0002259978807375629
0.0002013916472537142
0.0001791094430009515
0.0001638123865628208
0.0001591022473223661
0.0001667124148217608
0.0001859693850832318
0.000213774718697561
0.0002450234343891719
0.0002735048767695816
0.0002930874276079778
0.0002989526310719058
0.0002886895138974164
0.0002629751389598386
0.000225635679263155
0.0001831446297493814
0.0001434768170880053
0.0001146139236026891
0.0001029392480455262
0.0001118182086480591
0.0001407238830588187
0.0001850759974089727
0.000236910548720225
0.0002862644767623436
0.0003230839439551384
0.0003392585440198311
0.0003303923672397689
0.000296915605891806
0.0002442719579065695
0.0001820785842275682
0.0001223820191868456
7.731016897538376e-05
5.657039334927361e-05
6.534302416115673e-05
0.0001029876736070534
0.0001629236683662774
0.0002337554617495358
0.0003014262270318708
0.0003520776894654991
0.0003749196854891285
0.0003646246253518115
0.0003225893841474001
0.0002568178562097673
0.000180408190869469
0.0001088614702603708
5.683171936160116e-05
3.496682247205101e-05
4.756353186031749e-05
9.15768479496776e-05
0.0001572259505563524
0.0002301003518130702
0.0002942938683937608
0.0003359632942811804
0.0003463535908263269
0.000323701117872161
0.000273592033810633
0.0002075145896347278
0.0001401665091977435
8.594164602818191e-05
5.5577561422218e-05
5.373068669666714e-05
7.802842114922139e-05
0.0001198999926267989
0.000166910755889018
0.0002060639650628521
0.0002271505407549643
0.0002253840569318502
0.0002025097327342034
0.0001661951616210837
0.0001278042421479978
9.914593312532783e-05
8.909604446244802e-05
0.0001010079294630009
0.0001316263901215955
0.0001718611322518091
0.0002093068806943686
0.0002317142879437117
0.0002306434023671879
0.0002041352726580131
0.0001576949125747363
0.0001031846489202427
5.584769519241849e-05
3.026090506642933e-05
3.622192816293096e-05
7.574847171694169e-05
0.0001420729024232304
0.0002210020801141606
0.0002942844257427406
0.0003442759457538075
0.0003585163615017837
0.0003331063129676004
0.0002738193781763202
0.0001946798736963677
0.0001143231908141412
5.109168769853628e-05
1.825597475674218e-05
2.062274031124203e-05
5.354278389024739e-05
0.0001045464454098467
0.0001571624254957229
0.0001957938477130969
0.0002102313670541835
0.000198491200944008
0.0001670860767997331
0.0001287074881857804
9.796296349409331e-05
8.651743483463306e-05
9.910720075025499e-05
0.0001317846065210255
0.0001729609381898181
0.0002070079102208652
0.0002194861413999802
0.0002022078149519245
0.0001567660511531723
9.504345728515995e-05
3.65411484062612e-05
3.042366116771945e-06
1.210828103195553e-05
7.132424891884961e-05
0.000175062237405495
0.0003048913217487931
0.0004337064962550928
0.0005325412845283609
0.0005782531768950399
0.0005597965744919265
0.0004813990371475194
0.0003614889274353423
0.0002277331237990315
0.0001095813975947426
3.03758683965694e-05
1.386823720399571e-06
1.948987707413128e-05
6.909329981256289e-05
0.0001276971567048408
0.0001733165201551589
0.000191483568326565
0.0001795736555761719
0.0001472347937347552
0.0001126514122498488
9.596370025330889e-05
0.0001119816165286976
0.0001644892797582777
0.0002441540031749928
0.000330793821846749
0.000399355374224947
0.0004278325200010723
0.0004045941799895086
0.000332700036346555
0.0002297809127995646
0.0001232623089317678
4.244744644572811e-05
9.716814031059417e-06
3.366888282415969e-05
0.0001063995793066898
0.0002057865286694238
0.0003022448102612018
0.0003677673095895045
0.0003845317606112778
0.0003503116566018405
0.000278933494278222
0.0001956223112680085
0.000128725363031943
0.0001003857013625467
0.0001192163182603147
0.0001774126705540972
0.0002532584328460318
0.0003183138873505148
0.0003470480301211542
0.0003257383550124761
0.0002577695461145923
0.0001634265051922677
7.410719317619498e-05
2.269242240345339e-05
3.299278673203897e-05
0.0001116816319480047
0.0002453493220175434
0.0004037288106625664
0.0005482390351779034
0.0006432306386553103
0.000666530097524742
0.0006159607149853308
0.0005097439176054452
0.0003806893804883026
0.0002659949983748668
0.000195744916756576
0.0001839382128165021
0.0002246488287238405
0.0002946928786942733
0.0003618139902387342
0.0003957347565461429
0.0003785576002423758
0.0003109925085076707
0.0002125027755466891
0.0001151239754612359
5.301148079050721e-05
5.104865613701864e-05
0.0001162155692983806
0.0002346134436862416
0.0003751960975267872
0.0004991340920452024
0.0005719622079933228
0.0005745711784308372
0.0005095566705524118
0.0004008087051780927
0.0002863219265657087
0.000206401316132928
0.0001909208158701707
0.0002496344700843742
0.0003686710528602523
0.0005143314689440632
0.0006431985219737996
0.0007153767823043439
0.0007068302783255603
0.0006169271866917934
0.0004688174033909136
0.0003024478942466532
0.000162332252664245
8.399331626533e-05
8.309034738341112e-05
0.0001509124802081297
0.0002575157308780097
0.0003616975715202478
0.000424757799043052
0.0004236549479518133
0.0003594694190668186
0.0002582727474102967
0.0001640220183481363
0.0001253028289795144
0.0001799053420451556
0.0003418785931206255
0.0005950403482436232
0.0008951235399688657
0.001180320246768052
0.001387204654783181
0.001467712041882065
0.001402263655576296
0.001205375841793767
0.0009219537423513245
0.0006154857854483142
0.0003513396511760761
0.0001799926335560575
0.0001246761027573022
0.0001770548562839792
0.0003017208757834822
0.0004480630560194103
0.0005658325885603252
0.0006197714385394715
0.0005990901417124002
0.0005190553552959122
0.000414543226710665
0.0003276304231233096
0.0002931782870366763
0.0003269602241583984
0.0004200670498917232
0.0005414129301246866
0.0006477754440670884
0.0006984128077856332
0.0006698092959193039
0.0005660037759846236
0.0004209163166755642
0.0002915096130460524
0.000243107755487478
0.0003306843953418318
0.0005811710727278721
0.0009819601553035513
0.001479193945249243
0.001987062404891779
0.002406351687477914
0.002647916206761794
0.002655296696323876
0.002420734408271336
0.001990161348444964
0.001455418859806116
0.0009352616152499047
0.0005492547726986664
0.0003907177396420211
0.000505042129603407
0.0008785712590900213
0.001440800722588392
0.00207929219791527
0.002664031073509277
0.003075632827755469
0.003230531445285203
0.003098009834261789
0.002704978335054872
0.002128116451215754
0.001475258951158577
0.0008608660973192032
0.0003813372505518895
9.600523326416913e-05
1.742722473212732e-05
0.0001133581263948665
0.0003187918091776718
0.0005548024797832954
0.0007492062003940724
0.0008538669395265257
0.000854531236815209
0.0007710845613035384
0.0006486241973434808
0.0005420588367602565
0.0004985018408963902
0.0005423594402076151
0.0006671086691965948
0.000836143168523804
0.0009927138516662177
0.001076479159417835
0.001042629533284882
0.0008783466425745552
0.000612183990834344
0.0003131049855430601
7.852434247812586e-05
1.332630686250527e-05
0.000204091520356744
0.0006943115371774399
0.001466614222511707
0.002436965466637294
0.003463497912173959
0.004369694705973912
0.004978266235602507
0.005150274549503672
0.004820977865778839
0.004025185660152255
0.002905769279596543
0.001701447425908304
0.0007140993524499969
0.0002594556207727481
0.0006086572255325399
0.001930154704417489
0.004243006592458203
0.007390855352673895
0.01104365018795726
0.01473022045799775
0.01790022061168655
0.02000867462485144
0.02061320435705779
0.01947047244491186
0.01661788077750868
0.01242825937589256
0.007624933495359197
0.003254376228523151
0.0006135928968632304
0.001138001540784363
0.006259843359305899
0.01725106515817152
0.03506750586704237
0.06021144774493264
0.09263029087885812
0.1316535522816445
0.1760020275857237
0.2238389923425483
0.2728831478080671
0.3205669280127639
0.3642269573243851
0.4013092936707487
0.4295739977874514
0.4472748723105092
0.4533011443386301
0.4472742310915274
0.4295742036421434
0.4013099021746028
0.3642276415914986
0.3205675792248599
0.2728838272804405
0.2238395951600924
0.1760026835560245
0.131651920373716
0.09262891322621349
0.06021186611229105
0.03506781207478043
0.01725128540110783
0.006259958780249365
0.0011380436061079
0.0006135732285225809
0.003254332505341136
0.007624873181314554
0.01242845491686902
0.01661802791696375
0.01947042750328848
0.0206131984439962
0.02000869240712755
0.01790026403133036
0.01473026835309327
0.01104367878204596
0.007390903360063083
0.004242901474457264
0.001930080779967778
0.0006086205795658477
0.0002594547252273428
0.0007140881380714602
0.001701432409714425
0.002905751096946073
0.004025170142090601
0.004820965682353468
0.005150284260739275
0.004978238455355692
0.004369668314562323
0.00346351374432147
0.0024369803893382
0.001466626533183296
0.0006943214285929634
0.0002040970975827874
1.332693304055019e-05
7.852061679638018e-05
0.0003131143863131333
0.0006121958553688771
0.0008783530942850459
0.00104262604857912
0.001076485060162455
0.0009927040751256089
0.0008361409253873456
0.0006671093476002478
0.0005423639557890968
0.00049850311883699
0.0005420620796707533
0.0006486295456962635
0.0007710908208232981
0.000854533312098247
0.0008538690615118368
0.0007492075672091673
0.0005548066093069435
0.0003187949236089145
0.0001133595147089835
1.742729142259461e-05
9.601345028196206e-05
0.0003813553310999331
0.0008608572749879811
0.001475251952415923
0.002128111463475848
0.002704968927407474
0.003098002008270805
0.00323053554236896
0.003075634773150807
0.002664010381710566
0.002079247881504222
0.001440785331140001
0.0008785810724430279
0.0005050470670679447
0.0003907159713564091
0.0005492483947525869
0.0009352522312892195
0.001455413052612339
0.001990157593790634
0.002420745440911318
0.002655293644061342
0.002647916548607071
0.002406361432343508
0.001987060967123276
0.001479198302129027
0.0009819611900081932
0.000581175577682887
0.0003306847591035368
0.0002431082903582633
0.0002915121396858192
0.0004209207156853769
0.0005660040763174163
0.0006698103566974218
0.0006984142640575591
0.0006477788175187001
0.0005414179418230596
0.0004200688177605047
0.0003269640912549357
0.0002931763951907892
0.0003276306750865507
0.0004145456196490872
0.0005190502133802016
0.0005990938500236142
0.000619772210186882
0.0005658373760130652
0.0004480667367689448
0.0003017204709087743
0.0001770550487951035
0.0001246762486556493
0.0001799985151332964
0.0003513493182487774
0.0006154827236933752
0.0009219508672316753
0.001205371653645975
0.001402263810941712
0.001467706999043588
0.001387205944059012
0.001180327741191182
0.0008951126567272452
0.0005950288110159889
0.0003418827302888747
0.0001799071672611291
0.0001253029565831634
0.0001640226672115617
0.0002582718014754833
0.0003594682867202628
0.0004236551856187856
0.0004247574676443325
0.0003616921912850564
0.0002575125771377034
0.0001509123290179165
8.309096657124595e-05
8.399389546313407e-05
0.0001623319487321338
0.0003024455590165966
0.0004688174787308644
0.0006169237155772849
0.0007068295451566744
0.0007153767933487393
0.0006432018749308332
0.0005143366305695946
0.0003686718084722276
0.0002496376915532226
0.0001909205424664319
0.0002064013694113865
0.0002863211502257631
0.0004008042750095542
0.0005095599252356675
0.0005745742030253882
0.0005719622585390202
0.0004991327957244562
0.0003751962968957984
0.0002346147391515783
0.000116217808330792
5.104949685357248e-05
5.30117889748531e-05
0.0001151260111821152
0.0002125068057185122
0.0003109980520037298
0.0003785574458792364
0.0003957365849806989
0.0003618141987803972
0.0002946970913100845
0.0002246491617944002
0.0001839383562869398
0.0001957463462875265
0.0002659969075924682
0.0003806943217513899
0.0005097433440619358
0.0006159585523610193
0.0006665279524164062
0.0006432305098211924
0.0005482393436386412
0.0004037332215045955
0.0002453506215748441
0.0001116836901220987
3.299081623515261e-05
2.269401776904737e-05
7.410724927204676e-05
0.0001634250619455256
0.000257765883516898
0.0003257376749366155
0.0003470483836745186
0.0003183145840738949
0.0002532629189285056
0.0001774148458380613
0.0001192153089985788
0.0001003842381772923
0.0001287248401767157
0.0001956229453991882
0.0002789298329545203
0.0003503171826919993
0.0003845323255977556
0.0003677644061968263
0.0003022456127063646
0.0002057833545520319
0.0001064011317431049
3.366890894340871e-05
9.716608816180724e-06
4.244777934211846e-05
0.0001232646933995486
0.0002297780306080963
0.0003327087029377075
0.000404593595039178
0.0004278318392969829
0.0003993538185326161
0.0003307898139989588
0.0002441593107235044
0.000164489364599327
0.0001119808640393513
9.596335197691687e-05
0.000112652704044594
0.000147235574352664
0.0001795763208621679
0.0001914795253134412
0.0001733123930813504
0.0001277004959593043
6.909403257446968e-05
1.949264030705035e-05
1.386793803505548e-06
3.037845208235788e-05
0.0001095804826252494
0.0002277392978531287
0.0003614857399612977
0.0004814086252123104
0.0005597971854201978
0.0005782534145612883
0.0005325478806991384
0.0004337078980104869
0.0003048848874305671
0.0001750623338942286
7.132028699009727e-05
1.210850983158387e-05
3.042818858232104e-06
3.654112355439951e-05
9.504698516104259e-05
0.0001567626297197854
0.0002022093708059526
0.0002194850514540558
0.0002070144806713698
0.0001729586217758158
0.000131784834210174
9.910422375904918e-05
8.651624313172054e-05
9.796239982759759e-05
0.0001287074020330839
0.0001670859108648756
0.0001984898938185269
0.0002102345698492175
0.0001957913392184978
0.0001571657709209225
0.0001045443424789362
5.354431398084167e-05
2.062211343091244e-05
1.82549193053717e-05
5.109141799738677e-05
0.0001143202347188633
0.000194678738681568
0.0002738228383433218
0.0003331040411813217
0.0003585159465510219
0.0003442767162143707
0.0002942828335686978
0.0002210025471198258
0.0001420739062361176
7.574984328438906e-05
3.622091651425656e-05
3.026237511577443e-05
5.584532296136236e-05
0.0001031865943367604
0.0001576955411454777
0.0002041359208974743
0.0002306398899696308
0.0002317138027738849
0.0002093111435447256
0.0001718610009796705
0.0001316253096191757
0.0001010092974251356
8.909684225675756e-05
9.914517690790597e-05
0.0001278056730055803
0.0001661938651739453
0.0002025108712509169
0.0002253824962457503
0.0002271524207798669
0.0002060600039480809
0.0001669094381072439
0.0001198963845971284
7.802911339564179e-05
5.373069418513776e-05
5.558048642828025e-05
8.593970962010633e-05
0.0001401631822361937
0.0002075150569721909
0.0002735883449504234
0.0003237081385580219
0.0003463517565977706
0.0003359648856363223
0.0002942911072160053
0.0002300995175489093
0.0001572248209864892
9.158027384494782e-05
4.75631495208668e-05
3.496691144400919e-05
5.683236034963559e-05
0.0001088581960172514
0.0001804077725073802
0.0002568171664486632
0.0003225901142477947
0.0003646274622593941
0.0003749213096706724
0.0003520779425183652
0.0003014318401888469
0.0002337562879577649
0.0001629275258232684
0.0001029856043389832
6.534005944849893e-05
5.657263359727167e-05
7.731212486325429e-05
0.0001223830675661813
0.0001820799603131973
0.0002442700883578893
0.0002969173115662781
0.0003303887486759637
0.0003392567816993584
0.0003230811840593998
0.0002862652536454363
0.0002369095516228332
0.0001850788056540373
0.0001407247058944135
0.0001118195718061935
0.0001029396821354213
0.0001146128287104344
0.0001434779389170181
0.0001831429623332997
0.0002256346143941793
0.0002629740535081528
0.0002886911457135528
0.000298952275690761
0.0002930893037575617
0.0002735034361230082
0.000245026690252719
0.0002137742853449043
0.0001859692393999695
0.0001667091522143799
0.0001591014082412328
0.0001638093708554186
0.0001791089480825113
0.0002013909294257805
0.0002259958782989099
0.0002481799545970313
0.0002640391607712438
0.00027122060794044
0.000269243950045807
0.0002594959126662761
0.0002447997134528252
0.0002287460174735862
0.0002149443846990025
0.0002062487600631211
0.0002042343140094997
0.0002089454281309116
0.0002189456189244651
0.0002317160945392559
0.0002442234170936352
0.0002535884216082369
0.0002577335759428005
0.0002557769134039405
0.0002482446346471724
0.0002369165613542811
0.0002244443733660416
0.0002137821225217248
0.0002075320632659364
0.0002073872601037165
0.0002137133651110076
0.00022546400801746
0.0002403410710702431
0.0002552301232906305
0.0002668100803069808
0.0002722344327771211
0.0002697200597817909
0.0002589584285562652
0.0002412541474712026
0.0002193371557355117
0.0001969113219833892
0.0001780284525341491
0.0001663123755704226
0.0001643212371169963
0.0001730285790526082
0.0001915785266015293
0.0002173811622311404
0.000246471066860683
0.0002741848826438758
0.000295820691490325
0.0003075413667099151
0.000306957314470874
0.0002936005704089445
0.0002691062252663798
0.0002370375485832014
0.0002024044514430805
0.0001709778566192265
0.0001484266873285585
0.0001394125756620115
0.0001468246930795386
0.000171220905823887
0.0002105695008802508
0.000260405747204846
0.0003143365214274456
0.0003649656240062824
0.0004049470264296302
0.0004282670212133496
0.0004312288548205274
0.0004133616428604011
0.0003776504971473451
0.0003303371995632704
0.0002800125153014559
0.000236304007577332
0.000208159699712588
0.000202217306343054
0.0002213915671875949
0.0002641232262743311
0.0003243898572734968
0.000392617552410399
0.0004573074228280844
0.0005071889564545818
0.000533390912827854
0.0005312680260171167
0.0005014231197113693
0.0004496199391570912
0.0003858111398457801
0.0003219337810500049
0.0002695771511414633
0.0002374097640907605
0.0002294075560866955
0.0002439901704777097
0.0002744518248452494
0.0003105847792460618
0.0003410716930103885
0.000356143644774787
0.0003499071758704298
0.000321627952086355
0.0002758626055993661
0.0002212473606373715
0.0001682672937734397
0.0001266077018045849
0.0001027985752011358
9.860726295873331e-05
0.0001107756653882258
0.0001319980146810783
0.0001529655875846614
0.0001649345633777289
0.0001620102496735628
0.0001427306192425539
0.0001103209534652632
7.18338313464245e-05
3.614168893603735e-05
1.161871991212639e-05
4.007431082702586e-06
1.51038401203104e-05
4.253075885578293e-05
8.061615256608207e-05
0.0001220640553530918
0.0001597435178040745
0.0001882859044187435
0.000204766619046042
0.0002086465370476962
0.0002009732553895739
0.0001834259860798325
0.0001575534659527093
0.0001248080586252379
8.727001287126607e-05
4.886994000703968e-05
1.649321394074645e-05
2.950511878744488e-07
1.271616035392234e-05
6.598111016762585e-05
0.0001685387873738097
0.0003213364903531729
0.0005150441020248507
0.0007295124825076356
0.0009360258778791758
0.001102373623411432
0.001199993605908529
0.001211245413983026
0.001135083963616088
0.0009894835582349734
0.0008090432101228235
0.0006385959267390017
0.0005233217586756797
0.0004982089657807178
0.0005790981253113753
0.0007580058556620112
0.001003910752254828
0.00126930148129394
0.001500512539583684
0.001650390265548875
0.001688340068934661
0.001607573813387495
0.001425551446564345
0.001178980467123767
0.0009147885731622607
0.0006787772118019778
0.0005055883595324899
0.000412514158524597
0.0003978580189488157
0.0004442836254941965
0.0005253818549093187
0.0006133308666819525
0.0006853395028804831
0.0007270888960689558
0.0007331499834547146
0.0007045898329528255
0.0006457506974903584
0.0005616235446804901
0.0004572284156064938
0.0003390806361251058
0.0002177978510991689
0.0001101209157639673
3.870821639122672e-05
2.841296704452113e-05
9.953363069916036e-05
0.0002595514137786821
0.0004963858835422111
0.0007757132689094623
0.00104497680854394
0.001243826857499963
0.001319505832807034
0.001243113622618079
0.001022009472743376
0.0007038681141950685
0.0003703599311650421
0.0001198775695170228
4.431528859015959e-05
0.0002041848096921895
0.0006099271296426065
0.001214668904628386
0.00192077331712611
0.002600735155263799
0.003125389399023591
0.00339485728548474
0.003362112621155973
0.003043989033975058
0.002516365702711882
0.001894972348077695
0.001306450610020331
0.0008586729917931029
0.0006163678136732365
0.0005898233135911652
0.0007377086837177478
0.0009828445459598093
0.001235573549920987
0.001417791570163891
0.001480686702985904
0.001412597756352451
0.001235710448749785
0.000994262645611769
0.0007395159205225286
0.0005161437273980458
0.0003548666778922
0.0002719750170109064
0.0002741465855412006
0.0003652546834358581
0.0005502714359721002
0.0008337892141207018
0.001212854348209239
0.00166643343553935
0.002147509100514995
0.002582013031905801
0.002878954493694537
0.002951680661333776
0.002745224970274356
0.002262753387248717
0.001581509558368306
0.0008500915796296679
0.0002651307809177949
2.839612721125163e-05
0.0002953793575764116
0.001127008223886612
0.002459337814365443
0.004101637487660542
0.005768375711296802
0.007136158782542866
0.007918907432532145
0.007937236398174766
0.007167736977817281
0.005756701130534525
0.003991073290116326
0.002236622029807473
0.0008524517742403921
0.000106273346126489
0.000112142819985099
0.0008045062690259782
0.001957441614722531
0.003243965688618228
0.004318714691936493
0.004905337637971259
0.004862971749282402
0.004217860243330668
0.003151361556004696
0.001949318580286972
0.0009261869243887308
0.0003468858559339335
0.0003631942932008117
0.0009839225451733044
0.002082181976152076
0.00343564023473516
0.004788409613243408
0.005912899747012325
0.006659137645900234
0.006976604936600147
0.006907601681653656
0.00655743637818418
0.006055183433884451
0.005518113992614397
0.005031746886496341
0.00465073793682756
0.004416222897249079
0.00437987740740044
0.004620671455371004
0.005242134239179635
0.006346925699721485
0.007990567301756216
0.01013021943215267
0.01258541790333407
0.01503257611370867
0.01704054339648857
0.01815384814185277
0.01800277372554969
0.01641887271771617
0.0135204208184431
0.009741075193506168
0.005778115829597647
0.002469011932784916
0.0006068421716505083
0.0007454169306974437
0.003033949802197298
0.00713371518530161
0.01224556240627945
0.01725938777160629
0.02099230249411879
0.02248016362895167
0.0212396994477249
0.0174439422698567
0.01195242744642402
0.006171432336367931
0.00176907018889792
0.0002894195586893493
0.002757846510550233
0.009370593478896405
0.01935467686810134
0.03103958556634451
0.04216490485846257
0.05034705556555522
0.05363934631813282
0.05103680562348
0.04282216318327903
0.03064014605593311
0.01727840313536379
0.006145300011137146
0.0005744903819433924
0.003057757058821673
0.01460215683588877
0.03435237879606233
0.05957920922161434
0.08609935576547056
0.1090244884893077
0.1237567978840912
0.1270125202177391
0.1176376970216424
0.09706316277824203
0.06924935145854719
0.04007099125880054
0.016280201440866
0.004149744410472332
0.008139666451031329
0.02978790533651162
0.06713812249050202
0.1148097292566576
0.1648250216915679
0.2079833905635237
0.2356870903848737
0.2417468996087171
0.223918248517997
0.1847617280974992
0.1316347914810906
0.07567777137841032
0.03000132295196752
0.00720450864558168
0.01679780980830673
0.0628985556569823
0.1427326649127596
0.2463632310954011
0.357692656306922
0.4569612844764611
0.5241577939877669
0.5431409878016373
0.505644392714279
0.4145261388192352
0.2855903787026749
0.1476281062618397
0.04020415332828717
0.009634719394544135
0.1032097425746701
0.36262942378123
0.8172856789517565
1.478795937970337
2.33670726492932
3.35766114121401
4.486105519018198
5.649433030591272
6.76374092621125
7.743239739013143
8.508437825785206
8.995300597792584
9.162392941194431
