# RCS in m**2 for a L=5 cm PVC cube at 0.0 degree aspect angle
# frequency = 86.25 GHz, 
# theta = linspace(0, 6.2832, 1441)
# phi = linspace(0, 0, 1  1)
15.24890164044071
15.01773841236512
14.34100376061235
13.2673158270584
11.87248165589649
10.2523204958271
8.513639886101931
6.764597974844009
5.105225992931711
3.61926526455139
2.368071738223583
1.387116052831244
0.6853518287770802
0.2472991611103343
0.03744477458164908
0.006317087896106969
0.09739321419190275
0.254003415811746
0.4254325103790626
0.5715719530498876
0.6657461440750957
0.6955071851506773
0.6615920599663342
0.5753314340186683
0.4550505840499857
0.3220622844102799
0.1968365233286723
0.09586333314608887
0.02957017231545879
0.001460547151399802
0.008457828224144752
0.04225143222982306
0.09131847889347448
0.1432222102011295
0.1867908649870178
0.2138335999482048
0.2201631462522357
0.2058325148456909
0.1746268972486624
0.1329696709939401
0.08849487675350302
0.04856135163727286
0.01896844794446114
0.003083955641173341
0.00149204838211448
0.0121763467492944
0.03115145624901663
0.05338890479896084
0.07384000834854854
0.08836154588117902
0.09438243074766266
0.09121410178975879
0.07998016041305873
0.0632150995696414
0.04423929508137033
0.02644997084830546
0.0126696255117974
0.004674646835298292
0.00297203199861436
0.00684451321103868
0.01462739553147421
0.0241383407582389
0.03315770356765071
0.03986092426837191
0.0431180627895771
0.04262076860982748
0.03882419886124627
0.03274896173032919
0.02568869218468401
0.01890935341417987
0.01339752057286076
0.00970767586776995
0.007927904561540565
0.007753273027824236
0.008634701897071481
0.009955359337789961
0.01118907105458799
0.01200424605302604
0.01229488079400451
0.01214450632247224
0.01174146289106374
0.01127952522741113
0.0108745827420596
0.0105239508825498
0.01011453504104985
0.009476533851301193
0.008460375749139186
0.007011516390979698
0.005216090721235354
0.003301399677995207
0.001588732534144049
0.000409960035541147
1.136618298691379e-05
0.0004742899332417701
0.001675673875491778
0.003304062005270612
0.00492953259582962
0.006112023806955864
0.006518874466042307
0.006021572789324227
0.004742898630164816
0.003040084625501552
0.001424270178948532
0.0004355994152521991
0.0005035810874376342
0.001829005830977284
0.004317870337430078
0.007586516464521215
0.01103816526980906
0.01399437818292086
0.01585016837346216
0.01621397161912288
0.01500059655619789
0.01245177254451636
0.009082093413718399
0.005561668642187695
0.002565750195308892
0.0006263121001493264
2.175669859535851e-05
0.000728507177293529
0.00244398597032242
0.004671628458413451
0.006845598341625963
0.008461851116362129
0.009185362445413296
0.008908923044681738
0.007753960730516116
0.006016601260036015
0.004079761188238513
0.002313865679824676
0.0009930952363043099
0.000246574033687735
5.206324037063371e-05
0.0002690478096195668
0.0006969904441738971
0.001139721870604443
0.001457271785829749
0.001592159825695676
0.001566369166556763
0.001453659281015687
0.001340303407983574
0.001287090455666886
0.001307190322066766
0.001364503123016411
0.00139229993713898
0.001324136736358954
0.001125003476846843
0.0008112766925369946
0.0004517255281626712
0.0001488095140187938
5.870394532731845e-06
9.091170347541016e-05
0.0004095604555237606
0.0008965287317165119
0.001429880344323732
0.001864989830657999
0.002077958714692052
0.002006703587075368
0.001675602763859307
0.001196047420794462
0.0007414070523647728
0.0005018149689871027
0.000631438270927705
0.001202890119794791
0.002180916738110704
0.003424519969224257
0.004716052325799231
0.005811220164713003
0.006496541832508228
0.006638415912167419
0.006213348232791875
0.005309903797199042
0.004104353555146237
0.002816143906308103
0.001656584056564208
0.0007827587047750506
0.0002692209971041283
0.0001018756294130783
0.0001946845613380911
0.0004218283170511877
0.0006557372386964254
0.0007998002680310921
0.0008082641759207423
0.0006886370904106171
0.0004890025232442675
0.0002754824881457482
0.0001078363398112472
2.107849777120853e-05
1.76847441636291e-05
7.184397309868389e-05
0.0001427079547765292
0.0001913944029525178
0.0001954702750093953
0.0001561882683682261
9.633756968309472e-05
5.012741472997778e-05
4.903422725361619e-05
0.0001088638234441295
0.000222811153659981
0.000363056100978907
0.0004904820997696281
0.0005695039760907298
0.0005827592376083295
0.0005407600374384248
0.0004826112850255483
0.0004672734960332357
0.0005571206736322721
0.0007984518297622638
0.001204991306882995
0.001748916216686476
0.002362929933045661
0.002953291892839051
0.003420126590608753
0.003680695356485532
0.003688958194706601
0.003446359886195404
0.003001601856617197
0.002439052148442893
0.001859091035994688
0.001355839030118401
0.0009971164703961159
0.0008122747474386048
0.0007895696943055731
0.0008835207964111706
0.001029415767821166
0.001160850994988413
0.001225615752052469
0.001196210166149062
0.00107292398779725
0.0008795248985928976
0.000653779840622157
0.0004356511921249821
0.0002568824542075083
0.0001343818668534816
6.866010084156196e-05
4.717263736171262e-05
5.072733870295882e-05
6.071935478377495e-05
6.490906440637135e-05
6.012760636493759e-05
5.154696364205485e-05
4.906038688402451e-05
6.237141664558685e-05
9.652517621260052e-05
0.0001493637333188792
0.000211691493522875
0.0002700248194815254
0.0003109171807794026
0.0003252428706170691
0.0003114855199455867
0.0002763492363984137
0.0002330228244515702
0.0001973100875573871
0.0001829167162602487
0.0001972681385515615
0.0002391985373596203
0.0002991059884020516
0.0003616466774252061
0.0004101045786010743
0.0004314645999907956
0.0004202829890052753
0.0003807638086929049
0.0003261461200775246
0.0002754969871839356
0.0002489609212299348
0.0002624652986629295
0.0003234075799977012
0.0004283518189729105
0.0005634169150785436
0.0007071286084456798
0.0008352531444848211
0.0009260880812823768
0.0009653509456450955
0.0009492254468086847
0.0008850452466064152
0.0007895066497077166
0.0006848541950544972
0.0005939702731908699
0.0005356999802072454
0.0005210054908544304
0.0005511563415169363
0.0006180126953266186
0.0007062099540616039
0.0007967070902666753
0.0008707617595844951
0.000913537659218457
0.0009166335357584864
0.0008790956194428152
0.0008068556694137472
0.0007108810748810025
0.0006046713908348045
0.0005014556870654355
0.000411979157751092
0.0003429312396113687
0.0002965518068052358
0.0002709903685633594
0.0002614407427203199
0.0002616117732086181
0.0002651790079109525
0.0002669255849982207
0.000263500182561229
0.0002534562959802369
0.0002371586782243475
0.0002161527815917574
0.0001926690745616029
0.0001689085404726536
0.0001468045421132204
0.0001276905953326408
0.0001123399401847529
0.000101017164291324
9.364264571443653e-05
8.989172141845477e-05
8.930869974575385e-05
9.135345316595773e-05
9.544713557190489e-05
0.000101008721431722
0.0001075160855833613
0.0001145841687076338
0.0001220481934352105
0.0001300289948971453
0.0001389090943843386
0.0001492447411062695
0.0001616102779569836
0.0001763425964940531
0.0001933847901972077
0.0002120910182395104
0.0002311906147110444
0.0002489795237255724
0.0002635361385480935
0.0002731639578254825
0.0002767704689558381
0.0002742749349437959
0.0002667631378548542
0.0002564588208375518
0.0002464377296917478
0.0002400983863734741
0.0002405168593555645
0.0002497982995555176
0.0002684644190670787
0.0002952268118562498
0.0003270214693884194
0.000359425566804522
0.0003873755710916947
0.0004060812169096347
0.0004119755841294039
0.0004035354370671798
0.000381637023746447
0.0003497157046093928
0.0003132061369364717
0.0002786884309497055
0.0002527770754341714
0.0002408571972861278
0.000246013372507664
0.0002683401220119881
0.0003047297503193896
0.0003492777652211769
0.0003942294862622117
0.0004312783427975025
0.0004531210661842329
0.0004548489748006951
0.0004348957797931137
0.000395612710196284
0.0003429295247477506
0.0002855225123333359
0.00023325437414341
0.0001954963498794768
0.0001793755460002243
0.0001883495093238378
0.000221440857571527
0.0002732177444589095
0.0003346206090518795
0.0003944796668862813
0.000441499055429615
0.000466276349978195
0.0004631990996024252
0.0004315283314715401
0.0003757554528639228
0.0003049594430389195
0.0002312634109967325
0.0001676881495623082
0.0001258340516247999
0.0001136123989379057
0.0001337031098277605
0.0001829126912323539
0.0002525944557686335
0.0003301222308131595
0.0004011464995326974
0.0004522547930915637
0.0004734366432476825
0.0004600974452560251
0.000413948464472088
0.0003428627423108356
0.0002593613726355166
0.0001784640136673715
0.0001147467499337701
7.967252214411273e-05
7.935235807904552e-05
0.0001134084567700494
0.0001750283023759318
0.0002522909791645921
0.0003304466482492079
0.0003947901732629727
0.0004334295022918573
0.0004395376100236937
0.0004125439327299804
0.0003580665098433187
0.000286687445380876
0.0002117204216104834
0.0001464767020253957
0.0001017629780395721
8.384638048881325e-05
9.354102997547817e-05
0.0001263802208282513
0.000173928700739881
0.0002258010013910384
0.0002719120211083144
0.0003044948203528213
0.0003194784913803346
0.0003167772491845017
0.0002998068515651908
0.0002740844840211133
0.0002456114184423561
0.0002193099294623411
0.0001979979191776591
0.0001820854844461639
0.0001701283559615291
0.0001598713643618453
0.0001495873824386502
0.0001391100445724503
0.0001303328634931795
0.0001268441305457171
0.0001328855776892323
0.0001517620903286256
0.0001843069224134887
0.0002278001617657902
0.0002758218025063088
0.0003191836326680828
0.000347834948816306
0.0003533338893785869
0.000331280559768944
0.0002829673052561542
0.000215832494299456
0.0001423396239375328
7.74994835732469e-05
3.549854719555854e-05
2.626616703242312e-05
5.28355175384213e-05
0.0001102111359758901
0.0001861514118057302
0.0002637918284303097
0.0003254979663834955
0.0003570412320121099
0.0003511366606440237
0.0003092213328842289
0.0002411965068348572
0.0001629810396029401
9.249045766504542e-05
4.511748202595251e-05
2.981616876796317e-05
4.689471165764266e-05
8.810193260168064e-05
0.0001390344873716079
0.0001832383390320819
0.0002068881846312459
0.0002027741105213535
0.0001724808676847191
0.0001260370765429358
7.916227879229436e-05
4.872763284915346e-05
4.780918521369146e-05
8.155854265941763e-05
0.0001452530003116209
0.0002250888933050054
0.0003015900070895659
0.0003547889867022767
0.0003698172845519409
0.0003411565153938122
0.0002746462278714285
0.0001862797884309964
9.824016252251501e-05
3.312642140709229e-05
7.946919077988145e-06
2.958014422095498e-05
9.292193014616822e-05
0.0001822840418199798
0.0002756965709964281
0.0003508791696478206
0.0003912185777512485
0.0003900212319933358
0.0003519602136254078
0.0002911763241964022
0.0002266925930855658
0.0001765879523939593
0.0001525498775524137
0.0001565236080633093
0.0001805132580633477
0.000209490353089911
0.0002266186983960143
0.0002191448415414713
0.0001831438972567532
0.0001255022662147241
6.250295848017498e-05
1.532146154286484e-05
3.597429833918937e-06
3.910743898910561e-05
0.0001214234471400425
0.0002369611035632867
0.0003618617879461543
0.0004679904058065417
0.0005304037329441206
0.0005341530175005873
0.0004783990788086772
0.0003766683862834493
0.0002530251161694076
0.0001354364012609906
4.804037134459651e-05
4.766301241520002e-06
6.083082883638615e-06
3.985048702320857e-05
8.595999554936888e-05
0.0001233080314195366
0.0001369370630041895
0.0001230651071649418
9.044253236196694e-05
5.752023142302642e-05
4.628682510963614e-05
7.464227797937646e-05
0.0001497065745511497
0.0002642773719159684
0.0003975867151957368
0.0005203838989160776
0.0006029465790806376
0.0006235799708531431
0.0005752319111028155
0.0004679818644675608
0.0003266402581105642
0.0001841401792243571
7.243397412891917e-05
1.364918679623136e-05
1.419403197412945e-05
6.346986986340461e-05
0.0001376686511083113
0.0002075306544264227
0.0002476898324425654
0.0002448046655239306
0.00020195936800984
0.0001379061886006055
8.135040655567268e-05
6.189332615094913e-05
0.0001004083415365178
0.0002017271698815914
0.0003519708359770815
0.0005214307406632046
0.0006721983089748627
0.000768528958944936
0.0007866948547960154
0.0007216599458409773
0.0005884025479275355
0.0004175772635882298
0.000246832690291388
0.0001102597952716002
2.923921550460658e-05
7.338826442598358e-06
3.0746796283346e-05
7.408267878400928e-05
0.0001097204063602011
0.0001176612798657939
9.286335131751216e-05
4.759441874413437e-05
8.001705196139133e-06
5.728974657153385e-06
6.716179130835172e-05
0.0002035646174728405
0.0004052398940146435
0.0006417920989631577
0.0008687123149406695
0.001038574101254277
0.001113946803495795
0.001078085724867991
0.0009402908116359536
0.0007343381657886225
0.0005100542437464199
0.0003202077030970148
0.0002066560544302442
0.0001891489345110859
0.0002604086560147035
0.0003886904842608557
0.0005272562384654631
0.0006280498447794579
0.0006557596368048966
0.0005981177052454277
0.0004696365280095794
0.0003074585752028366
0.0001605745645155952
7.546810394674213e-05
8.217903334627343e-05
0.0001849483522990365
0.000360202471777713
0.0005625552523742881
0.0007373145623611462
0.00083604831261714
0.0008307717490372437
0.0007228289168428946
0.0005436146052354222
0.0003470270571480497
0.0001951991645458799
0.0001416166916945051
0.0002160616415943869
0.0004155496949772183
0.0007038382807990901
0.001019801230199589
0.001292473903296502
0.001458885786985456
0.001479843081208445
0.001349668345083285
0.001097170324837013
0.0007776910306206923
0.0004585995108723571
0.0002019661757271537
4.930471300333473e-05
1.236535634788819e-05
7.239885995773072e-05
0.0001879232313725404
0.0003086654648547333
0.0003915942548358758
0.0004144845892659015
0.0003829377391819154
0.0003287953077369036
0.0003001953487696601
0.0003459535286129698
0.0004987189206884747
0.0007617897872856525
0.001103787822003868
0.001463161886502448
0.001762336105480719
0.001927963836559271
0.001912301294992409
0.001710148285491996
0.00136616726295034
0.0009698515936001823
0.0006384795822281427
0.0004911231516243798
0.0006196997036858874
0.001063673353870045
0.001795108416938738
0.002718161025988509
0.003684288676125274
0.004520759227049256
0.005066684524226588
0.005208965609770302
0.004910141453252329
0.004221584701843466
0.003278285328499532
0.002276047124877989
0.001434109226639202
0.0009518694938619123
0.0009675955528470181
0.001527984678747983
0.002575206783512598
0.003954207360117538
0.005439454394143919
0.006775948363222398
0.007726317396188164
0.008115822294752717
0.00786508089213646
0.007005558346779786
0.005674320848313437
0.004089427994707451
0.002510985693844831
0.001195165769516932
0.0003500048829604313
0.0001009537276371615
0.0004720204576936575
0.001385245535025249
0.002677900709132326
0.004133112300708548
0.005517910093804135
0.00662145367275481
0.007286810855262422
0.007431492684641504
0.007054224827628029
0.006228286287986508
0.005084675136806585
0.003788367867211791
0.002513785446755464
0.001422899865284777
0.000649171088786936
0.000288444434784431
0.0003959400115227407
0.0009873797172403208
0.002041654477923683
0.003502472783895775
0.005278772617705353
0.00724314277623427
0.009231381379429615
0.01104582846312688
0.01246642446665188
0.01327188950351476
0.01327251084304886
0.01235256773683226
0.01051817374617308
0.007943879910420551
0.005007762073843396
0.002307730944361671
0.0006498255433423954
0.001003950984253265
0.004426394888459427
0.01195352593086762
0.0244762184616385
0.0426090554478936
0.06657199901987487
0.09609382230158163
0.1303713376782633
0.1680715995923723
0.2073982374001406
0.2462130625330715
0.2822055333249596
0.3130889769826749
0.3368108394728763
0.3517433228516307
0.3568404341790719
0.3517429288621145
0.3368110158992066
0.3130894237849897
0.2822059987992323
0.2462136708695315
0.2073988330517462
0.1680721064273496
0.1303718125582833
0.09609255662569766
0.06657098698590236
0.04260935643184525
0.02447643654935584
0.01195365950929902
0.004426478502092339
0.001003981348472191
0.0006498088246644708
0.00230770458726547
0.005007721701676215
0.007943995451138577
0.01051827622603635
0.01235253537682283
0.01327249727257784
0.01327189273761545
0.01246643637342487
0.01104585921072537
0.009231387433992155
0.007243176607414498
0.005278691618318514
0.003502422869307359
0.00204160406489265
0.0009873910298597883
0.0003959454377599087
0.000288441548393855
0.0006491625326966054
0.001422887788527358
0.002513762307511149
0.003788339808478665
0.005084725909917674
0.006228320390257571
0.007054211576785099
0.00743149688497498
0.00728681360953376
0.006621445864547582
0.005517929122631115
0.004133131200733463
0.002677922470706915
0.001385206406227667
0.0004719908061226791
0.0001009515935921789
0.0003499958208580289
0.001195142047512402
0.002510950996776358
0.004089402647267989
0.00567430199406378
0.007005551238148885
0.007865083296083009
0.008115816225667696
0.007726292479720977
0.00677589603392647
0.005439473800972563
0.003954228623590483
0.00257522845315168
0.001528002651360109
0.000967597509147731
0.0009518675265852195
0.001434096357977062
0.00227608965058131
0.003278332271196328
0.004221573240175369
0.004910136956217265
0.005208967935598265
0.005066694285201828
0.00452077419381636
0.003684296701566044
0.00271817003946622
0.001795074166521118
0.001063654042797373
0.0006196884259967027
0.0004911214994640144
0.0006384729323363983
0.0009698499695438428
0.001366161734297194
0.001710146729680218
0.001912294952991046
0.001927962064159898
0.001762336887025198
0.001463145745015514
0.001103768345474388
0.0007617978552577425
0.0004987187587310801
0.0003459549804107535
0.0003001967232856075
0.0003287957233732688
0.0003829345126271758
0.0004144836920226914
0.0003915915671782134
0.0003086616579188378
0.0001879237361242215
7.239995669149757e-05
1.236618889355683e-05
4.930257579032126e-05
0.000201961157432636
0.0004585967377164513
0.0007776852087661935
0.001097175536052713
0.001349676987188491
0.001479843220291695
0.001458881442080817
0.00129248144684566
0.00101980614822334
0.0007038430222548878
0.0004155552901087374
0.0002160652870205354
0.0001416174714267368
0.0001952034360545445
0.0003470343616166536
0.0005436224139347449
0.0007228199564711408
0.0008307709667779481
0.0008360427805328838
0.0007373156412058189
0.000562557156029427
0.0003602077160931858
0.0001849534987598777
8.217685118044876e-05
7.54693908554398e-05
0.0001605730984902738
0.0003074555495526406
0.0004696363574846142
0.0005981148873982251
0.0006557573760292437
0.0006280509186074434
0.0005272564432945488
0.0003886834133079117
0.0002604054681365446
0.0001891479771272842
0.0002066562060848475
0.0003202053299093872
0.0005100523544585063
0.0007343360367287868
0.0009402871889246784
0.001078079397595994
0.001113948664280834
0.001038570453714152
0.0008687076878732896
0.0006417981798040249
0.0004052447721141112
0.0002035654738874549
6.716575204814606e-05
5.729655075200913e-06
8.001717229554914e-06
4.759349459740768e-05
9.286223712996761e-05
0.0001176614473969399
0.0001097196103510537
7.408486170933037e-05
3.074694647919686e-05
7.338835830784221e-06
2.923810237406051e-05
0.0001102566621011018
0.0002468316448877535
0.0004175786022698919
0.00058840698101319
0.0007216666442420708
0.0007866974691033359
0.0007685286486736151
0.0006721993617761001
0.0005214306884777471
0.0003519735830785003
0.000201728187059727
0.0001004083182744592
6.189296335479436e-05
8.135096879690057e-05
0.0001379099826134633
0.000201954972567035
0.0002448011307298304
0.0002476852477110047
0.0002075316948942775
0.0001376694148004744
6.346991336644861e-05
1.419475589385708e-05
1.364838995322337e-05
7.243849570602266e-05
0.0001841465262601601
0.0003266402267483981
0.0004679790693609422
0.0005752328882892228
0.0006235843728217847
0.0006029465119622519
0.0005203828559944681
0.0003975876576451665
0.0002642726224145188
0.0001497030336481812
7.463849067841782e-05
4.628643328931885e-05
5.752081415368965e-05
9.04429017939092e-05
0.0001230668044218145
0.0001369376807357017
0.0001233083091302372
8.595992787475889e-05
3.984889400695302e-05
6.083521109106794e-06
4.765782948098143e-06
4.803482133313063e-05
0.000135435835899506
0.0002530329330239087
0.0003766657883857896
0.0004784091759182511
0.0005341559364668174
0.0005304043795545188
0.0004679923167178372
0.0003618595891628633
0.000236969407811583
0.0001214234302873034
3.910557271410405e-05
3.597576748643133e-06
1.532326410242328e-05
6.250235945784353e-05
0.0001254970976904895
0.0001831428518141103
0.0002191481081793816
0.0002266170467135483
0.0002094893143974126
0.0001805159743202528
0.0001565257246784255
0.0001525492631477892
0.0001765901454859783
0.0002266961636060604
0.0002911687095316004
0.0003519610905357817
0.000390022999298109
0.0003912189522082896
0.0003508865979336984
0.0002756995178065359
0.0001822790868943475
9.292015601898138e-05
2.958005979919907e-05
7.947071683114529e-06
3.31267042618182e-05
9.824217443273521e-05
0.0001862839592030365
0.000274638381756839
0.0003411548825979666
0.0003698156812334472
0.0003547961948569481
0.0003015857825011624
0.0002250903092509484
0.00014524860979754
8.155907685545613e-05
4.780725407954889e-05
4.872784512435207e-05
7.915969992193139e-05
0.0001260368732384321
0.0001724807834771635
0.0002027734162568394
0.0002068856432024864
0.0001832353233102785
0.0001390332362394834
8.810096712507881e-05
4.689469184470045e-05
2.981445330626834e-05
4.511575952648702e-05
9.249095048926427e-05
0.0001629806401892574
0.0002411947806978655
0.0003092200108033499
0.0003511347856565228
0.000357041481982793
0.0003254986863731922
0.000263793991731954
0.0001861565601235424
0.0001102078236934137
5.283445966043159e-05
2.626780750839026e-05
3.549924244897978e-05
7.750071906836994e-05
0.0001423415272633253
0.0002158295906235839
0.0002829726998330016
0.0003312773172952866
0.0003533370191538683
0.0003478353135586662
0.0003191873838228355
0.0002758198366575829
0.0002278016121468543
0.0001843056031517267
0.0001517644136669568
0.0001328842321984872
0.0001268452410069824
0.0001303326913063745
0.0001391125433057194
0.0001495896054983463
0.0001598744076023992
0.000170127805053662
0.0001820872707674774
0.0001979890602816012
0.0002193100538723198
0.0002456088232263025
0.0002740839980941306
0.000299805806162209
0.000316781668601601
0.00031947404404885
0.0003044944869405771
0.0002719043091871758
0.0002258019548721952
0.0001739327102883865
0.0001263808091883812
9.354007290910202e-05
8.384759672850285e-05
0.0001017629069651681
0.0001464750278361938
0.0002117164298572191
0.0002866942635218153
0.0003580649869594366
0.0004125406219249592
0.0004395418985126721
0.0004334283921234393
0.0003947993023856825
0.0003304485622874845
0.0002522911678662622
0.0001750319312638103
0.0001134076978136147
7.935265102851642e-05
7.967530628149277e-05
0.0001147500648720477
0.0001784636626599495
0.0002593610265895701
0.0003428633727359922
0.0004139522657582763
0.0004600970748035441
0.0004734395516887807
0.0004522576746693398
0.0004011503310052227
0.0003301262569993765
0.000252584126195825
0.0001829132985047119
0.0001337011213145103
0.0001136106807062717
0.0001258334849275687
0.0001676820387942592
0.0002312597772953758
0.0003049617031648996
0.0003757521646598218
0.0004315263609119406
0.0004631987756270838
0.0004662783503299846
0.0004414916556558502
0.0003944805021838619
0.0003346267948430203
0.0002732216365915573
0.000221440710237567
0.0001883477139283484
0.0001793758660952372
0.0001954968620687345
0.0002332554728289767
0.0002855218903239739
0.0003429297672270487
0.0003956108256968064
0.0004348951472050873
0.0004548487463225751
0.0004531239690377943
0.0004312785345517016
0.000394227691864198
0.0003492792912682777
0.0003047300630024019
0.0002683381865226284
0.0002460149684941697
0.0002408561623028304
0.0002527816132821612
0.0002786877955898253
0.0003132082362801203
0.0003497206658417097
0.0003816375807555549
0.0004035330053188132
0.0004119731042841113
0.0004060734572770056
0.0003873721821974693
0.0003594267921044382
0.0003270220901781093
0.00029522310376928
0.0002684634112756043
0.0002498048675107789
0.0002405270333901573
0.0002400992373080601
0.0002464375086301693
0.0002564596909648271
0.0002667605939506911
0.0002742720203292291
0.0002767678544888761
0.0002731654169530852
0.000263536437937618
0.0002489788202666127
0.0002311907406682318
0.000212088322782598
0.0001933856359835534
0.000176345120470313
0.0001616122454470824
0.0001492463647083532
0.0001389098641559968
0.0001300319837500768
0.0001220501648691011
0.0001145855975479119
0.0001075152117112341
0.0001010086177220568
9.54443295886436e-05
9.134993177285547e-05
8.930489864547934e-05
8.989148163157885e-05
9.364317671990212e-05
0.0001010181550405945
0.0001123426306643658
0.0001276913791053257
0.0001468020132518938
0.0001689112232274961
0.0001926637751035389
0.0002161605313093687
0.0002371469090949644
0.0002534539899801454
0.0002634974177912152
0.0002669323303379238
0.0002651764945225497
0.0002616105150699026
0.0002614416671969602
0.0002709934199551718
0.0002965488404358047
0.0003429252741083914
0.000411946628223626
0.0005014572331862914
0.0006046760953956953
0.0007108861099806607
0.0008068512339073554
0.0008790941909585799
0.0009166349732265154
0.0009135376764238317
0.0008707596136677183
0.0007967143408000138
0.0007062082335349198
0.0006180046687949046
0.0005511539976850158
0.0005210021556385584
0.0005356981729213143
0.0005939699804027692
0.0006848433121034838
0.0007895128293179457
0.0008850328012223572
0.0009492242361546707
0.0009653546912271757
0.0009261012806618934
0.0008352644711819262
0.0007071398532130185
0.0005634133769461436
0.0004283515701273697
0.0003234020736368099
0.0002624766110684412
0.0002489684363538045
0.0002754984730343035
0.0003261379925003455
0.0003807650912681389
0.0004202794164992062
0.000431462267209691
0.0004101047961725911
0.0003616381409733607
0.000299106977068829
0.0002391983697431828
0.0001972689760372747
0.0001829136219492065
0.000197314974639594
0.0002330196294691817
0.0002763475089470153
0.0003114781060869295
0.0003252418873924653
0.0003109132121721364
0.0002700503906106988
0.0002116927639713401
0.000149358568285836
9.652246413906798e-05
6.237391937238337e-05
4.906061742533085e-05
5.154635580816679e-05
6.012903463833333e-05
6.490580381322773e-05
6.071957148239455e-05
5.072707639511536e-05
4.717267896076173e-05
6.866271869662772e-05
0.0001343759726180888
0.000256892122417712
0.0004356382590076639
0.0006537828750680436
0.0008795190214833012
0.001072934144425982
0.001196211179538354
0.001225610829657978
0.001160847242120481
0.001029414842832246
0.0008835115545477157
0.0007895688959803697
0.0008122759795942625
0.0009971197090323067
0.00135583917582603
0.001859082667455006
0.00243905874278065
0.00300156480841787
0.003446359193860528
0.003688952509626559
0.003680719008277092
0.003420109931662082
0.002953318572336267
0.002362897096658084
0.001748893877601321
0.001204991773411443
0.0007984955821095878
0.0005571207044099807
0.0004672741796873066
0.0004826113535600707
0.0005407649356285505
0.0005827655753567588
0.0005695050142779979
0.0004904791610224173
0.0003630514556489153
0.000222832392997076
0.0001088621327864527
4.903543098390471e-05
5.012733420057851e-05
9.634251300874954e-05
0.0001561870344048906
0.0001954759205881357
0.0001913900096033818
0.0001427016545062832
7.184793594652774e-05
1.768400049893778e-05
2.107477639478946e-05
0.0001078363574388478
0.0002754906937247293
0.0004889994501610247
0.0006886337992285797
0.0008082704231546512
0.000799809302006628
0.0006557430864176771
0.000421836911156433
0.0001946916389856694
0.000101875679625319
0.0002692299430877577
0.0007827585354692233
0.001656605206259884
0.002816134096053044
0.004104387698455681
0.005309889446279369
0.006213374076258881
0.006638404824305776
0.006496544176777497
0.005811307506335414
0.004716053647416768
0.003424442579833756
0.002180944960512649
0.001202845270508285
0.0006314576237438443
0.0005018022634938043
0.0007414106445097579
0.001196059324690487
0.00167555256360262
0.002006703453227686
0.00207794925826712
0.001864975934520113
0.001429880784678211
0.0008965484724967388
0.0004095381230057343
9.091941487195225e-05
5.870548111102938e-06
0.0001488001578659426
0.0004517255540167847
0.0008112869935599973
0.001125003509411581
0.001324164609302067
0.001392303582203728
0.001364500111666211
0.001307186388237452
0.001287084412635562
0.001340299940139471
0.001453742740650229
0.001566358312120176
0.001592159886835753
0.001457251325893957
0.00113971384131496
0.0006969596193892042
0.0002690593036724354
5.206481579435988e-05
0.0002465529807070033
0.0009931061581396044
0.002313758154828142
0.004079761014566659
0.006016748854924384
0.007753941085372505
0.00890900955406277
0.009185305067514121
0.00846178018467692
0.006845716687743359
0.004671623842386949
0.002444064140767766
0.0007285069524654931
2.175331077374981e-05
0.0006263120485330505
0.002565861872138598
0.005561630209491945
0.009082244563435711
0.01245169645034387
0.01500068242950966
0.01621396082209256
0.01585015552288564
0.01399457914217212
0.01103816351593469
0.007586371002289032
0.004317916992882886
0.001828938336749333
0.0005035839443895777
0.0004356048836930428
0.001424225691748672
0.003040136529696284
0.004742849599155234
0.00602157639811862
0.006518899757910684
0.006112007693389968
0.004929465433017618
0.003304049524588046
0.001675618436431789
0.0004743145181626511
1.136494836049104e-05
0.0004099108163658678
0.001588806195605695
0.003301468767609488
0.005216013406662262
0.007011549235435363
0.008460291157338934
0.009476512533877348
0.01011451568825516
0.01052398208152383
0.01087457633054871
0.01127948672117624
0.01174145566354437
0.01214450488208359
0.01229482305681839
0.01200411505085525
0.01118906074935686
0.009955355270862394
0.008634660235209115
0.007753291844346161
0.007927884631261328
0.009707574151510584
0.01339751894877533
0.01890956413709871
0.0256885053850083
0.03274900629270965
0.03882400643257319
0.04262017664837774
0.04311819324517603
0.03986091711498261
0.03315820723728426
0.02413834122093277
0.0146269532003039
0.006844588633990955
0.00297197901586075
0.004674559579921044
0.01266985492018423
0.02644928753489544
0.04423961580187687
0.06321452272233291
0.07998015109001343
0.09121358393747722
0.09438236906491117
0.08836116648819539
0.07384017370335305
0.05338806137209632
0.03115198606965108
0.01217597097733671
0.001492248841016286
0.00308405385630107
0.01896718577813069
0.04856135640439846
0.08849673113817341
0.1329692266279889
0.1746278854300404
0.2058318931214266
0.2201629950533562
0.2138342246378883
0.1867905115802248
0.1432242830652586
0.09131810098676449
0.04224920891205856
0.008458005794573299
0.001460940102956646
0.02956932571209829
0.09586547822783902
0.196833372152535
0.3220646985765463
0.4550446625360898
0.575331621801783
0.6615890058085174
0.6955070598676983
0.6657434495677043
0.5715743992114035
0.4254263965700246
0.2540080610612767
0.097390465027795
0.00631853915743014
0.03744583860412184
0.2472834468099597
0.6853515115415794
1.387155616720708
2.368056249420376
3.619316159799169
5.105187813381306
6.764641440409298
8.513577410898124
10.25234647169422
11.87241365461297
13.26731695243857
14.34105034122068
15.01773465940333
15.248899152555
