# RCS in m**2 for a L=5 cm PVC cube at 0.0 degree aspect angle
# frequency = 89.25 GHz, 
# theta = linspace(0, 6.2832, 1441)
# phi = linspace(0, 0, 1  1)
7.740503573651114
7.596072604419165
7.175501001804581
6.515511507674081
5.672568999797183
4.716489185444152
3.722633018549343
2.763805828069779
1.902778837421335
1.18642243962251
0.6420768295555705
0.2765029253159273
0.07741080245378577
0.01717170209069608
0.05808504027695109
0.1583783266172359
0.2780655306036899
0.3838853827755797
0.4527107206459335
0.473103651480808
0.4449839882769537
0.3776473313624409
0.2866246884412652
0.1899785116976777
0.1046899682853827
0.04370314435261427
0.01403738627694509
0.0161695825441016
0.04465560014783372
0.08975494909590034
0.1396729448721913
0.1829590049465417
0.2106159424846098
0.2175603997888416
0.2032236827205987
0.1712553086064193
0.128454494605812
0.08319542433565982
0.04368144091815463
0.01636885067914585
0.004852993057521487
0.009390621531801738
0.02710626956785203
0.0527932768685919
0.08011128855080071
0.1029173150586947
0.11646155972608
0.1182210459772012
0.1082307507233302
0.08888061359227289
0.06425720883028453
0.03919297700857817
0.01823213385486212
0.004733221880190806
0.0002771342183951351
0.004483689787577482
0.01524515082132798
0.02929926291109263
0.04300016831810453
0.05311179176848392
0.05745618603626089
0.05528972851417117
0.04734733069872472
0.03556578304266477
0.02257271422839181
0.01106183480920066
0.003201088718504377
0.0001997044299002192
0.002115132712689305
0.007927856542807409
0.01584660796515414
0.02376291173864855
0.0297414773180231
0.03243668881552267
0.03134727544136199
0.02686461316648846
0.02011772539700596
0.01266697131506598
0.006123062455154282
0.001787061458314004
0.0003857280817899916
0.001957627589047137
0.00590129987205874
0.01116119328163891
0.0164963595826286
0.02076566378331456
0.02316052143484499
0.02334132863110444
0.02145344326696356
0.01803559210652222
0.01385256281561276
0.009700663182438269
0.006234250213353522
0.003850743377944879
0.002652713909552308
0.002483755868970182
0.003017567622857648
0.003869094080408696
0.004695693002106012
0.005264550634240519
0.005475113356560566
0.005340917035650665
0.004944438050847837
0.004386352140145822
0.003746323634506525
0.003068318854772961
0.002368695681596751
0.001661727548823052
0.0009862754051596775
0.0004205701336754175
7.589142650580503e-05
6.818985235125131e-05
0.000476303081985916
0.001301061542683359
0.002441109764843347
0.003697604750105587
0.004810227559975334
0.005518625119002926
0.005632909405131134
0.005093185210599118
0.003999772384896544
0.002601953789969428
0.001246235512762861
0.0002941304630048602
3.096430444504983e-05
0.0005895547194816618
0.001909657036629146
0.003745365108952421
0.005719381998501117
0.007411753445865576
0.008459721800345701
0.008643489409101536
0.007936489897898658
0.0065076849516404
0.004675527054362466
0.00282842142333745
0.001330725869887644
0.0004398168210940594
0.0002543980091873314
0.0007041888763946281
0.001581651643765941
0.002604657117674536
0.003490746601586069
0.004024474723303797
0.004100310282387125
0.003733454374062978
0.003039002137883405
0.002189182527035311
0.001362488377026472
0.0006992197648171413
0.0002748277876094143
9.478418523413363e-05
0.0001092813212254353
0.000239566830151136
0.0004061794381934473
0.0005502417474550227
0.0006424947284218049
0.0006801528626719054
0.0006754029698783538
0.0006423778963071004
0.0005880863522045538
0.000511394468952472
0.0004096629949046197
0.0002892780815036235
0.0001745819957017125
0.0001100413307084421
0.0001527643024031919
0.0003564788640655899
0.0007514980550367607
0.001327487510626304
0.002025350791831815
0.002743089667861734
0.003355023904137252
0.003740624503805127
0.003815246744959712
0.003553667722992638
0.003000343530918308
0.002261446741284063
0.001481144727731173
0.0008082095081854693
0.0003610100977838086
0.0002006375127224977
0.0003191543720345263
0.0006452273664294988
0.001065488675266532
0.001454916015082162
0.001708373816455202
0.001764358637816952
0.001616113317250845
0.001307457143620066
0.0009165192280465305
0.0005322052891055469
0.0002307620486411873
5.855441828706468e-05
2.474371819634146e-05
0.0001047154371353523
0.0002517369314673841
0.0004124985796120652
0.000541684852874946
0.0006115646115838724
0.0006150827913001883
0.000562531258264708
0.0004743370007869994
0.000373122609057808
0.0002775051751742325
0.0001995882506622423
0.0001458540389207327
0.0001202748952498256
0.0001274188469921776
0.0001738011389312117
0.0002665312232806399
0.0004095096991585351
0.0005988770087988569
0.0008197428568884744
0.001045759865560567
0.001243027615467716
0.001377198311799754
0.001422474504724463
0.001369487846263218
0.001230093937261052
0.001036562154454427
0.0008354894968792089
0.0006774823160935693
0.0006050102759853139
0.0006419544482290877
0.0007871574802631217
0.001014114887249055
0.001276802655078379
0.001520029378308954
0.001691878583405271
0.001755063133207226
0.001694529566242921
0.001519486847106885
0.001259927973290964
0.0009588888555884548
0.00066226546596108
0.0004091031358615317
0.0002246211253160729
0.0001170311672797647
7.870616822015275e-05
9.065488851543733e-05
0.0001288310937127241
0.0001704519976033958
0.000198797305409291
0.0002055539994382022
0.0001906166903594507
0.0001598644635729951
0.0001219319156976687
8.507102857164829e-05
5.492473493950511e-05
3.369242997201279e-05
2.054860667267031e-05
1.296162702880325e-05
8.19225356754503e-06
4.480114712067556e-06
1.494422256779463e-06
6.6306061882667e-08
1.388324404084151e-06
6.11626973276034e-06
1.375928458587314e-05
2.261749993289315e-05
3.030656288109123e-05
3.46796953756312e-05
3.479324409511158e-05
3.153330613776059e-05
2.766792109171193e-05
2.7209743031666e-05
3.427276945001426e-05
5.173586410077699e-05
8.014590474662073e-05
0.0001171953596405705
0.0001579883762642269
0.0001961311614102667
0.0002252894636878053
0.0002408917807856503
0.0002415242175384502
0.0002295423455209734
0.0002108641501878107
0.0001937026195064984
0.0001868396838939762
0.000197508830695745
0.0002296468116404778
0.0002827724311478547
0.000351840937625005
0.000428081341610465
0.0005006702615632162
0.0005588359132700092
0.0005940318748545291
0.0006015675479201577
0.0005815741179289704
0.0005389452952692573
0.0004823654006125117
0.0004226579940887227
0.0003707718978801706
0.0003358308649946957
0.0003235379073044366
0.0003353652954087246
0.0003684199096461037
0.0004161989541100576
0.0004698229665513378
0.000519729813924457
0.0005572225566198402
0.0005759294004194715
0.0005726549760404062
0.0005476928919216986
0.0005046375837899943
0.0004495009100401907
0.0003897263752078102
0.0003329272697651126
0.0002857308298211536
0.0002529246048605256
0.0002368620110374989
0.0002373197893675991
0.0002517813895155967
0.0002758988620538468
0.0003043184257862275
0.0003314777052585115
0.0003524074064932212
0.000363388537631357
0.0003623745159005983
0.0003491940806943774
0.0003254537157687608
0.0002942176145608263
0.0002595431564424206
0.0002258563647520139
0.0001973272568021588
0.000177296230514319
0.0001678259885192331
0.0001694406275728199
0.0001810800321027425
0.0002002565882510889
0.0002234672715916927
0.0002466869502383413
0.0002660145284052863
0.0002782278144353045
0.0002813158132324132
0.0002747767774156776
0.0002597246388740765
0.000238671307625506
0.0002151536103079788
0.0001931231251184003
0.0001762759488064742
0.0001674315858456824
0.0001679922666280853
0.000177696324036829
0.0001946559371685846
0.0002156696182422283
0.0002367821764076047
0.0002540575094029214
0.0002642601525765293
0.0002655178397700363
0.0002576921446119637
0.0002424020927951857
0.0002227550746949476
0.0002027021275682602
0.0001863054117140507
0.0001768620398760908
0.0001762423983023058
0.0001844748961452014
0.0001996772945074034
0.0002184678270735788
0.0002366258867298213
0.0002499977200621995
0.0002554058282340624
0.0002513940875547985
0.0002385884907916065
0.0002196351261389424
0.0001986882031851079
0.0001804923372247755
0.0001693671125809862
0.0001681407705648653
0.0001774512391504981
0.000195457578995498
0.0002181380207294337
0.0002401116500363802
0.0002557948860214899
0.0002607347159503723
0.0002527214410699859
0.0002324776407203748
0.0002037263290514658
0.0001725135285020643
0.0001459863974936069
0.0001307907612594234
0.0001314671141042721
0.0001492239647970955
0.0001813558042307999
0.0002215904643628365
0.0002612350179216051
0.0002910177512121416
0.0003031911669007719
0.0002934531482413299
0.0002622364297537364
0.0002149441649326111
0.0001611471109972309
0.0001126591428074076
8.101078668760803e-05
7.4779114717874e-05
9.741692166449104e-05
0.0001460919216652502
0.0002119081254590927
0.0002815385336641547
0.0003399577350322313
0.0003737704421840283
0.0003743316913415311
0.0003400010069379968
0.000276873486767357
0.0001978013903887027
0.000119801523651076
6.038062523215772e-05
3.358511921972805e-05
4.665612016141798e-05
9.813373185591808e-05
0.0001778872781908677
0.0002691600370956319
0.0003521919989345055
0.0004086422428902813
0.0004258332720170971
0.0003997248865052541
0.0003358913225453821
0.0002483656268552347
0.0001563784760708973
7.99124622026295e-05
3.500523696353515e-05
3.006644118317358e-05
6.399203423033769e-05
0.0001266228346417631
0.0002014224921106185
0.0002696358317497314
0.0003150135630666666
0.000327702254209921
0.0003064762712717683
0.0002586632610791358
0.0001978188870393683
0.0001398217946551916
9.845774294468412e-05
8.170409627219137e-05
8.977885727873911e-05
0.0001154612848282628
0.0001465842567384389
0.0001700332819731397
0.0001759738802482283
0.0001611567301940028
0.000130169748156846
9.427888763762484e-05
6.806139790416778e-05
6.476310509576204e-05
9.180576559281554e-05
0.0001477452539370668
0.0002217892877725229
0.0002961328794239132
0.0003506590164470188
0.0003687027054215248
0.0003423110982454673
0.0002753549464305229
0.0001834321094444307
9.040170650195738e-05
2.232429913281087e-05
3.602591986473288e-07
3.461743925579572e-05
0.0001207520619462166
0.0002403825560878758
0.000365449057917885
0.000465365206989046
0.0005151146675428736
0.0005020639366411753
0.0004294531803133398
0.0003156328767009562
0.0001890619635323444
8.051371717348746e-05
1.463271890251674e-05
3.229037516295152e-06
4.236248252918952e-05
0.0001139785091135826
0.000191666354866408
0.0002488883719598288
0.0002671010499497945
0.0002414587488497822
0.0001822192007869411
0.0001114271650177488
5.586678978901785e-05
3.83385937708609e-05
7.007114771985639e-05
0.0001465791867290362
0.0002484194228107653
0.000346742630606319
0.0004119926226487298
0.0004231912864507231
0.0003748611596939064
0.0002793616121465893
0.000163819582715132
6.234847553230336e-05
5.884799724977276e-06
1.275290342968241e-05
8.281150888935708e-05
0.0001971440682650164
0.0003234494450971911
0.00042558100467571
0.0004744187755855143
0.0004565808539222429
0.0003784111672724126
0.0002638296255982755
0.0001468128335395734
6.065876014547428e-05
2.758571671997622e-05
5.193256735772358e-05
0.0001191093091285063
0.0002007690132268911
0.0002645159955676207
0.0002850470589313523
0.0002531048845415434
0.0001791867450594154
9.068809662252259e-05
2.325081502565935e-05
8.946238329195541e-06
6.515989555243205e-05
0.0001877763028444359
0.0003510894767698431
0.0005146420683641121
0.000635036470861874
0.000679128920342296
0.0006342619611651354
0.0005124119508952583
0.0003466935789428143
0.0001812611961495379
5.779057999732578e-05
2.810662490449765e-06
1.9969178388407e-05
8.977418923466216e-05
0.0001769294704995099
0.0002428790105663537
0.0002594822754939846
0.0002191833041264974
0.0001382957193402853
5.204284191475335e-05
2.887637397041656e-06
2.581744078869886e-05
0.0001354309089294383
0.0003191653306909391
0.0005392135263558107
0.0007426811411797127
0.0008770942794365288
0.000906348601837819
0.0008219880859449664
0.000646204957389466
0.0004254134873987496
0.0002163064131617399
6.877303998469397e-05
1.11800633164111e-05
4.253259181848696e-05
0.0001342664258678159
0.0002408743859690291
0.0003159828624843595
0.0003285478034378825
0.000273780718552673
0.000175179241011849
7.672249313450877e-05
2.7889458901364e-05
6.613161792728395e-05
0.0002028210145048525
0.000417291888769732
0.0006613201158442301
0.0008727815573572231
0.000994344357372331
0.0009913388118523931
0.0008630370880461441
0.0006434898138696989
0.000391777026737869
0.0001742122898882938
4.444360547960465e-05
2.753688374075244e-05
0.0001131327074181221
0.0002599164116630535
0.0004099316952303349
0.0005081294065253834
0.0005208792646026954
0.0004472899426939482
0.0003197225166598247
0.0001930320297770134
0.0001260523650231614
0.0001611947752039868
0.0003088622150158072
0.0005419181341155606
0.0008022977521606918
0.001018149431310199
0.001126128639141533
0.001092080946840218
0.0009235617368327531
0.0006696617573962475
0.0004081908353039684
0.0002234185698033835
0.0001812223435651666
0.0003088304426756505
0.000585545683286187
0.0009473243195143951
0.001304012610173728
0.001564298485971703
0.001661153207995572
0.001570078226151439
0.001315121007719424
0.0009608606563340131
0.0005930550915668255
0.0002937211402423798
0.0001183014959345472
8.155240944437925e-05
0.0001563044749175356
0.0002850592701584978
0.0004006520711776735
0.0004493519688108245
0.0004090614314751096
0.0002969357933681669
0.0001638763889850919
7.762753923987613e-05
9.954078275503772e-05
0.0002624245954118151
0.0005563901220021394
0.000927688142292696
0.001291304239011785
0.001554194852482147
0.001642630612393314
0.001525613255481732
0.001227361685045522
0.000824520650538944
0.000428444064661875
0.0001566429172912669
0.0001012550717229709
0.0003028856884866143
0.0007374155023988691
0.00131956941058555
0.001922757130728376
0.002410153241096791
0.002669057509095446
0.002639379791910036
0.002328804458998884
0.001810719354267918
0.001205056444345255
0.0006477540109882498
0.0002562709903987595
0.0001006385319088188
0.0001873356125891314
0.0004602099508405137
0.0008179026462705634
0.001142939305610499
0.001334641766262607
0.001336930941401417
0.001153485039698383
0.0008464045783888587
0.0005183886738255092
0.0002834572084200516
0.0002339462329898644
0.0004127732170567328
0.0007985810059700854
0.001308258088538057
0.001816664485185419
0.002188860220529753
0.002317150034338455
0.002152888203722678
0.001724945548789132
0.001139103427382717
0.0005576450742180042
0.0001630382220242977
0.0001138655081904341
0.0005033195623561253
0.001330315872913158
0.002491131788360404
0.003794383649392742
0.004997538145518995
0.005857523028440619
0.006185300702860526
0.005891983011071791
0.005016290327108198
0.00372648914113221
0.002294631953590485
0.001048007958978466
0.0003054537246869642
0.0003123267231805802
0.001186185087903583
0.002884744132054855
0.005203444413386733
0.007804040104241271
0.01027028619281813
0.01218095769086126
0.01318756343917291
0.01308243492244978
0.01184523001588983
0.009658071287510447
0.006886290821941483
0.004026909312723446
0.001632474815470297
0.0002220549220162732
0.0001936133232626698
0.001751773540590672
0.004862064741438057
0.009240956791320951
0.01438262544093549
0.01962096280330578
0.02421877573957129
0.02747357428843018
0.02882599125257259
0.0279575993658697
0.02486566966147628
0.01990512722232872
0.01379306720178109
0.007570286642011763
0.002527661830724206
9.948807289034589e-05
0.001735153512088999
0.008760077465388117
0.02223860882030898
0.04285177632234029
0.07080082719522689
0.1057487396479687
0.1467940965037722
0.1925089697067444
0.2410044859433486
0.2900449856863705
0.3371926550436468
0.3799751278613059
0.4160596793782899
0.4434236077395199
0.4605030646261782
0.4663084630793106
0.4605026880832218
0.4434238274136698
0.4160600044322633
0.3799757001771594
0.3371932831740821
0.2900456376426816
0.2410051866500201
0.1925095336422206
0.1467923251998296
0.1057472769895122
0.07080127925909274
0.04285212663847373
0.02223886574349412
0.008760215412835826
0.001735224429029633
9.947941964410896e-05
0.002527611110545327
0.007570210363539965
0.01379330591816944
0.01990534566266244
0.02486561225268736
0.02795756297573696
0.02882599222637938
0.02747360647069247
0.0242188162721577
0.01962098816852457
0.01438270926893648
0.009240767155349017
0.00486191688088741
0.001751672673085188
0.0001936240321915373
0.0002220434388222769
0.001632449683412483
0.004026871800345236
0.006886252824151059
0.009658026648795209
0.01184521585688009
0.01308244680790356
0.0131875449874585
0.01218098314897291
0.01027031381893941
0.007804076043413721
0.005203477522650344
0.002884773885825042
0.001186202048992878
0.0003123321267711428
0.0003054682882430979
0.001048053558522647
0.002294685998100789
0.0037264640667381
0.005016279403683341
0.005891941120404263
0.006185293019535124
0.005857527163296774
0.00499754609861507
0.003794401425348262
0.002491074305800303
0.00133027267897831
0.0005032923942419502
0.000113868115323115
0.0001630342145006716
0.0005576357923137227
0.001139093934769933
0.001724931872241406
0.002152904482829312
0.002317145188624123
0.00218885475693327
0.001816652463998183
0.0013082663051849
0.0007985889586495281
0.0004127764342609433
0.0002339479773717824
0.0002834535309620768
0.0005183852158240515
0.0008463999904644563
0.00115349513560269
0.001336921391234312
0.00133464579311789
0.001142937821763626
0.0008179050665538545
0.0004602207027154527
0.0001873394078705439
0.000100638502317425
0.0002562683380514271
0.0006477488042095634
0.00120507919990537
0.001810737425209161
0.002328835686781668
0.002639369544104438
0.002669064249477297
0.002410159963949539
0.001922760609347632
0.001319582004453164
0.0007374214414195564
0.0003028890308979803
0.0001012524069326828
0.0001566483924638371
0.0004284419465456559
0.0008245159928777755
0.001227356781630324
0.001525611342505862
0.001642633433040563
0.001554192798445751
0.0012913153087556
0.000927675106154697
0.0005563707639972571
0.0002624120442114509
9.954135638497415e-05
7.762916059914658e-05
0.0001638754491251755
0.0002969353338487287
0.0004090626441519913
0.0004493513446798979
0.0004006521847774683
0.0002850500605230127
0.0001562984436980661
8.155136387370317e-05
0.0001182988452336716
0.0002937190503394442
0.0005930503142585241
0.0009608576735263557
0.001315112328976466
0.001570073023765404
0.001661154766484575
0.001564293383243112
0.001303999206831665
0.0009473261459494564
0.0005855514213477726
0.000308834386657854
0.0001812229934806778
0.00022341766551643
0.0004081847128765849
0.0006696624077959222
0.0009235741867707498
0.001092084997144905
0.001126128841672136
0.001018150029896964
0.0008023022223947522
0.0005419213164793134
0.0003088637193305108
0.0001611954855018502
0.0001260506522638296
0.0001930282109704633
0.0003197292898194248
0.0004472949232870195
0.0005208780952323885
0.0005081303092721386
0.0004099326514932422
0.0002599190593301099
0.0001131346026389393
2.753683593387119e-05
4.44420909271639e-05
0.0001742062279712231
0.0003917885077342153
0.0006434982158719506
0.0008630274070843563
0.0009913373772313335
0.0009943447581964658
0.0008727821192972557
0.0006613272577312749
0.000417296371690954
0.0002028222616098437
6.612831183507947e-05
2.788966828366418e-05
7.672713409034356e-05
0.0001751771245988597
0.0002737783002480294
0.000328547841109572
0.0003159851809729164
0.0002408770302410262
0.0001342664789536973
4.253375069776144e-05
1.118038030964805e-05
6.87785915488955e-05
0.0002163050733722913
0.0004254100233120237
0.0006462035127031483
0.000821985154707558
0.0009063438634876195
0.000877098759831091
0.0007426845403592886
0.000539217863299524
0.0003191583823459655
0.0001354251075417269
2.581749665903638e-05
2.887533379521589e-06
5.204093815001178e-05
0.0001382941672765476
0.0002191832809322729
0.000259482654503603
0.0002428809010618214
0.0001769222512603882
8.977090705477747e-05
1.996780368513251e-05
2.81024325628663e-06
5.779014198620301e-05
0.0001812570369318416
0.0003467044508253554
0.0005124136538669263
0.0006342633695726117
0.000679130087363372
0.0006350339214399892
0.00051464429878575
0.0003510893987774778
0.0001877886217007138
6.516139756142833e-05
8.946285489389968e-06
2.324987264227645e-05
9.069253124265169e-05
0.000179185814800501
0.0002531069646054237
0.0002850464419783952
0.0002645140508975572
0.0002007733608972981
0.0001191093800431555
5.192889665012152e-05
2.758575826838038e-05
6.066305910993603e-05
0.0001468155687737195
0.000263837572442535
0.0003784024838381355
0.0004565772715829378
0.0004744233229635066
0.0004255845411806819
0.0003234576841641865
0.0001971462629446768
8.280722536948392e-05
1.275349503981738e-05
5.886271243194937e-06
6.234606928768192e-05
0.0001638258845859618
0.0002793590851287421
0.0003748590630725521
0.0004231903177585394
0.0004119919246539201
0.0003467357457134659
0.0002484180967099143
0.000146573629268761
7.007144475334276e-05
3.833943006893929e-05
5.586571124367486e-05
0.0001114283654179524
0.0001822144728658106
0.0002414606527945101
0.0002671007062902359
0.0002488861518058949
0.0001916627030691507
0.0001139773162329941
4.236038221127985e-05
3.229595809395001e-06
1.463394968555672e-05
8.051347758135212e-05
0.000189061507323251
0.000315622993791424
0.0004294564521223565
0.000502065720634838
0.0005151208671882412
0.0004653586861786314
0.0003654512824045974
0.0002403775718555047
0.000120754087239553
3.46173710174283e-05
3.604514777712714e-07
2.232470989348548e-05
9.040568726766053e-05
0.0001834306641173508
0.0002753587622359288
0.0003423119957256357
0.0003687013683316933
0.0003506578075950363
0.000296134806538242
0.0002217945226221478
0.0001477443369960786
9.180540122664354e-05
6.476527850382716e-05
6.806351105214218e-05
9.427858097071057e-05
0.0001301688778233608
0.0001611535008133615
0.0001759730169674931
0.0001700373047455484
0.0001465843258197482
0.0001154668515726915
8.978153439734185e-05
8.170340744592062e-05
9.845662111480361e-05
0.0001398243435452062
0.0001978168890413
0.0002586622157628179
0.0003064710563637591
0.0003277029491415854
0.0003150137539159848
0.00026963605213618
0.0002014147959842492
0.0001266247211359996
6.399027804897714e-05
3.006687959899526e-05
3.500494608937683e-05
7.991092481288265e-05
0.0001563799216717626
0.0002483620400520043
0.0003358978312061987
0.0003997272705952478
0.0004258355764054366
0.0004086415818747345
0.0003521893775183613
0.0002691564920510288
0.0001778919742116662
9.81319340476937e-05
4.665936040966435e-05
3.358626518449526e-05
6.037918592290571e-05
0.0001198012219038471
0.0001978009472588247
0.0002768732753357214
0.0003400011703244834
0.0003743335226276449
0.0003737705736307838
0.0003399613295649273
0.000281539487090339
0.0002119132063201529
0.0001460893004573452
9.741438959057067e-05
7.478332925608888e-05
8.101138131610293e-05
0.000112659525276398
0.0001611481665421687
0.0002149414744468064
0.0002622353584345162
0.0002934539924777144
0.0003031907256410568
0.0002910160527033451
0.000261237746368015
0.0002215883487513714
0.0001813584979497547
0.000149225518396022
0.0001314726387343998
0.0001307884504671556
0.0001459841741192082
0.0001725140274866429
0.0002037231645186796
0.000232478406837716
0.000252721519219627
0.0002607326614951112
0.0002557971583302126
0.0002401092789055725
0.0002181360764877187
0.0001954583976633669
0.0001774526094706305
0.0001681397338161731
0.0001693663238000761
0.0001804941269008617
0.0001986861227825603
0.0002196355728477796
0.0002385840352556475
0.0002513966271028532
0.0002554057539324329
0.0002499953469872627
0.0002366264896947133
0.0002184679573319989
0.000199676162358849
0.0001844743683571489
0.0001762438923496273
0.0001768624806660969
0.000186304674222738
0.000202701843923208
0.0002227532017743633
0.0002424035481502056
0.0002576919535911427
0.0002655218271977224
0.0002642592016972305
0.0002540564991929856
0.0002367813012839476
0.0002156637814223414
0.0001946572010607821
0.0001776934768983978
0.0001679902510381453
0.0001674317233284778
0.0001762783079621988
0.0001931239889669195
0.0002151544508900479
0.0002386727120551259
0.0002597296409976063
0.0002747866594242545
0.0002813151994558215
0.0002782301945656853
0.0002660148340151904
0.0002466883767619127
0.0002234662886735002
0.0002002563675204775
0.0001810815021570246
0.0001694428573578574
0.0001678265383065619
0.0001772969216592856
0.0001973287451494798
0.0002258640638538615
0.0002595444063286752
0.0002942174657032735
0.0003254462694705028
0.0003491938805902625
0.0003623747264639069
0.000363383593009085
0.0003524084310070581
0.0003314769478872584
0.0003043170773939692
0.0002758986096368321
0.0002517815136826662
0.0002373275144787496
0.0002368651311864502
0.0002529271657886976
0.0002857353435554997
0.0003329293353516409
0.0003897272776346291
0.0004494982676262333
0.0005046259897957104
0.0005476986920289339
0.0005726495604712591
0.0005759395211284384
0.0005572237815504406
0.0005197305732815769
0.0004698189199087881
0.0004161949860391877
0.0003684134815564778
0.0003353619745458453
0.0003235343899043624
0.0003358293027170272
0.0003707760308315533
0.0004226583263811634
0.0004823663577727846
0.0005389538204492425
0.000581566451696728
0.0006015636432375298
0.0005940335286212895
0.0005588331357535642
0.0005006742818685879
0.0004280803936727203
0.0003518506703034725
0.0002827749798114197
0.0002296436708385968
0.000197512885309516
0.0001868385674299537
0.000193704066068273
0.0002108606886397076
0.0002295436607028913
0.0002415252451228229
0.0002408919561809478
0.0002252896077399515
0.0001961305902272765
0.0001579875444226479
0.0001171883343213998
8.014864661259774e-05
5.173575286864434e-05
3.427473769319686e-05
2.720990303280453e-05
2.766671668063104e-05
3.153261426421792e-05
3.479265883151316e-05
3.468100244642698e-05
3.03062078638902e-05
2.261658962779614e-05
1.375930894328465e-05
6.117148748251694e-06
1.388051256767869e-06
6.628178583679248e-08
1.494716641826104e-06
4.478645627122726e-06
8.19242600399191e-06
1.296158629847252e-05
2.054928297849065e-05
3.369229869477491e-05
5.492664593778423e-05
8.506894908447551e-05
0.0001219308629723438
0.0001598694587131672
0.000190617493474426
0.0002055526081401101
0.000198798353334119
0.0001704555197122923
0.0001288351522663139
9.065627802538896e-05
7.870514230378306e-05
0.0001170288643323933
0.0002246212238857926
0.0004090953307859819
0.0006622655448339259
0.0009589142836550706
0.001259926039691256
0.001519489803811155
0.001694531406725814
0.001755080152985825
0.001691880729307529
0.001520022436197858
0.001276809944964219
0.001014110322542207
0.0007871707841133836
0.0006419603401952
0.0006050150568089841
0.0006774661231264613
0.0008355037208336751
0.00103653235026107
0.001230111942630253
0.001369466092506302
0.001422460626296006
0.00137723052641057
0.001243027336478718
0.001045741223038122
0.0008197452172301736
0.0005988700011870543
0.0004095094562683118
0.0002665271447711776
0.0001738105173614876
0.0001274188630554495
0.0001202691017057722
0.000145853928295946
0.0001995911915060757
0.0002775052093540514
0.0003731253522946984
0.0004743332825834571
0.0005625349717908104
0.0006150834989431634
0.0006115680154141197
0.0005417021272664517
0.0004125091758859088
0.0002517415594739496
0.0001047152339159107
2.474208611640925e-05
5.855587350671323e-05
0.0002307727720059035
0.0005321916797515179
0.0009165251583763011
0.001307447200205387
0.001616104035048831
0.001764356024299017
0.001708374253082999
0.001454900828432897
0.00106549293411425
0.0006452131629519391
0.0003191538313320378
0.0002006385731875714
0.0003610002305157382
0.000808228650840248
0.001481121482405257
0.00226144646166571
0.003000401202864481
0.003553667475733358
0.003815195420099867
0.003740619810035681
0.003354999053948212
0.00274312848696077
0.002025340126303411
0.001327512007074185
0.0007515034165131949
0.0003564949140541408
0.0001527641620446713
0.0001100455685356402
0.0001745796312338978
0.0002892735681130826
0.0004096599713513831
0.0005113950432832076
0.0005880879480787316
0.0006423808905918365
0.0006754090457295967
0.0006801528537234932
0.0006424895763823051
0.0005502472980079195
0.0004061705866176151
0.0002395706406362331
0.0001092764250516314
9.477965617920874e-05
0.0002748314891741262
0.0006992017975692836
0.001362488886590882
0.002189245975791863
0.003039001810417134
0.003733500755281321
0.004100321087076376
0.004024457752934236
0.00349078533430984
0.002604625988393065
0.00158168924904343
0.0007041445724242624
0.0002544045305854709
0.0004398167571999041
0.001330785971885743
0.002828411051276627
0.004675601906002907
0.00650760361144336
0.007936551022357472
0.008643512511869714
0.008459703969067299
0.007411836672567967
0.005719381091718606
0.003745217381159746
0.001909672046213521
0.0005895142434411822
3.096611768068962e-05
0.0002941488202327372
0.001246198350317868
0.002601972658134073
0.003999697266086139
0.00509318544126944
0.005632944010743874
0.005518625403433439
0.004810168610176349
0.00369763307087899
0.002441056988526427
0.001301060306410784
0.0004762792764989648
6.819808717697958e-05
7.588975121053915e-05
0.0004205390888050696
0.0009862751964003871
0.001661755042530383
0.002368707837208156
0.003068304181057658
0.003746331637287049
0.004386366462725558
0.004944408765687305
0.005340946042756487
0.005475113387063387
0.005264549672400276
0.00469566115797612
0.003869100859825068
0.003017552246439939
0.002483757493671134
0.002652733916803987
0.003850707356873241
0.006234259847534069
0.00970052384504764
0.01385262329213385
0.01803570069042216
0.02145346313342189
0.02334144528743309
0.02316052034948131
0.02076549839420204
0.01649646827949394
0.01116101808904044
0.005901542848716445
0.001957606459814042
0.0003857179484103124
0.001787061498882828
0.006123334094838268
0.01266678496048153
0.0201180003627251
0.0268644517562124
0.03134727340273863
0.03243659324363935
0.02974140878660901
0.02376329631503829
0.01584660793299307
0.007927506964139045
0.002115231672413607
0.0001997300570914938
0.003200907638678753
0.01106201087781589
0.02257248759164914
0.03556609123125949
0.04734691051995569
0.05528972606836339
0.05745600765970643
0.05311180777896381
0.04299961137265554
0.02929952215335749
0.01524483707628775
0.004483983451782241
0.000277130439563219
0.00473290723313477
0.0182321476519924
0.0391916384224958
0.06425710271030145
0.08888171489440826
0.1082302854014914
0.1182213224742097
0.1164618193749553
0.1029169075912696
0.08011230913139354
0.05279289560234403
0.02710740369206248
0.009390620925824702
0.004853118039773392
0.01636868148648743
0.0436825088858465
0.08319442664105259
0.1284556795450181
0.17125422305449
0.20322390747209
0.2175601626645255
0.2106158451352683
0.1829571695279976
0.139673373100276
0.08975298370036174
0.04465628749663939
0.01616909638273809
0.01403701833649586
0.04370392105164701
0.10468656673439
0.189979029874099
0.2866197749663415
0.3776468836884015
0.4449859386812849
0.4731033873806583
0.4527088621594272
0.3838878439644159
0.2780632474349671
0.1583825682519588
0.05808425391955969
0.01717161316360312
0.0774106757563215
0.2765161600637256
0.6420705668888279
1.186446247111916
1.902759768446076
2.763829735092569
3.722598367142654
4.716504268752825
5.672526996283809
6.515513173008069
7.175530765920783
7.596069813331741
7.74050372584245
