# RCS in m**2 for a L=5 cm PVC cube at 0.0 degree aspect angle
# frequency = 86 GHz, 
# theta = linspace(0, 6.2832, 1441)
# phi = linspace(0, 0, 1  1)
15.30100236275031
15.07353830026708
14.40732283753095
13.3493763529274
11.9730842954649
10.37135321947539
8.648031870721484
6.908666388377491
5.251391071161895
3.759033020194751
2.493143327473199
1.490462049327503
0.7621106021390612
0.2953687491856877
0.05769743021579499
0.002407367402414208
0.07520115379597964
0.2207965317434475
0.3888715844875996
0.538708722654668
0.6421457118825432
0.6846302962145145
0.6645059782516812
0.590761498219429
0.4797844412199083
0.3515974414402517
0.2261792789738932
0.1203468274415317
0.0455661985081335
0.006882780320152537
0.002990197090595512
0.02728135973189669
0.06960248976150815
0.1183524903453027
0.1625598959842558
0.1936062582079234
0.2063584014283441
0.1995925554075801
0.1757199585597844
0.1399258409175249
0.09894344778142972
0.05969243247410218
0.02804337614811638
0.007896440752263525
0.0007074847641832228
0.005498573054189827
0.01929838815200321
0.03789475424272951
0.05672961182247441
0.07176459658132904
0.08015778841231788
0.08065178759058908
0.07362833639809772
0.06085300124799586
0.04498956311860569
0.02899886319598815
0.01554627085538202
0.006532815623304581
0.002822413268706522
0.004199177299090385
0.009537870688859232
0.01713016664085686
0.02508452976052926
0.03171297791075323
0.03582748596090182
0.03689914214747432
0.03506154744290871
0.03098460619016714
0.02565153320874122
0.02011062666492399
0.01525070023076366
0.01164941088245889
0.009515224940725403
0.008722605499798364
0.008917428320357142
0.009654353480446957
0.01052850468567989
0.01126725503659275
0.0117644283991497
0.01205738040170597
0.01226100980368774
0.01248623399893359
0.01277035851737044
0.01304303471425799
0.01313636638705713
0.01283691100534224
0.01196110551061964
0.01043142521388493
0.0083263929803417
0.005887691330751591
0.003479008878165365
0.001504872992855106
0.0003094152969303057
8.433542698052907e-05
0.0008100121794561597
0.002249377126529242
0.003998337172964239
0.005582470167807428
0.006575884762207775
0.006712477836350547
0.005959517058455294
0.00453400412905088
0.002854027782811481
0.00143719670523889
0.0007694241882221978
0.001177577292023524
0.002737781090597274
0.005243847687590779
0.008245030976044307
0.01114449545544315
0.01333678950571232
0.01434829358770642
0.0139496704333055
0.01220996231972469
0.009482048450454788
0.006321443290533287
0.003359685465812915
0.001162727112403844
0.0001083958953892368
0.0003110109522413211
0.001609325584975824
0.003617614078277063
0.005825527752741399
0.007719171915715992
0.008894828086678174
0.009138413288519748
0.008454328454643067
0.007040585565740964
0.005222794501617514
0.00336465490701146
0.001781105846691653
0.0006746416053154585
0.0001077340788676849
1.445700220041668e-05
0.0002424684141860041
0.0006101981951038413
0.0009613770828572096
0.001201930266596202
0.001311169987721795
0.001327596296552409
0.001317994997532709
0.001341154103032225
0.001420783540896706
0.001535045134922383
0.001625905965535256
0.001624026581258487
0.001479258870926239
0.00118581673868287
0.0007921189826461983
0.0003917451688465664
9.717250444495446e-05
4.524438028399444e-06
0.0001607744752137266
0.0005443083703758104
0.001065949501890561
0.001591631576962681
0.001980218862236297
0.002126566338765605
0.001996085150747815
0.001640491966452624
0.001189064824927321
0.0008165482976952094
0.0006961415745273038
0.0009506966297823936
0.001614495109373288
0.002618248508463959
0.00380033600522594
0.004942538768456695
0.005821075294858736
0.006259044149166438
0.006167686489457015
0.005565058576145753
0.004568763533096617
0.003365128762601455
0.002163776643956854
0.001149649574665529
0.0004448983790450693
8.908186588322967e-05
4.158980168823044e-05
0.0002032278369716238
0.0004496688360671535
0.0006664305520624305
0.0007765334912924511
0.000753388855177406
0.0006182397164459374
0.000424292438413792
0.0002340133328334313
9.753087768852518e-05
3.827213970447228e-05
4.949035035789151e-05
0.00010145818875655
0.0001557316564526964
0.0001809030862985286
0.0001643451346455905
0.0001160114332872809
6.361195391817803e-05
4.105798293173036e-05
7.475745130468431e-05
0.000172635423781112
0.0003199502403591701
0.0004833772563177977
0.0006224833897834551
0.0007045160795067658
0.0007177542219033822
0.0006787568717012799
0.0006307352678731101
0.0006328160530017485
0.0007430192918573442
0.0009999528087124201
0.001408210274147849
0.001932331090475936
0.002501574824276149
0.003023897154053489
0.003406859632325761
0.003579221087124858
0.00350769741143906
0.00320509763656729
0.002727413367151055
0.002160497589782819
0.001600694378707616
0.001133468759704051
0.0008161107663559238
0.0006678773287671177
0.0006699303181346398
0.0007738969013715783
0.0009167918824587114
0.001037420859428172
0.001090630613766212
0.001055723814814993
0.0009377542725782242
0.0007622157245006078
0.0005652090845116788
0.0003825001544991193
0.0002402344313754489
0.0001497326226339522
0.00010734051759954
9.84093713644891e-05
0.000103969490979542
0.000107534456897817
0.0001000841434705964
8.196228366563123e-05
6.127439780030768e-05
4.985118091112589e-05
5.819067109768075e-05
9.112734247358258e-05
0.0001456596167557148
0.0002114945189070236
0.0002741028956080184
0.0003190437733997003
0.0003365593542748804
0.0003244867046190144
0.0002889865712004508
0.0002427840529152175
0.0002014302666272056
0.0001785913045008052
0.0001823031042121482
0.0002125234004759001
0.0002612961577803115
0.0003151513470034296
0.0003592275586044388
0.000381658154692379
0.0003772871186156724
0.0003494766974848937
0.0003095003572971007
0.0002737217712319532
0.0002592894567990833
0.0002795496108384217
0.0003402008235041779
0.0004374704311764751
0.0005585056865261959
0.0006841688122845622
0.000793220685904592
0.0008671569663688396
0.0008943385678462329
0.0008726116524376221
0.0008096645097523346
0.0007212462088071451
0.0006275834745356292
0.0005491236418777415
0.0005021156716309368
0.0004954911019001299
0.0005293458441424777
0.0005953372708086833
0.0006788712775060504
0.0007622594451634613
0.0008284300388194106
0.000864135138700573
0.0008621551725351355
0.0008221545960456866
0.0007500348260792657
0.0006563277398432414
0.0005537278652262386
0.000454714048673782
0.000369329699344606
0.0003040053945252572
0.00026092367606205
0.0002384742018382773
0.0002322509082074816
0.0002363353104400344
0.0002446309866564634
0.0002519905375779017
0.0002547793935243357
0.0002511964181788705
0.000241059789937204
0.000225471844788527
0.0002061903037467805
0.0001852490616093649
0.0001644835279466304
0.0001453808195868359
0.0001289426437630882
0.0001157620092748215
0.0001060943044757954
9.993715894181554e-05
9.712094256749049e-05
9.737908439195633e-05
0.0001003817714963358
0.0001057703887484994
0.0001132090621391618
0.0001224205547186577
0.0001332338120536146
0.0001455783162852536
0.0001594479810789532
0.0001748073961299108
0.000191490632010937
0.0002090643715298478
0.0002267605318859917
0.000243440389015042
0.000257760036258735
0.0002683132533146082
0.0002739829304101602
0.000274201347778164
0.0002692805216792108
0.0002604959656613785
0.0002500558706946494
0.0002408362183948482
0.0002359379643856975
0.0002380810522499118
0.000249073622451369
0.0002692056978232308
0.0002971200772785498
0.0003297426701030407
0.0003627355271071087
0.0003911172225487387
0.0004101509270255908
0.0004162650749186036
0.0004078427914407279
0.0003856624917018797
0.0003530261558452953
0.0003153115613239364
0.0002791622951855294
0.0002513772258635439
0.0002376587404548599
0.0002414790157101745
0.0002633161916869531
0.0003003610821730983
0.000346827812622236
0.0003948442891368043
0.0004357567996567065
0.0004617059932864637
0.000467087799177059
0.0004496898097950093
0.0004113604798333828
0.0003577595301570931
0.0002976488553349419
0.0002413410688852803
0.0001989091973203096
0.0001783687670061297
0.0001840567153801606
0.0002156975381490453
0.0002682398502640644
0.0003325884646339503
0.0003971234856748924
0.0004497176723518428
0.0004799927829419541
0.0004813081852786159
0.000452131853561192
0.0003965167212881575
0.0003235906667149049
0.000245958145209231
0.0001775244634155043
0.0001309305098079754
0.0001150952907632701
0.0001334318361260891
0.0001830453324429917
0.0002550909740248994
0.0003362692388120055
0.0004112477225889257
0.0004655789324008664
0.0004883779545425046
0.0004746123478708955
0.0004261064032441656
0.0003514204782410089
0.0002641500540196353
0.0001805809221625257
0.0001163608528449263
8.354327650954265e-05
8.810080505606562e-05
0.0001287399719692741
0.0001970631166871269
0.0002792275289083063
0.0003586760866106432
0.0004194798324204505
0.0004495446206040716
0.0004430657799156723
0.0004016806361828358
0.0003340602347521154
0.0002540826432544635
0.0001778509462585801
0.0001202527952013535
9.188116669689345e-05
9.680341934938337e-05
0.0001318459000677985
0.0001874434701517855
0.0002498956919012988
0.0003045752346726765
0.0003391907821767082
0.0003466050707876329
0.0003262989074594858
0.000284347107942903
0.0002318030134577712
0.0001818548039616791
0.0001465906471704637
0.0001339682287022485
0.0001458947081331443
0.0001777637460030111
0.0002197275938453578
0.0002592409783551117
0.0002843869802666775
0.0002870467253989394
0.0002651614883957488
0.0002234369455944702
0.0001722962778412051
0.0001252722189288256
9.551788749274799e-05
9.227200599832036e-05
0.0001182402868277273
0.0001685879610666841
0.000231864554124281
0.0002926788709965833
0.0003355812144728221
0.0003489148968745418
0.0003280445659011406
0.0002766790663879577
0.0002061490219455327
0.0001327010675270506
7.338675878471406e-05
4.174786310645069e-05
4.426800090164592e-05
7.865698303067578e-05
0.0001344391477322351
0.0001957157174721416
0.0002454100583659201
0.0002699143107820786
0.0002627867920960205
0.0002265589154747575
0.0001720664528904297
0.0001154028725873036
7.337205145546885e-05
5.860041908146331e-05
7.574712046155168e-05
0.0001199120027886088
0.0001777712674809224
0.0002312435395653124
0.000262733600528721
0.0002604797333635259
0.0002225415889344533
0.0001581079280642605
8.566717281211666e-05
2.837825226010954e-05
7.756717644218809e-06
3.740862696457664e-05
0.0001185555108027004
0.0002387026421360454
0.0003739896659587491
0.000494739194769764
0.0005729241525468144
0.0005893893045938423
0.0005392084816947533
0.0004332920216975681
0.0002960109570455791
0.0001591660824072196
5.397420730195092e-05
3.195322852694661e-06
1.541511648423619e-05
8.316327130206777e-05
0.0001853006299238311
0.0002930237502297539
0.0003778443365163699
0.0004192455060350495
0.00040995029793534
0.0003573613208181795
0.0002806473362916708
0.000204673674251223
0.0001522813766316088
0.0001374023706023076
0.0001610205964541929
0.0002111263063209933
0.0002667209106678391
0.0003046527760618742
0.0003072871951468693
0.0002684170883008158
0.0001958991905280731
0.0001098735367279075
3.704567705735023e-05
2.699362655939307e-06
2.283955780322205e-05
9.874706037806112e-05
0.0002157646684317708
0.0003467455825812688
0.0004592805256702791
0.0005246936169379957
0.0005261142418824396
0.0004632912533004279
0.0003526544244008373
0.0002225896731932843
0.0001052283002643217
2.723293567270811e-05
2.290064316522473e-06
2.758407741687825e-05
8.532377775334855e-05
0.0001488957912074179
0.0001917661130735999
0.0001963790110432199
0.000160302576799329
9.76279736520587e-05
3.501393749922595e-05
3.520989620508884e-06
2.859531084536168e-05
0.0001212437249430473
0.0002732092522984447
0.0004577184336555708
0.0006358899538665174
0.0007669314623796387
0.0008194734077608873
0.0007804307365902283
0.0006589887815881941
0.0004843370945719532
0.0002977512741573207
0.0001412187021148005
4.60102124892033e-05
2.441920595709709e-05
6.717985999652945e-05
0.0001472256352936111
0.0002287229305142761
0.0002785441649757826
0.0002768325392012945
0.0002233016591849195
0.0001374660542855685
5.253908035374318e-05
4.934013038746233e-06
2.24976531927767e-05
0.0001150454937435001
0.0002701913553225489
0.000455783974021339
0.0006284353163963918
0.0007455754304455514
0.0007775716360524471
0.0007162505482645626
0.0005772819943852187
0.0003956335311106629
0.0002154966324789948
7.760193644694878e-05
7.807087042385638e-06
1.032209020937136e-05
6.766303055867368e-05
0.000147320650665572
0.0002130533552791144
0.0002373949540214535
0.0002113131332615186
0.0001480283735503168
7.953626306484631e-05
4.675749402569204e-05
8.616321637274059e-05
0.0002168977660572354
0.0004324865863285976
0.0006998959634343173
0.0009665633166023406
0.001173908566210651
0.001273390538493001
0.001240620662828665
0.001083450225415961
0.0008413769104319696
0.000575962834070857
0.0003551770122435911
0.0002352170846470853
0.0002454186973895367
0.0003801626571144967
0.0006002941390837857
0.0008436773989189194
0.001042099667140829
0.001139732618132599
0.001108258122697626
0.0009541807766538055
0.0007164864245026018
0.0004553653948139491
0.0002350919736296773
0.0001059464549330392
9.045748332172996e-05
0.0001776946350762994
0.000327297032407173
0.000482052672401663
0.0005853717032084249
0.0005986977839231042
0.0005136123031219901
0.0003553186798395217
0.0001760509695113458
4.035689642528021e-05
6.209558840434058e-06
0.0001073032388271721
0.0003415934162614513
0.0006695206791218485
0.001022680289619485
0.001320862950745543
0.001492796268770381
0.00149538051419187
0.001325732630089484
0.00102287971425371
0.0006585413458498245
0.0003191028007997341
8.370895094053564e-05
4.173776436568353e-06
9.207813155724881e-05
0.0003165292112956235
0.0006131783970608909
0.0009020100043858621
0.001109256194281575
0.00118733149574289
0.00112744756408929
0.0009614627816061666
0.0007522716191058235
0.0005754577500398377
0.0004969980616517237
0.0005533361349906868
0.0007393183223936698
0.001007763919090323
0.001281218096139759
0.001473042834922024
0.001512738800896044
0.001368579718081708
0.001061238393145928
0.0006642575115228523
0.0002901575454751954
6.494533272320051e-05
9.667911446811874e-05
0.0004456314605453413
0.001103832624102881
0.001989561523432226
0.002959356400868003
0.003835769806404474
0.004445389102415351
0.004658926654934213
0.004424279677922653
0.003784528221665079
0.002875855706675971
0.001904909020380455
0.001109344226438247
0.0007092866388988522
0.0008596348203262796
0.001613530034015206
0.002904872954866801
0.0045546324969964
0.006300225543829785
0.007842612718369663
0.008903353312834037
0.009278775731959349
0.008882118042374687
0.007764330316380177
0.00610944839554831
0.004204989623341327
0.002392547898161502
0.001007695725075514
0.0003200722593971637
0.0004848159694151115
0.001513590180409134
0.003271050205355642
0.005496476480711255
0.007846933413090555
0.009954076675942123
0.01148475064515975
0.01219524534721362
0.01197020991449024
0.01084038071444865
0.008977672089011081
0.006667530717534799
0.004266008371108902
0.002147035043772822
0.0006488453124841056
2.727940377219761e-05
0.0004218018697636842
0.001838139007195859
0.004148605696410977
0.007107988308385061
0.01038388441270407
0.01359454452307257
0.0163519524025601
0.01830504915759994
0.01918030891307779
0.0188170093185204
0.01719553307731387
0.01445741868559185
0.01091593808135086
0.007055633853046425
0.003518292174505729
0.001075590623967339
0.0005857463411493069
0.002935159948569074
0.008966728172552337
0.01939882334295338
0.0347414552929599
0.05521739638318754
0.08069917484387465
0.1106625341357862
0.1441849774752735
0.1799677696829688
0.2164028496213859
0.2516729199500554
0.2838808927716005
0.3111944825607644
0.3319961317354223
0.3450179649559104
0.3494505999441979
0.3450174509043221
0.3319961973930657
0.3111948081613163
0.2838813025927748
0.2516733249301281
0.2164035323843666
0.1799683381201618
0.1441854639996264
0.110661227150485
0.08069808759062121
0.0552177389562813
0.03474170820693098
0.01939903431510204
0.00896685432333957
0.00293522688115105
0.0005857570269879904
0.001075569624150459
0.003518252997750926
0.007055788107413741
0.01091608320583408
0.01445737023917953
0.01719549745306754
0.01881699375760526
0.01918032321298777
0.01830506779015129
0.01635195556048403
0.01359459131326835
0.01038374647556479
0.007107876758268497
0.004148491604778693
0.001838166966544625
0.0004218152094970933
2.727738792172137e-05
0.0006488333945387279
0.002147008939120899
0.004265964422386947
0.006667484655409305
0.008977760097475659
0.010840455061313
0.01197019603443118
0.01219525400840705
0.01148476760287728
0.009954088547558601
0.007846969027309447
0.005496512372996179
0.003271079063771616
0.001513534035546932
0.0004847903528852598
0.0003200840205088533
0.001007676630505662
0.002392519576138837
0.00420493992754489
0.006109416771145361
0.007764315548129165
0.00888211484922229
0.009278778321606814
0.008903311979284503
0.007842565178821866
0.006300151976930388
0.00455465704190473
0.002904892237159608
0.001613550380057214
0.0008596460126655438
0.0007092841805580204
0.001109353241605128
0.001904891288355261
0.002875900370451476
0.003784566435816299
0.004424288243559418
0.004658930765752464
0.004445391940035271
0.003835787663315811
0.002959380774116315
0.00198957413310531
0.00110384017414995
0.0004456122122478388
9.66741959751581e-05
6.494780237947319e-05
0.0002901505419962265
0.0006642496857535319
0.001061238504475555
0.001368579243527028
0.001512742244933755
0.001473039680104639
0.001281215135943823
0.00100776348301585
0.0007393071006968018
0.0005533277666747802
0.0004969978895668795
0.0005754562115974817
0.0007522702588905366
0.0009614633603806657
0.00112744923297133
0.001187328532751323
0.001109257761369021
0.0009020011909365913
0.0006131719809373117
0.0003165321470818425
9.208072092487371e-05
4.173603643810947e-06
8.370537811114404e-05
0.0003190962243644041
0.0006585361449699741
0.001022876167569855
0.0013257355056335
0.001495383805729013
0.001492795260714299
0.001320867857408247
0.001022687416525772
0.0006695243213848745
0.0003415969919605382
0.0001073058134598477
6.210530919698841e-06
4.035631791703727e-05
0.0001760586137441337
0.000355323763925504
0.0005136165642854982
0.0005986929808577286
0.0005853713665292079
0.0004820517747437508
0.0003272980087290365
0.0001776950096996054
9.04584758567592e-05
0.0001059447441877866
0.0002350996445214646
0.0004553734225068083
0.0007164804717451693
0.0009541765668077825
0.001108261361399349
0.001139731449533194
0.001042097471875784
0.0008436813922598849
0.0006002941133550413
0.0003801527806128128
0.0002454153853801387
0.0002352205073627312
0.0003551749523542138
0.0005759582377403774
0.0008413695653207756
0.001083447815369124
0.001240616478453228
0.001273390694788601
0.00117391416398499
0.0009665539593535333
0.0006998854161967034
0.0004324930695137054
0.0002169021590479201
8.616295116392134e-05
4.675713018228109e-05
7.953526359505722e-05
0.0001480283281391152
0.00021131153548376
0.0002373954950923343
0.000213050692368809
0.0001473173944185368
6.766548274319154e-05
1.032271898760657e-05
7.807098152821957e-06
7.760025902314304e-05
0.0002154930783042418
0.0003956322552171756
0.0005772806247091957
0.0007162520465209047
0.0007775699286597117
0.0007455741401982658
0.0006284381080321203
0.0004557867224969516
0.0002701913168113836
0.0001150489770912276
2.249816691021925e-05
4.934001908420464e-06
5.253827765281479e-05
0.0001374729538264933
0.0002233047845907151
0.0002768286750538311
0.0002785435633593063
0.000228720513293781
0.0001472303540439778
6.718043642882052e-05
2.441913603928777e-05
4.600841579834674e-05
0.0001412163161555737
0.0002977598789139584
0.0004843445301855029
0.0006589886873481766
0.0007804294714096527
0.000819475255162239
0.0007669359393614876
0.0006358899011918144
0.0004577165284643365
0.0002732119329515939
0.0001212390871398134
2.859300921056549e-05
3.521560846004211e-06
3.501325853347827e-05
9.762746088263684e-05
0.0001603030376847457
0.0001963796627160394
0.0001917657131088184
0.0001488953651095912
8.532465689578554e-05
2.758212503605285e-05
2.290011304985717e-06
2.723174349065801e-05
0.0001052199691809159
0.0002225875255087308
0.0003526630473766664
0.0004632891237123945
0.0005261167223770123
0.0005246931949977818
0.0004592757094138246
0.0003467439399644469
0.000215761978371598
9.8753584024001e-05
2.283950649273944e-05
2.699165475569347e-06
3.704477715895382e-05
0.0001098779339861854
0.0001958977747731888
0.0002684125849522761
0.0003072877007217238
0.0003046523160454394
0.0002667202500047496
0.0002111242857188421
0.0001610243928868512
0.0001374020644805459
0.0001522837274241134
0.0002046771098779694
0.0002806539620791801
0.0003573525216224175
0.0004099526971780074
0.0004192491783298935
0.000377846517121802
0.000293033380408065
0.0001853028649968888
8.315983596732459e-05
1.541526444426031e-05
3.195700366196785e-06
5.397503140261382e-05
0.0001591684128993464
0.0002960133838606929
0.0004332987930231322
0.0005392018174864888
0.0005893952769077066
0.0005729182885526217
0.0004947489679943012
0.0003739841721468901
0.0002387052030916416
0.0001185510784082602
3.740958011999826e-05
7.756171258929982e-06
2.837762948519768e-05
8.5668378606466e-05
0.0001581064296461174
0.0002225419184575625
0.0002604802533585545
0.0002627327209035064
0.0002312421304420776
0.0001777700566071297
0.0001199110619162246
7.574810920205955e-05
5.859813752994313e-05
7.337071767337744e-05
0.0001154041673039372
0.0001720655818064382
0.0002265597096105067
0.000262786361867769
0.0002699136431244838
0.0002454083057796005
0.0001957182570280365
0.0001344413583888473
7.866051770302065e-05
4.426587465741293e-05
4.174786905806765e-05
7.338350386459783e-05
0.0001327001470071314
0.0002061527113292881
0.0002766837851953742
0.0003280479143093054
0.0003489219345061275
0.0003355831284326907
0.0002926830826399022
0.0002318643162348838
0.0001685908804676618
0.0001182411122123026
9.227154511064812e-05
9.551843460788721e-05
0.0001252731076280892
0.0001722961074790924
0.0002234350097383441
0.0002651609859051755
0.0002870454542955959
0.0002843880954770322
0.0002592406379376342
0.0002197273369443767
0.000177762917231174
0.0001458892707323789
0.0001339675003731338
0.0001465891659410789
0.0001818583605306194
0.000231800086661739
0.0002843515759171299
0.0003263013601086296
0.0003466036692369918
0.0003391898228106171
0.0003045731882139042
0.000249905111701133
0.0001874448863522556
0.0001318451810703966
9.680312443886634e-05
9.188172324765944e-05
0.0001202503463851105
0.0001778487225603199
0.0002540858575791188
0.0003340609723329469
0.0004016830489529504
0.0004430665028984308
0.0004495426774029206
0.0004194881747307974
0.0003586757129725534
0.0002792318076281068
0.0001970640371489175
0.0001287390011459813
8.810348335688894e-05
8.354508650789682e-05
0.0001163641806522061
0.000180580237842313
0.0002641495263822633
0.000351419247262374
0.0004261124493909083
0.0004746092245652246
0.0004883812858563303
0.00046558196597421
0.0004112557625731435
0.0003362725317220472
0.0002550843152428558
0.0001830488579778621
0.0001334305094519358
0.0001150939787989405
0.0001309324206913907
0.000177518588300387
0.0002459558136771008
0.0003235877550146993
0.0003965140004723635
0.0004521316877063866
0.0004813092665697067
0.0004799931363117239
0.0004497200309006783
0.0003971206542247807
0.0003325953719989803
0.0002682401097500591
0.0002156944771307212
0.0001840558112475951
0.0001783696093078354
0.0001989082613529949
0.0002413418376640976
0.0002976454392486324
0.0003577593229003588
0.0004113532111638127
0.0004496950294429675
0.0004670847592499766
0.0004617058545460206
0.0004357557023060533
0.0003948460380151498
0.0003468257848330563
0.0003003612604201758
0.0002633141133038213
0.0002414794927953599
0.0002376595240984728
0.0002513803549365363
0.0002791610705463535
0.0003153118564813489
0.0003530270776916618
0.0003856600661884787
0.0004078437127124741
0.0004162595522150434
0.0004101454948333074
0.0003911118273124348
0.000362736669434742
0.0003297437721507449
0.0002971123608943118
0.0002692051565947978
0.00024907161305953
0.0002380912627277481
0.00023593815558282
0.0002408403713032736
0.0002500567825039531
0.0002604941716028176
0.0002692780122799922
0.0002742017947792064
0.0002739860629357755
0.0002683134538124056
0.0002577580315672154
0.0002434403367768189
0.0002267574336999967
0.0002090652977354993
0.0001914951141223679
0.0001748079090418497
0.0001594491945880307
0.0001455816702823457
0.0001332381316204706
0.0001224218472674625
0.000113209159986984
0.0001057716202320368
0.0001003825814817153
9.738036414603623e-05
9.712021095875938e-05
9.992983732651106e-05
0.0001060919623024289
0.0001157642405886485
0.0001289408878805869
0.0001453809331221243
0.0001644872116844408
0.0001852456535149625
0.00020619785913505
0.0002254664249171755
0.000241058979206251
0.0002511856949834861
0.0002547758818707224
0.0002519924522282879
0.0002446295462055452
0.000236330554033156
0.0002322484271572808
0.0002384729077706624
0.0002609259990924393
0.0003039995232145511
0.000369330429911372
0.0004546771491111024
0.0005537261907226212
0.0006563333235020631
0.000750043058480317
0.000822150929101965
0.0008621623282510391
0.000864129662448862
0.0008284374158912577
0.0007622569427363454
0.0006788782415565346
0.0005953365335348155
0.0005293423805137615
0.0004954876212619258
0.0005021154942886947
0.0005491160434366363
0.0006275803703470749
0.0007212311328900424
0.0008096698275126696
0.00087260087433352
0.0008943388474211678
0.0008671469006356359
0.0007932372005110039
0.0006841824696310156
0.0005585065649376013
0.0004374586282861137
0.0003402008768038992
0.0002795465580620753
0.0002593031966150249
0.0002737265011433975
0.0003095023687957001
0.0003494728190654072
0.000377274462066433
0.0003816511366001025
0.0003592260910044116
0.0003151526591052485
0.0002612931861384586
0.0002125216055864841
0.0001822999121050629
0.0001785862432570543
0.0002014244316776466
0.0002428035761745345
0.000288983308496036
0.0003244813415448958
0.0003365573981900142
0.0003190390029898183
0.0002741025260772878
0.0002115161953773417
0.0001456605690919477
9.11238237260617e-05
5.818625781338613e-05
4.985228866976733e-05
6.127150635695846e-05
8.196013459786385e-05
0.0001000862087859008
0.0001075307022991278
0.0001039713021346737
9.841232387191965e-05
0.0001073404777109678
0.0001497421848848359
0.0002402258674279668
0.0003825092648166567
0.0005651956116068599
0.0007622154214314971
0.0009377550430735032
0.001055727901080003
0.001090631693123764
0.001037415983597726
0.0009167891908500905
0.0007739023542233999
0.0006699210942666868
0.0006678866340127362
0.0008161106234649086
0.001133479090750834
0.001600719014840598
0.00216049486840875
0.002727415011040295
0.003205062016746717
0.003507696800118169
0.003579203512382479
0.003406889276308475
0.003023871331853483
0.00250159780821658
0.001932318796894584
0.001408196006979643
0.0009999526340064328
0.0007430535212351103
0.0006328156121362025
0.0006307365939178013
0.0006787566850917516
0.0007177448760565363
0.0007045123679496481
0.0006224840030768421
0.0004833785820284627
0.0003199430836641625
0.0001726529426735626
7.475765448027457e-05
4.10571681304699e-05
6.361196743617503e-05
0.00011601590459122
0.0001643444303187025
0.0001809066800782027
0.0001557279802413783
0.0001014573860632243
4.949342458321229e-05
3.827132667387029e-05
9.752503271807399e-05
0.0002340133793382697
0.0004243153970894671
0.0006182464973086734
0.0007533898393941197
0.0007765421930226207
0.0006664398965307521
0.0004496816101205322
0.0002032337526972842
4.159269032862354e-05
8.908190470885476e-05
0.0004449228571618328
0.00114964979012256
0.002163802250909955
0.003365099614868439
0.004568797326593548
0.005565037745615098
0.006167699432675792
0.006259087853452075
0.005821053061721065
0.004942605913877412
0.003800336610460011
0.002618188023773271
0.001614516700965962
0.0009506822429557963
0.0006961464560350855
0.0008165464806246838
0.001189057360220137
0.001640500600563044
0.001996043383357962
0.002126566869440671
0.001980199404353278
0.00159162343851441
0.001065942382938775
0.0005443280201848681
0.0001607635459854188
4.524094056941078e-06
9.717414143976219e-05
0.0003917286140852238
0.0007921186684041926
0.001185814387356461
0.001479258577457099
0.001624051629091023
0.001625911639137396
0.001535038441190204
0.001420780363246332
0.001341142641996665
0.001317987587462257
0.001327681788930179
0.001311173565880298
0.001201930260429643
0.0009613499976821785
0.0006101961834182388
0.0002424523739254132
1.446009969676615e-05
0.0001077396479950718
0.0006746074363658265
0.001781136634080048
0.003364538844289909
0.005222794354364358
0.00704072572102015
0.008454321033403116
0.009138472047970371
0.008894776656530505
0.007719082409482421
0.00582561359434971
0.003617598163544792
0.001609364599395875
0.0003110109784672491
0.0001084192930594897
0.001162726118881641
0.003359825436173212
0.006321380553190277
0.00948216618956048
0.01220989403545186
0.01394974862667612
0.01434834492145435
0.01333675873339356
0.0111446947169672
0.008245030439092634
0.005243743054330298
0.002737805891992123
0.00117755143444318
0.0007694050730798788
0.001437225886719227
0.00285396774727809
0.004534054037013703
0.005959483214666543
0.006712476304044883
0.006575875978647937
0.00558248548993669
0.003998262763637349
0.002249377683545589
0.000809967982781269
8.434498138401071e-05
0.0003094308175776737
0.001504792470823877
0.003479067419560261
0.005887774019166265
0.008326336179758351
0.01043154091440563
0.01196104347835477
0.01283697254223488
0.01313635072084388
0.0130430727274528
0.01277034767177401
0.01248619474273171
0.01226098825681344
0.01205738100837563
0.01176434053023613
0.0112671479155294
0.0105284966574074
0.009654359183511983
0.008917394880360141
0.008722615097760129
0.00951520669165291
0.01164931179419708
0.01525070189344196
0.02011064626260891
0.02565133435984405
0.03098462713506924
0.03506145195841449
0.03689851436969424
0.03582754193789001
0.03171296318941002
0.02508497692878786
0.01713016608929985
0.009537571880103863
0.004199234574780858
0.002822476205644388
0.006532717125630022
0.01554649394263728
0.02899815923966757
0.04498980730212877
0.06085255509250598
0.07362830626940355
0.08065139226861456
0.08015780786889561
0.07176412954932226
0.05672986832652642
0.03789396781495277
0.019298834584779
0.005498316759777883
0.0007074861511144655
0.007896602409274754
0.02804194426580073
0.05969243597241892
0.09894507624708242
0.1399257499698785
0.1757208072278466
0.1995923290844351
0.2063578738648098
0.1936071451677541
0.1625594937464477
0.1183544717209826
0.06960219163990256
0.02727953315749097
0.002990292630995147
0.006883691446629974
0.04556524474586932
0.1203493786229216
0.2261760940854651
0.3515995921794046
0.4797788408742599
0.5907622021532817
0.6645036335039823
0.6846301393649291
0.6421422929321879
0.5387110059509612
0.3888654939006722
0.2208009946930976
0.07519878889524215
0.00240803010581493
0.05769873768713141
0.2953518961186241
0.7621100440664823
1.49050287338248
2.493127962656156
3.759084877053007
5.251355235067886
6.908712033246762
8.647971890672567
10.37137701514606
11.97301217728154
13.34938047354591
14.40736702523674
15.07353389465079
15.30100227013575
