# RCS in m**2 for a L=5 cm PVC cube at 0.0 degree aspect angle
# frequency = 85 GHz, 
# theta = linspace(0, 6.2832, 1441)
# phi = linspace(0, 0, 1  1)
14.21353287929846
14.01412590222502
13.4293907912997
12.49860443187326
11.28322720017732
9.861411330303772
8.321067054662763
6.75237377302695
5.240298031550939
3.858031124855843
2.661882281728415
1.688068534142586
0.9516382540465876
0.4474710620946744
0.1531208356430251
0.03306277721310703
0.04376928892355954
0.1390110155808299
0.2747919100415776
0.4134087265549085
0.5263014084256421
0.5954791305119913
0.6135582670667549
0.5825640602803409
0.5117940479533423
0.4151389406891992
0.3082571684664347
0.2059870540548752
0.1202972569716773
0.05897234409274878
0.02510518109830687
0.0173486978481623
0.03078475470547631
0.05819265112163548
0.09147848687229025
0.1230286565455774
0.1467939532017737
0.1589789417360586
0.1582863501779891
0.1457342516726922
0.1241411464432416
0.09740154095343018
0.0696944756986385
0.04476568151102355
0.02538331216413001
0.01303767303954343
0.007890821646663245
0.008956396099175735
0.01444108469403396
0.02216832731594239
0.03000055687131142
0.03618583165756634
0.03958803159310781
0.03976435017511771
0.03692234109116529
0.03176459323521633
0.02527801197352758
0.01851353355476515
0.01239549317977206
0.007590991914695833
0.004451493464994041
0.003022098318995186
0.003102317427475197
0.004333890227670545
0.006293338467201413
0.008568497355533417
0.01080781996058454
0.01274383560545598
0.01419018973777468
0.01503143197492298
0.01520764345433782
0.0147097943826431
0.01358324676668241
0.01193835278629847
0.00996109851649225
0.007912330243842327
0.006110806861963347
0.004894565141324439
0.004565246299512373
0.00532532784710947
0.007221215996852136
0.01010811495554529
0.0136485886942301
0.01735069128337128
0.0206412327184606
0.02296570308044551
0.02389118766816567
0.02319629356783549
0.02092371778246547
0.01738383150487609
0.01310698186575746
0.008750202504511766
0.004975850664663963
0.002329156433831074
0.001136088897089101
0.001445715020085154
0.003027436949904305
0.00542467297768743
0.008052617453511117
0.0103195884288785
0.01174561289336196
0.01205432983038936
0.01121803605674829
0.009448856013264157
0.007139248979346648
0.004767474730046164
0.002788970548381481
0.001538666517051321
0.001166098660315905
0.001614380767010597
0.002647649991856978
0.00391609927948868
0.005044324019508243
0.005719126086618263
0.005758673647815155
0.005147093385308356
0.004028707609277783
0.002665945436047764
0.001372076221284197
0.0004372938645431087
6.34505421307003e-05
0.0003240412323737043
0.00115537506411369
0.002379097071630643
0.00374821046282043
0.005004009057085076
0.005930218534230871
0.006391283499213547
0.006349438458743513
0.005858151602514219
0.005037229764515299
0.004038131127238443
0.003009105752898093
0.002069070166899005
0.001294114694591342
0.0007180054866595391
0.0003425660547695387
0.0001525009945738485
0.0001284015198160644
0.0002534321494831369
0.0005124622605836615
0.0008851162489667406
0.001337352574658801
0.001815953515729418
0.002250170406509179
0.002561720425359815
0.002681578741351933
0.002568897770492921
0.002226394626747927
0.001706588155064144
0.00110588626154137
0.0005462249105471072
0.0001485946338103111
4.384614065774898e-06
0.0001522148749363484
0.0005667971755275636
0.00116304522738595
0.001815171323736276
0.002386317236594071
0.002761125215782191
0.002873357002170174
0.002721150062237315
0.002366260537589602
0.00191766094964898
0.001503488225896197
0.001238846699266931
0.001197422071433772
0.001394516965552918
0.001784577959976025
0.002273974283951578
0.002744946763249248
0.003084575431094837
0.003210720597181985
0.003089514507071177
0.002739974795038624
0.00222572719052289
0.001637503352294192
0.001069929839862987
0.0006012623550377938
0.0002783079780307167
0.000111557592559186
7.941343367320406e-05
0.0001395047915186276
0.0002431384754382949
0.0003483388332537351
0.000428353506955746
0.0004737732930580253
0.000488994863063747
0.0004851502358542278
0.000472501465359388
0.0004551357436705598
0.0004296877047933804
0.0003882127514568245
0.0003239045893976157
0.0002370440044748812
0.0001389675746133665
5.194850551594774e-05
4.820792289427995e-06
2.526692995203522e-05
0.0001311002324705597
0.0003232402229658513
0.0005829023403147178
0.0008740833163899518
0.001151113606030354
0.001369403405886634
0.00149669075879836
0.001521483425505505
0.001456340930763151
0.001335214453415563
0.001205020453024717
0.001113890630345839
0.001098911761813991
0.001176596594188438
0.001338637695952965
0.001553656160124285
0.001774756596715402
0.00195059783950943
0.002037461901125066
0.002009194929289617
0.001862312573657419
0.001616392675097902
0.00130849982743183
0.0009844793793588802
0.0006890020776763736
0.0004565174229592269
0.0003058059389138228
0.0002384161596598649
0.0002411374858078184
0.0002914423001354075
0.0003640108136653987
0.0004367283412777374
0.0004944761954537574
0.0005305640804362668
0.0005453654709572846
0.000543452017535472
0.000530212939179537
0.0005091762263507611
0.0004808306654837781
0.000443095914179256
0.0003931102862612689
0.000329663627368875
0.00025508428432983
0.0001760074526003192
0.0001026780689266333
4.67452186761945e-05
1.832465106750236e-05
2.30717598213454e-05
6.025400972182385e-05
0.00012229237968659
0.00019617087108484
0.000266175952560749
0.000317501999651305
0.0003396600841656577
0.0003288285977430643
0.00028866047497646
0.0002292510404827411
0.0001646059406169083
0.0001092474358779963
7.483480010544636e-05
6.764699285281375e-05
8.742240014071824e-05
0.0001278682965744883
0.0001786262987096028
0.0002280287747316748
0.0002660769128452549
0.0002867838274519031
0.0002894196343715996
0.0002782643962285266
0.0002612526823162739
0.0002476667326772393
0.00024563468267489
0.0002600246172280441
0.0002912362708654559
0.0003351230830878198
0.0003841047258355066
0.0004289688343615894
0.0004611644834886167
0.0004747002904173128
0.0004675995590664143
0.0004421663003842612
0.0004044717294176436
0.0003629072768014479
0.0003263616353575358
0.0003022839698501685
0.0002952417216197666
0.0003060505231546689
0.0003317988753236443
0.0003665645337418118
0.0004027305564337928
0.0004325087260667808
0.0004493935548217162
0.0004493070279291152
0.0004311206693061773
0.0003966694515689928
0.0003502857876544775
0.0002978183582570627
0.0002456622717287039
0.000199694929951349
0.0001645183181132017
0.0001429144902805071
0.0001356952388697737
0.0001418192271756274
0.000158726890361823
0.000182846883800358
0.0002100903242683792
0.0002364457804522269
0.0002583282468936122
0.0002729855900532292
0.0002787433961010973
0.0002751095497410775
0.0002628028046418798
0.0002436791563140243
0.0002204681349612256
0.0001964487826369959
0.0001750764509492716
0.0001594635296796463
0.0001519988240624911
0.0001539592987401559
0.0001653155791265789
0.0001847290085757589
0.0002096952231210699
0.0002369944537901035
0.0002631249218496891
0.0002849274226737152
0.0003000347415948661
0.0003073202088932506
0.0003069330302222027
0.0003003541856934557
0.0002899808827484043
0.0002787340149924917
0.0002694041242165475
0.0002642763066997723
0.0002645842106224188
0.0002704207051080041
0.000280712109191947
0.0002935585737978803
0.0003065833140666922
0.0003174665471845421
0.0003244826628306993
0.0003267824994644525
0.0003245554483868946
0.0003190043231740255
0.0003120290798823034
0.0003058017834874469
0.0003023189395739
0.0003029051241003186
0.0003079094300998121
0.0003166465021650702
0.0003274682129561502
0.0003380781383139752
0.000346033351892542
0.0003492468788756951
0.000346437019347453
0.000337447450128248
0.0003233417444581451
0.0003062498026671555
0.0002890161394819263
0.000274664374879672
0.000265840807862777
0.0002643066033237946
0.0002705130890000863
0.0002835383424573836
0.0003011443121551324
0.0003201839047133874
0.0003370923551325859
0.0003485426311542968
0.0003520383542722645
0.0003463491309119938
0.0003317851170842223
0.0003101534952931881
0.0002844714726938608
0.0002585051190649865
0.0002361201989518425
0.0002206610942827394
0.0002144218818075414
0.0002182180694322243
0.0002313158422842702
0.0002515226011157504
0.0002755450006386232
0.0002994573080390429
0.0003193707709142497
0.0003319709875615338
0.0003349996790941686
0.0003275773051784173
0.0003103369141142286
0.0002852953014308441
0.0002556186490112788
0.0002251749270939682
0.0001980083539429449
0.0001778606082712879
0.0001676349806408738
0.0001690334833814749
0.000182216389020724
0.0002058185040918289
0.0002369103494103508
0.0002713482965759576
0.0003041990924337907
0.0003304142484379716
0.0003454110249578002
0.000345910120330501
0.0003304853480831036
0.0003000862210888737
0.0002580576856901413
0.0002099904225146042
0.0001630287309025984
0.000124899266857716
0.000102677678722154
0.0001015208590204716
0.0001235189908989624
0.0001670403525198776
0.0002265784668660549
0.0002933399676877036
0.0003564850819084535
0.0004048885348911758
0.0004291643492405775
0.0004234785368521738
0.000387014504402122
0.0003244707771937779
0.0002456119580227149
0.0001638504346329813
9.389316611074392e-05
4.909436782764095e-05
3.878979119666038e-05
6.630956673971522e-05
0.000128000133324196
0.000213609167657514
0.0003079767685180902
0.0003938002038670298
0.0004549094640134339
0.0004794793920608201
0.0004624633341850975
0.0004066992870269486
0.0003224436998924815
0.0002254067130510922
0.0001335826532172044
6.361490301100739e-05
2.741763412826606e-05
2.979052945102058e-05
6.755282561667811e-05
0.0001304146893795982
0.0002033495293363248
0.0002700117415029853
0.0003163138791564357
0.0003334539307678823
0.0003196394939999581
0.0002801138305663721
0.0002255643650828649
0.0001692570525546933
0.0001236515452802669
9.7358813014916e-05
9.313794233535452e-05
0.0001075661037264744
0.0001322782857398597
0.0001565635764201737
0.0001705863147162984
0.0001683442234823493
0.0001495440816702756
0.0001198872792247009
8.960907644738263e-05
7.064167117029879e-05
7.313515016100364e-05
0.0001022707026115989
0.0001562924134282707
0.0002263229193267365
0.0002981290222908002
0.0003554915634311793
0.0003842398369535562
0.0003760814167842103
0.0003309669489824985
0.0002575797042161734
0.0001715030435251847
9.157040501418245e-05
3.537780132531297e-05
1.494188442681251e-05
3.376503980666594e-05
8.605788052299045e-05
0.0001583064916834199
0.0002328473598773924
0.0002924547035883072
0.0003247147270807758
0.0003250572681567551
0.0002975557729221948
0.0002533510693001099
0.0002070804326971996
0.0001724921764891293
0.0001582978770672271
0.0001656524081566258
0.0001879403122959924
0.0002129627851255124
0.0002269374094641153
0.0002191748823902986
0.0001859630144068534
0.0001325507648798633
7.243256477252873e-05
2.407560815195665e-05
5.869912512730803e-06
3.069595647888504e-05
0.0001016417577733222
0.0002101564931992028
0.0003373415174266791
0.0004580737563293107
0.0005470276989582991
0.0005849672065503255
0.0005636613609423591
0.0004879108972762937
0.0003743677364890132
0.0002471463913161561
0.0001316266268288891
4.809181035377492e-05
6.913626536294407e-06
6.657904372004879e-06
3.557693976714224e-05
7.599323239521706e-05
0.0001102369347929666
0.0001263546781428432
0.0001218738017975673
0.0001044615550797717
8.925337646800321e-05
9.365216396442262e-05
0.0001311518091970819
0.0002060824489988179
0.0003109695449777769
0.0004274318489757456
0.0005305144650160852
0.0005953056936723019
0.000603963078802208
0.000551171609848838
0.0004462120189821584
0.0003111022641556039
0.0001751122400525398
6.715908071115209e-05
8.196172505104427e-06
5.825872929551166e-06
5.262524398345659e-05
0.000128753561000029
0.0002081134485877345
0.0002662492242241063
0.0002877229215811217
0.0002707793505183047
0.0002278318145544392
0.0001816469136419328
0.0001582430492227844
0.0001785579592440285
0.0002514188095262772
0.0003698616919496966
0.0005120451050821877
0.0006465814207974052
0.0007408421663763955
0.0007699985105366254
0.0007239994895364743
0.0006106852372839623
0.0004538919940021024
0.0002871943128645593
0.0001449414226075362
5.315246891894817e-05
2.294103366993525e-05
4.825765239111923e-05
0.0001086406307060718
0.0001761208581505276
0.0002242070691029432
0.0002362989269742092
0.0002109661452880893
0.0001625091332767304
0.0001165560782248856
0.0001019468503871473
0.0001413033818735429
0.000243068503690485
0.0003974700925355195
0.000577764428958914
0.0007464858290336386
0.0008651960601201619
0.0009047853722192454
0.0008536796644880462
0.0007213502747661261
0.0005361431689830545
0.000337919464911581
0.0001676357952650678
5.653719457070343e-05
1.826725911029441e-05
4.596662590211241e-05
0.0001152193333548113
0.0001920236668074473
0.0002434919268526285
0.0002481711808711489
0.0002029749341519146
0.0001247123768229032
4.553810442367423e-05
3.66079114830617e-06
3.179064242656848e-05
0.0001466631768494453
0.0003426397642199936
0.0005913877570874876
0.0008478948592025795
0.001061411427448597
0.001188377354536483
0.001203956656705667
0.001108994742003205
0.0009304056235412412
0.0007147858837585839
0.0005169126323964001
0.0003860494090218564
0.0003535803667105805
0.0004253533553047746
0.0005805577198658954
0.0007774371687154021
0.0009643399401288863
0.001093025758219684
0.001130794627658914
0.00106822697981812
0.0009206166667179109
0.0007228515837748018
0.0005192576007841343
0.000351339580350672
0.0002467476158324486
0.0002126060028136493
0.0002348613636378435
0.0002839476968336865
0.0003249749496304191
0.0003295975245759406
0.0002861089241690611
0.0002047850572033462
0.0001166980973452723
6.613788711401692e-05
9.831500672364735e-05
0.0002456772898181416
0.0005164875961869755
0.0008889792145205679
0.001313104038596182
0.00171983632481947
0.002036393012571911
0.002203620827264025
0.002191551544596845
0.002009075885145991
0.001705041571175694
0.001359926669912306
0.001069721378500322
0.0009251864425581796
0.0009911368564043011
0.00129041850432432
0.001796402980166503
0.002435825098416737
0.003101858398549678
0.003674666448605137
0.004045224144376964
0.004137438486159733
0.003924029319819848
0.003432342643756917
0.00273943613106472
0.001957127191256746
0.001210398363674885
0.0006134865071770235
0.0002486559991058143
0.0001519495252766271
0.0003085390335807803
0.0006582375831293467
0.00110983525940776
0.001560717377914813
0.001917700597510164
0.002114513729509839
0.002122702350324155
0.001953820556707108
0.001653178216723391
0.001286867968322596
0.0009253773523969685
0.0006275982416609879
0.0004288932875294984
0.0003356709598891893
0.0003274252379047313
0.0003654512424553273
0.0004058604354015227
0.0004136049557222209
0.0003738749520564512
0.0002980561967070886
0.0002224527549186747
0.0001998167969294988
0.0002854566273201181
0.0005209612903010112
0.0009194443520218181
0.001456040823082902
0.0020665488839892
0.002655450128304728
0.003112660556529254
0.003336274414053905
0.00325742043973549
0.002861814657715783
0.002203292743058322
0.001405692821284084
0.0006508105810571361
0.0001531535289220304
0.0001244358812881891
0.000733067841532808
0.002065134367334589
0.004094615087520259
0.006668634395687571
0.009513009606356284
0.01225951468895296
0.01449423686576279
0.01582165055784976
0.01593761399323015
0.01470119668500504
0.01219536038798911
0.008767151494740147
0.005037507703617703
0.001878763177061313
0.0003567404160610359
0.00164165438338315
0.006895113045050751
0.01714377593153467
0.03315310199682179
0.05531451727815996
0.08356132933616749
0.1173144253448513
0.1554882734895327
0.1965309961821604
0.2385168933236167
0.2792778374508921
0.3165618782447565
0.3482089702998163
0.3723207194853711
0.3874175757203333
0.3925566512480715
0.3874170674958714
0.3723209430804571
0.3482093425235372
0.3165624466132902
0.2792783769740119
0.2385175172525159
0.1965316523931022
0.1554888746221156
0.1173129876948881
0.08356011099030751
0.05531486362147975
0.03315337396218876
0.01714397823986638
0.006895221852470504
0.001641710122015122
0.0003567369109796666
0.001878732667915746
0.005037461731421538
0.008767292080365188
0.01219547947105517
0.01470116048191932
0.01593759918073932
0.01582167050955213
0.01449426338440687
0.01225955059961853
0.009513017301837828
0.006668676673978314
0.004094526599468356
0.002065067521452276
0.0007330277781527367
0.0001244393842686047
0.0001531494598061392
0.0006508005664236965
0.001405679565219229
0.002203279933295936
0.002861803356228871
0.003257424001958089
0.003336261581217493
0.003112649744432193
0.002655460326747507
0.002066560013155126
0.001456051617210399
0.0009194483091263129
0.0005209668794197952
0.0002854604330562055
0.0001998187490499795
0.0002224555640276097
0.0002980604402960631
0.0003738762536687779
0.0004136044290745079
0.0004058561853068398
0.0003654491992568439
0.0003274232246445138
0.0003356696128134024
0.0004288927609408439
0.0006275972657158296
0.0009253933873656695
0.001286887771554735
0.001653194629395069
0.001953819567015648
0.002122703493101139
0.002114516945528635
0.001917703500722783
0.001560725024231186
0.001109827951138157
0.0006582436847379443
0.0003085272368027021
0.0001519488764794923
0.0002486527545574224
0.0006134815488927222
0.001210390969893253
0.001957113983157456
0.002739421517807995
0.003432337256019978
0.003924025067953474
0.004137441179262996
0.004045194719032752
0.003674662430838788
0.003101871040969101
0.002435836097567607
0.001796412710968585
0.001290427114139223
0.0009911457466194229
0.0009251853486505811
0.001069716189033854
0.001359942408821584
0.001705051983730002
0.002009089403731914
0.002191551990382178
0.002203616944580484
0.002036396059115817
0.001719840074817883
0.001313108305825719
0.0008889872204574794
0.0005164906913329257
0.0002456694968564131
9.831089892914899e-05
6.61376820949662e-05
0.00011669861076887
0.0002047823484717122
0.0002861095417623556
0.0003295991174260509
0.0003249753432343028
0.000283950855144631
0.0002348596400376637
0.0002126055233191596
0.0002467527486270995
0.0003513360901990934
0.0005192571714994034
0.0007228492558257417
0.0009206155976146222
0.001068224782484779
0.001130795290342127
0.001093028640461101
0.0009643325532619312
0.0007774268584887743
0.0005805506056219913
0.0004253527847152213
0.0003535811984482564
0.0003860477215714773
0.0005169115180810249
0.0007147811973909509
0.0009304001435598442
0.00110899440252205
0.001203958577887313
0.001188375861434258
0.001061412884555228
0.0008479015183990927
0.0005913925922761833
0.0003426424182399935
0.0001466657275734183
3.179176536902396e-05
3.660792775035041e-06
4.55405133452001e-05
0.0001247147630754737
0.0002029769025518342
0.0002481678754155376
0.0002434900750037036
0.0001920245027603878
0.0001152197918920653
4.596737840218643e-05
1.826705391286883e-05
5.653496488164834e-05
0.0001676425901027776
0.0003379277521089254
0.0005361402898291969
0.0007213499466805842
0.0008536774387698342
0.0009047802984336809
0.0008651958985123089
0.000746485949806554
0.0005777675992915402
0.0003974750446005706
0.0002430609769847163
0.0001413009678892351
0.0001019467559972693
0.0001165553066096801
0.0001625089600258684
0.0002109666408138278
0.0002363009036847273
0.0002242085938675068
0.0001761218475191188
0.0001086379012477107
4.825705666236966e-05
2.294114872788353e-05
5.315241253626356e-05
0.0001449385138431567
0.0002871942547177246
0.0004538899905219935
0.0006106839767298829
0.0007239995887935188
0.0007700018241424348
0.0007408400013644767
0.0006465759810876465
0.0005120485369683092
0.0003698643638335109
0.0002514187112215176
0.0001785570861282874
0.0001582394163393748
0.000181646525266411
0.0002278312536297539
0.000270778745405767
0.0002877234336008855
0.0002662473908856683
0.0002081133702133543
0.0001287541161991861
5.262621707839293e-05
5.826238866808579e-06
8.196173270651683e-06
6.715802186198276e-05
0.0001751095502964669
0.0003111105138187846
0.0004462148589011403
0.0005511764416559897
0.0006039662186942099
0.0005953046957981304
0.0005305162983989715
0.0004274295799414516
0.0003109709081589602
0.0002060788874190907
0.0001311537098904297
9.364913705523523e-05
8.925135072817517e-05
0.000104461205332477
0.0001218736192788704
0.0001263533546071374
0.000110235356841986
7.599482571733688e-05
3.557525965929653e-05
6.658255263047605e-06
6.915011779591999e-06
4.809157042343145e-05
0.0001316293455390334
0.0002471373145825052
0.0003743675782800781
0.0004879089762544114
0.0005636631070107943
0.0005849702132395225
0.0005470280401636699
0.0004580671540354575
0.0003373447653092367
0.0002101551634733534
0.0001016432094766884
3.069632219940987e-05
5.870192094909917e-06
2.407472546915799e-05
7.243617816490595e-05
0.0001325516274347456
0.0001859654497995705
0.0002191744685504084
0.000226938852577707
0.0002129621967653599
0.0001879415421662723
0.0001656532610504293
0.0001582973236735836
0.0001724927896919294
0.0002070797728266071
0.0002533419817683308
0.0002975591122578424
0.0003250608772328695
0.0003247141319279721
0.0002924550198002376
0.0002328516317219153
0.000158307786822936
8.605452627248581e-05
3.376644787257029e-05
1.494225212067661e-05
3.53773243977436e-05
9.157341035805911e-05
0.0001715007077071733
0.0002575875320344007
0.0003309650837682966
0.0003760786141626404
0.0003842463213205593
0.000355489912415372
0.0002981261960070418
0.0002263232133124103
0.0001562876654052636
0.0001022703595653295
7.31350947924332e-05
7.064358399111933e-05
8.96079514502826e-05
0.0001198860004206134
0.0001495444841776835
0.0001683428440707064
0.0001705864220747805
0.0001565636557976667
0.0001322774639859899
0.0001075657818498614
9.313972850790754e-05
9.735786541536807e-05
0.0001236533754034921
0.0001692611104841528
0.0002255661293275517
0.0002801080098884281
0.0003196443097657877
0.0003334582047802516
0.0003163178191916675
0.0002700157385419638
0.0002033537508631024
0.000130418698702053
6.755381046912902e-05
2.979131102015321e-05
2.741755581529191e-05
6.361536620142826e-05
0.0001335791209132194
0.0002254098691603002
0.000322443779834248
0.0004067003440921917
0.0004624643200896172
0.0004794781156227961
0.0004549092295433726
0.0003938010351527642
0.0003079766768714147
0.0002136093714948172
0.0001279978962496548
6.630842186676128e-05
3.878853819563796e-05
4.909328142620082e-05
9.389531620835867e-05
0.0001638470965367766
0.0002456164147696604
0.0003244717037199528
0.0003870115445159524
0.0004234767510803381
0.0004291632788435146
0.0004048928831098706
0.0003564862244268196
0.0002933391028948142
0.0002265798199828523
0.0001670390209106709
0.0001235209713037753
0.0001015195577870274
0.0001026794330725903
0.0001248994527956949
0.000163030779800042
0.0002099872697794186
0.0002580610878633299
0.0003000870082591352
0.000330491968147227
0.0003459020201577198
0.0003454106814195149
0.0003304157575361343
0.0003042172875651739
0.0002713509841912468
0.0002369120513473298
0.0002058184722790068
0.0001822263863972749
0.0001690318689992145
0.0001676391623147853
0.0001778618339639268
0.0001980138957331135
0.0002251727280631183
0.0002556206019994681
0.0002852939536876238
0.0003103413803853187
0.0003275828503877097
0.0003350048765471793
0.0003319760868084715
0.0003193719561538701
0.0002994527108976223
0.0002755463493934637
0.0002515290590619835
0.0002313141386469152
0.0002182161132061385
0.0002144223689792929
0.0002206627883441619
0.0002361165284701544
0.0002585047661119262
0.0002844664212342953
0.0003101518984268758
0.0003317863961802669
0.0003463485226692665
0.0003520350379468953
0.0003485413144978303
0.0003370967678533107
0.0003201840778613462
0.0003011451074727953
0.0002835356803040336
0.0002705166291722457
0.0002643107232658132
0.0002658432417089619
0.0002746626088512561
0.0002890134029186428
0.0003062502996013044
0.0003233399425912365
0.0003374481112857776
0.0003464369935026959
0.0003492455173957466
0.0003460324598601756
0.0003380788193995248
0.0003274666696150602
0.0003166453163375951
0.0003079086704018525
0.0003029010670207659
0.0003023148603794526
0.0003058037515129893
0.0003120267536670614
0.0003190061233899514
0.0003245551878886842
0.0003267795768040951
0.0003244849042400738
0.0003174626616632112
0.0003065735866462677
0.0002935530248050374
0.0002807152693995767
0.0002704200605773209
0.0002645841508506581
0.0002642732903822312
0.0002694058334215811
0.0002787318661947011
0.0002899889866486482
0.0003003549968367342
0.0003069404236078688
0.0003073205308340624
0.0003000420190914596
0.0002849268044490991
0.0002631242430638554
0.0002369922336781567
0.0002096991558123198
0.0001847269949236928
0.0001653154673270027
0.0001539577849515577
0.000152001458171612
0.0001594628389837777
0.0001750754319335468
0.0001964554114734983
0.0002204667273493812
0.0002436795470868087
0.0002628063811557954
0.000275106358447525
0.0002787423252916398
0.0002729909247373596
0.0002583278930937892
0.0002364483089985128
0.0002100918485818495
0.0001828357829024421
0.000158725037280904
0.0001418183086728931
0.0001356970171113749
0.0001429126970975456
0.0001645165865335595
0.0001996951218071504
0.000245658854151504
0.0002978192934343959
0.0003502765757249467
0.0003966702720441873
0.0004310973957325155
0.0004493094042086114
0.000449402616659665
0.0004325072798073512
0.0004027339301342846
0.0003665721847353388
0.0003317973794294773
0.0003060551327258009
0.000295242754877063
0.0003022894084370529
0.0003263567686206719
0.0003629073649956743
0.0004044712479236167
0.0004421657855271834
0.0004675974100480005
0.0004747022958949095
0.0004611632315029746
0.0004289675009089975
0.0003841135707714642
0.0003351226246539457
0.0002912344896233038
0.0002600342562819391
0.0002456343944172666
0.000247666053955849
0.000261253979061155
0.0002782607084262398
0.0002894160004042826
0.0002867919598195902
0.0002660782701433101
0.0002280250850553004
0.00017862641520445
0.0001278676606036823
8.741922288109506e-05
6.764757259666915e-05
7.483521631247035e-05
0.0001092469184039242
0.0001646053520942111
0.0002292515273892168
0.0002886537113272197
0.0003288279324411313
0.0003396585431555822
0.0003175026772322569
0.0002661716598383429
0.000196171927969103
0.0001222906343988659
6.025636438841535e-05
2.307974420821149e-05
1.83236634060834e-05
4.674535048081224e-05
0.0001026762328500676
0.0001760065317022433
0.0002550757398792795
0.000329665513173365
0.0003931145161489346
0.0004430857537935966
0.000480833357357396
0.000509178152184636
0.0005302128678995676
0.0005434529641333958
0.0005453659474875533
0.0005305575970417711
0.0004944774546358228
0.0004367191522889672
0.0003640145282770801
0.0002914316627492066
0.0002411347045399271
0.000238421004207224
0.0003058026743561119
0.0004565147346603358
0.0006890049596033175
0.000984479130795456
0.001308522549772959
0.001616396999005991
0.001862315550148488
0.002009178360154876
0.002037483243020891
0.001950606101001626
0.001774756966149822
0.001553647277033267
0.001338648169254608
0.001176585210134072
0.001098901920723657
0.00111389679941039
0.001205025623532671
0.001335214240190569
0.001456336901447709
0.00152148272868805
0.001496683559905717
0.001369403341605043
0.00115109028544143
0.0008740837403779253
0.0005829017796332322
0.0003232435169730195
0.0001310953644580295
2.527357290146696e-05
4.820139794056172e-06
5.194096391814228e-05
0.0001389675587309488
0.0002370526547163179
0.0003239071600362683
0.000388223301899005
0.0004296964171285549
0.0004551346512270489
0.0004725056609717867
0.0004851487727890086
0.0004890010696192709
0.0004737733014852172
0.0004283617166898938
0.0003483360642146309
0.0002431270065676494
0.0001395076737486367
7.941053347632891e-05
0.0001115557132345692
0.0002783142749625826
0.0006012543332057659
0.001069929561609079
0.001637529845556284
0.002225727171664416
0.002739955974446657
0.003089509804935304
0.003210701229544604
0.003084577345100056
0.002744939362744397
0.002273990560940096
0.001784589621068501
0.001394558746040776
0.001197422381334181
0.001238843056377932
0.0015035140467538
0.001917676450482771
0.002366239881448959
0.002721124981883023
0.002873381403267435
0.00276114148213082
0.002386325126148196
0.001815170847035938
0.00116300607874667
0.0005667950190629666
0.0001522020491698023
4.384609662429846e-06
0.0001486090978211062
0.000546210723114864
0.001105883395593997
0.001706566615606557
0.002226394727782261
0.002568911738801658
0.002681578305127064
0.002561736262197281
0.002250188726188875
0.001815937598126321
0.001337365262805486
0.0008850999998166563
0.0005124665826872839
0.0002534649347875713
0.0001284075712723052
0.0001525010658523325
0.0003425851732232053
0.0007180107104912911
0.001294155635691513
0.002069028803229178
0.00300913669536784
0.004038075868773319
0.005037238046545036
0.005858128877482017
0.00634943703296805
0.006391283003844392
0.005930224089133261
0.005003995457036281
0.003748193870883187
0.002379051243797092
0.001155439625392821
0.0003240380840764942
6.34431696308173e-05
0.0004372936860128753
0.001372136380817305
0.002665945588798135
0.004028771394748595
0.005147080166651665
0.005758674551030117
0.005719120767663452
0.005044345042856775
0.003916187688322801
0.002647645423698503
0.001614518160184417
0.001166099089928789
0.001538706426271528
0.002788949256003797
0.00476757541385759
0.007139169798797085
0.009448905834992177
0.01121796388839003
0.01205436918591773
0.01174564052147545
0.01031958778656581
0.008052528535499049
0.005424682326684639
0.003027335321153163
0.001445714605207471
0.00113609992964317
0.002329111676646661
0.004975905977378152
0.008749985676374174
0.01310706585587928
0.01738394459750775
0.02092361335695026
0.0231963689697583
0.02389114749552762
0.02296558031343382
0.0206412966513169
0.01735075603816235
0.01364875180529771
0.01010806650496714
0.007221303320796361
0.005325327470725657
0.004565200449769764
0.004894492361168268
0.006110858085952523
0.007912279532758405
0.009961112054953357
0.01193830737435142
0.01358323215936389
0.01470975112346991
0.01520764345044271
0.01503132811363354
0.01419022838937794
0.01274364452399315
0.01080786043842275
0.008568146626800961
0.00629338853399555
0.004333886733966744
0.003102365977052909
0.003022098434938887
0.004451578532635145
0.007590885889141547
0.01239584424845287
0.01851346225079654
0.02527812055398392
0.0317642371014429
0.03692235243029966
0.03976441192337769
0.03958800029856666
0.03618632247049586
0.03000052928814809
0.02216808097496423
0.01444115026911053
0.008956256241716289
0.00789081097283376
0.01303792152989166
0.02538287941798186
0.04476587839945458
0.06969299756508882
0.09740153972475539
0.1241421194470127
0.1457341000952107
0.1582863757744378
0.1589791092502159
0.1467932271714082
0.1230296921788059
0.09147809262265839
0.05819398589048935
0.0307845945392533
0.01734852725960671
0.0251050693567954
0.05897439410442886
0.1202962322595049
0.2059897162825001
0.3082546376584084
0.4151410086871593
0.5117900477191267
0.5825640003567487
0.6135582920969469
0.5954792170131435
0.5262973323508356
0.4134111172387022
0.27478665161132
0.139014298246071
0.04376807706743658
0.03306110950846417
0.1531227647502123
0.4474517840665015
0.951637783818122
1.688109049080989
2.661867006457255
3.858078451217904
5.240262944084253
6.752413387671684
8.321011793570337
9.861432565763826
11.28316351818284
12.49860619986122
13.42943208049185
14.01412006362172
14.21353324553587
