# RCS in m**2 for a L=5 cm PVC cube at 0.0 degree aspect angle
# frequency = 88 GHz, 
# theta = linspace(0, 6.2832, 1441)
# phi = linspace(0, 0, 1  1)
11.62252674986829
11.42005717741341
10.82932493044029
9.898600119254956
8.70246882225632
7.333913943117044
5.894506305475872
4.484129580123447
3.191243937317185
2.084988248243469
1.20987370169815
0.5835929461843259
0.1980463052301637
0.02321626424757148
0.01323526879704796
0.1137199249204512
0.269333256674532
0.4305996755027843
0.5591457346330744
0.6308266414986328
0.6365477841800607
0.5808837406888169
0.478958442943022
0.3522064616779214
0.2237760526084035
0.1143019547392749
0.03865159953104387
0.00404688010498479
0.009704274624885809
0.04788359326417792
0.1060199324049384
0.1694633552168999
0.2242991382904184
0.2597511309683505
0.2697930419185364
0.2537576112892355
0.2159265443034345
0.1642690294838755
0.1086300184496475
0.05873863540756731
0.02242145022824032
0.004320534694367666
0.005313102197725552
0.02267988570976896
0.05092781562886198
0.08305849866161709
0.1120093629641071
0.1319816798841088
0.1394143364208179
0.1334487890753664
0.1158400775290207
0.09037893244272764
0.06197659322749367
0.03562078967863135
0.01541381386479573
0.003875008591628792
0.001617965470485708
0.007432977680099934
0.018717278295822
0.03213609166521454
0.04435868627237258
0.05271435350972449
0.05564361023854461
0.05287435211786688
0.04531725917065055
0.03473109351149577
0.0232535582164841
0.01291520061989455
0.005233409268497221
0.0009691911909259023
7.803777730633087e-05
0.001838165354947036
0.005108835800919345
0.008643185343465984
0.01137818211390746
0.01264152062927707
0.0122371063119189
0.01040993969016933
0.007713791315724541
0.004829459064929287
0.002382686001596604
0.0008074376148033267
0.0002800565223349986
0.0007287169901319227
0.001902506126661913
0.003471174238330328
0.005122608854950231
0.006631455723657395
0.007883775647680322
0.008859969600260599
0.009589695528435813
0.01010023574497648
0.01038020808844222
0.01037171978804055
0.009995030716056209
0.009194427571636033
0.007988628746043169
0.006504881045479432
0.004980097059461278
0.003723947597249444
0.00304970545895889
0.003190473279842846
0.00422455443124699
0.006033019323010626
0.008305404610712493
0.01059547750882037
0.01241642432424821
0.01335329159369882
0.01316241972727717
0.01183398543690501
0.009598847841843904
0.006876625390461847
0.004179298822885083
0.001991331491509057
0.0006593176074292229
0.0003168364030737242
0.0008638536296544668
0.002003894815536407
0.003328303734847078
0.004424541714151124
0.004980051120501896
0.004855095554522211
0.004108023304943418
0.002967275756934422
0.001761553638163242
0.0008275962369822643
0.0004210007171730003
0.0006530297402038715
0.001468566064271006
0.002668098723485337
0.003965353329308184
0.005062732209185634
0.005724139465973744
0.005826091619599202
0.005375900307010901
0.004496316284778305
0.003382815387652023
0.002248769747074576
0.001274601590268588
0.0005728162660834483
0.0001771987618489279
5.390021551494238e-05
0.0001286530466677072
0.0003180167600053215
0.0005548333438248841
0.0008005689451221002
0.001042876344152776
0.001282221704133926
0.00151509494064907
0.001721549437854655
0.001863199728891757
0.00189297675678878
0.001773543880585765
0.001496859419562228
0.001097763804502384
0.000654764313097432
0.0002755825538707532
7.13293395801801e-05
0.0001254720710728036
0.0004674286256738766
0.001059112969487398
0.001799444820128545
0.002546717946319773
0.0031528904804262
0.003500639228712832
0.00353331193114138
0.003268307063604513
0.002790987721558334
0.002231101267766577
0.001727234391967034
0.001390993806528793
0.001279076356180568
0.00138192472139519
0.001630541588512588
0.001919155904504163
0.002136425169468854
0.002196275225160354
0.002059725170310016
0.001742113317468859
0.001305293298097907
0.0008375615148735389
0.000427991767736414
0.0001434021095842192
1.33804032727457e-05
2.729104734046815e-05
0.0001426759758221465
0.0003012906265899443
0.0004471739328981667
0.0005413963847652611
0.0005690952311709333
0.0005382917062569396
0.0004716137125433007
0.0003949894786525737
0.0003274713752871225
0.0002758193446483035
0.0002349599175067065
0.0001940614463363853
0.0001448305798222287
8.891749141007576e-05
4.113494812259825e-05
2.693048488037228e-05
7.482279193720982e-05
0.0002061294672112848
0.0004255885010954733
0.0007162138453048106
0.001040551223480811
0.001348371486922154
0.001588869057319728
0.001723961404893044
0.001738573053075356
0.001645037426207567
0.001480288336756596
0.001296104356143324
0.00114557872425441
0.001069460028858984
0.001085833257067723
0.001186330431418319
0.001339297059314296
0.001498986494480801
0.00161804646529966
0.001659758610470057
0.001606673695859605
0.00146389406235266
0.001255917609511229
0.001019435212997105
0.0007929432159419135
0.0006074853109972314
0.0004802349922047711
0.0004123982363681545
0.0003916860467548193
0.0003978199728042585
0.0004094593578388209
0.0004101207478923938
0.0003917570630113941
0.0003551450994603582
0.0003075285451054853
0.0002586198989706677
0.000216521095963495
0.0001849212694224788
0.0001623754780589079
0.0001436979490117929
0.0001227932082764197
9.579192435881962e-05
6.328414918365207e-05
3.086199704256151e-05
7.713726493190752e-06
3.711375793075452e-06
2.594963210489927e-05
7.583460590619194e-05
0.0001477271067280944
0.0002296231370575056
0.000305783395060633
0.0003605379278247312
0.000382361596560736
0.0003669726599190721
0.0003185568764316044
0.0002490188552130915
0.0001750746223057272
0.0001143941081209067
8.139875987959716e-05
8.405910910777344e-05
0.0001222986566956272
0.0001883931962244612
0.000269158864510191
0.0003492822783651575
0.0004149037057563607
0.0004566418884130176
0.0004712666221163731
0.0004618241880561469
0.0004362674178729282
0.0004051140126652013
0.0003786785978547954
0.0003647283470336547
0.0003670133296572819
0.0003848335781411199
0.0004137920705316803
0.0004472825218121651
0.0004783538150557249
0.0005013036084181502
0.0005128961655108712
0.0005126820860419088
0.0005026507302518194
0.0004863661581648226
0.000467781948321135
0.0004502057189769952
0.0004355398504513676
0.0004240491099565095
0.0004145466784467155
0.0004049362219492504
0.0003929852419372958
0.0003769566611618606
0.000356130191958346
0.0003309254987884958
0.0003028057474139675
0.0002738850868748484
0.0002464638835725334
0.0002225715828820508
0.000203551462983803
0.0001899376221343912
0.0001814537396332526
0.0001771419599353641
0.000175671502193328
0.0001755527456253885
0.0001754595045533509
0.0001743170590492321
0.0001714561989463515
0.0001666205441872283
0.0001599049236103122
0.0001517079552668135
0.0001427082843217684
0.0001336918524675457
0.0001255439978210968
0.0001191747165884618
0.0001153805138839859
0.00011478447861976
0.0001177447527119751
0.0001242632901726986
0.0001339954745451102
0.0001462189257873604
0.0001599302158978914
0.0001739880728818864
0.0001872151809974036
0.0001986158706577894
0.0002074512990464889
0.0002133969267925047
0.0002165199552101803
0.0002172418270975868
0.0002163367073157294
0.0002146980172329647
0.0002132469331500063
0.0002128045858723803
0.0002139467041552819
0.00021700121508038
0.0002219657196255292
0.0002285698383745686
0.0002363213818189604
0.0002445784273331369
0.0002526401634778646
0.0002598534797676727
0.000265672418883027
0.0002697257469966678
0.0002718542534032894
0.0002721332199283653
0.0002708511083530572
0.0002684583752775291
0.0002654772180674373
0.0002624503412127445
0.0002598376269255521
0.000257930915183573
0.0002568106181469968
0.0002563454922613946
0.000256239012250325
0.0002560960312387301
0.000255550854875878
0.0002543535438352685
0.0002524973064751115
0.0002502096662884978
0.0002479419501942701
0.0002462684586515509
0.0002457169887789202
0.0002466000721605115
0.0002488713949460998
0.0002520238130365606
0.0002551072441076584
0.0002568977635051149
0.0002560986263033015
0.0002516879497171588
0.0002432090689963002
0.0002310269556599197
0.000216395672223736
0.0002013882140233749
0.0001885701155805959
0.0001805358761482192
0.0001793331398263761
0.0001859509207483447
0.0001999023150554098
0.0002191193255528549
0.0002401557638248267
0.0002586857851268501
0.0002703419821673882
0.0002715680398107378
0.0002605069253900878
0.0002375842821265452
0.0002057000557289745
0.0001699037100986068
0.0001366202681061545
0.0001124433646229253
0.0001028109409472699
0.0001107724881966413
0.0001361323685081786
0.0001751890313755223
0.0002211862064650889
0.0002654511620953082
0.000298985565241341
0.000314315462541823
0.0003071218276881129
0.0002773318836297855
0.0002294650671303614
0.0001719269616510569
0.0001155846005764464
7.162571774459135e-05
4.931103064579715e-05
5.395204376004633e-05
8.564595825773802e-05
0.0001390330168462749
0.0002041930783089314
0.0002685170026319944
0.0003192256981882643
0.0003460040824492659
0.000343170853154064
0.0003109455316138402
0.0002554400550941465
0.0001874676667549492
0.0001202836851112039
6.684220819062862e-05
3.706440916957269e-05
3.584439261578429e-05
6.210071027705614e-05
0.0001091844379193245
0.0001664747825559495
0.0002217984787859626
0.0002641252049544476
0.0002858591465621923
0.0002842513434909097
0.0002616429385431769
0.0002244790964703862
0.0001814034314953544
0.0001410681297118429
0.0001100285497432432
9.145526344902948e-05
8.49057178819161e-05
8.708800301025408e-05
9.343866209272806e-05
9.993892991984079e-05
0.0001046223840893285
0.0001082651076640638
0.0001140457822590476
0.0001262190829841534
0.000148224381244564
0.0001808381878372597
0.0002209807930650113
0.0002616953840142718
0.0002934667793750177
0.000306586918385852
0.0002941364340734816
0.0002544724981947356
0.0001928115283066553
0.0001209025904284633
5.496923080782075e-05
1.211901659318221e-05
6.069013910061198e-06
4.332207881703352e-05
0.000120795016037198
0.0002256931997679924
0.0003378700372668129
0.0004341479192812889
0.0004937183060905892
0.0005031737624422995
0.000459965484410132
0.0003732094244458818
0.0002616699056457163
0.0001492423897612129
5.916913114729077e-05
8.394580911534543e-06
3.570983231346243e-06
3.979066367133658e-05
0.0001023346333886459
0.0001709904435105884
0.0002257095560163247
0.0002520321477199209
0.0002447841039939479
0.0002089798555051096
0.0001578025485480454
0.0001081773743043051
7.539825397193773e-05
6.834694231923195e-05
8.682077548463701e-05
0.0001217591273565216
0.0001583365607753545
0.0001809756391075747
0.0001787021880383673
0.0001492329917338431
0.0001003048751859151
4.783906910613478e-05
1.131862606687369e-05
7.752945948301724e-06
4.601503014991197e-05
0.0001233674987383699
0.000225366573392513
0.0003292779463558654
0.0004101989363924661
0.0004480527850606818
0.0004334015690615515
0.0003703372519767874
0.000275427169072348
0.0001729957646786567
8.810781450978942e-05
3.930039764427281e-05
3.335669169772475e-05
6.36738569206853e-05
0.0001128246003934037
0.0001585487898782428
0.0001812887765177394
0.0001709474607842799
0.0001306097714933624
7.603640352629066e-05
3.087625867125798e-05
1.90442476499145e-05
5.659669787484588e-05
0.0001456717630054417
0.0002725467674290999
0.0004105731345785684
0.0005272343069839716
0.0005933503922096706
0.0005916054576193658
0.0005217991647725183
0.0004011194912128645
0.000259294159955581
0.000130049872885874
4.142143229686651e-05
7.946727077345359e-06
2.709593283165499e-05
8.105821734826173e-05
0.0001432852261894777
0.0001876460472217808
0.0001973038738063015
0.0001703423108801825
0.0001203384748434021
7.164398317154981e-05
5.083032700393551e-05
7.712693746789714e-05
0.0001549867859827585
0.000271325090978427
0.0003985516198999298
0.000502508215461062
0.0005529988190119276
0.0005335193374745771
0.0004469991951205028
0.0003156620730944458
0.0001747613054217088
6.213589814424536e-05
6.714896090388503e-06
1.965242224956324e-05
9.094157304648035e-05
0.0001927045678251285
0.0002882429955967617
0.0003440419863156467
0.0003409480199569962
0.000280968519744247
0.0001872806557420752
9.740956869992034e-05
5.147475573499899e-05
7.915015150607364e-05
0.0001894083144687996
0.000366340444190168
0.0005725683978718753
0.0007592354920324023
0.0008798630281529922
0.0009036366008767608
0.0008243057523562212
0.0006617835808676074
0.0004561263588617106
0.0002556685114385676
0.0001029804652140996
2.299011388863185e-05
1.69153672951617e-05
6.37704362937472e-05
0.0001288535734327921
0.0001764435197403154
0.0001825014151886079
0.0001433029008114442
7.709854755325675e-05
1.820372605212648e-05
5.315408592836474e-06
6.775277274654951e-05
0.0002140913944523199
0.0004268983614103853
0.0006656402319584776
0.0008770390495932502
0.001009999230652523
0.001030601175570368
0.0009326804250661954
0.00074048994741254
0.0005026458379639575
0.0002787681807980159
0.0001228689068065229
6.82007739846619e-05
0.000118240854697212
0.000246381838768421
0.0004045505414186626
0.0005381224629996283
0.0006027381150079026
0.0005779325432624881
0.0004734316550636307
0.0003262314209377974
0.000189187826111016
0.0001145043652797661
0.0001371174473341269
0.0002629791352431973
0.000465891030147807
0.000694071150455065
0.0008847388317885866
0.0009825525972903643
0.0009566222151923695
0.0008109830725624663
0.0005853152934027634
0.0003454078642895984
0.0001657778331051479
0.0001091887775235192
0.0002087105324468991
0.0004573935520216451
0.0008085435818519085
0.001186659827604128
0.001506259869283897
0.001693465686848998
0.001704738248841421
0.001537547923613554
0.001230408111309381
0.0008522672704853453
0.0004842581411015563
0.0001989714091903201
4.26934513954854e-05
2.546003446036218e-05
0.0001213398172061694
0.0002785593523388513
0.0004364169662467452
0.0005439257128735576
0.0005748630999974853
0.0005349088958702998
0.0004588065417550753
0.0003984751500339629
0.0004054537825211939
0.000512911447194804
0.0007225642057835391
0.001000701776443903
0.001284991247501057
0.001500615141018453
0.001581811931890311
0.00149307704776341
0.001243717232062384
0.0008915355501381812
0.0005335886991307578
0.000285295314907787
0.0002526604022625
0.0005040047828124027
0.001048480855442027
0.001827197807744043
0.002720107002865242
0.003567990710266906
0.004205533394981873
0.004498254451774115
0.004375229454540475
0.003849581204102806
0.003021998613041828
0.002064899643094067
0.00119052917925883
0.0006088282513273147
0.0004837005810314297
0.0008970112767216743
0.001827908078049045
0.003152258605073535
0.004662985751340199
0.00610678244589895
0.007231728076843558
0.007834583741921764
0.007799985707603778
0.007123236592594286
0.005912545749475384
0.004370393435497485
0.00275774589293194
0.001348078329945875
0.0003797311640055335
1.559272892687795e-05
0.0003164904534305145
0.001233483632777066
0.002618769379765835
0.00425282651895204
0.005882171158024608
0.007260665323627874
0.008187402213543585
0.008535108858175308
0.00826536735558106
0.007429864889246749
0.006158331154524493
0.004637266368184843
0.003083188250753531
0.001714961861743483
0.0007288166499716421
0.000278326290275491
0.0004602350375035187
0.001306032558593994
0.002778113750555518
0.004770461697502128
0.007112647599170242
0.009578524505096818
0.01190031675961599
0.01379011208160705
0.01496957805101435
0.01520814701159108
0.01436758796571074
0.01244874300349672
0.009635004304362951
0.00632270789561026
0.003132928633930157
0.0008957339724749068
0.000603324272195695
0.003331291988360911
0.01013230324440856
0.02191146931067503
0.03929651309811637
0.06252053973336137
0.09132590091035651
0.1249233439928062
0.1619935623698921
0.2007528881354789
0.239074112779757
0.2746544782526538
0.3052137680618385
0.3287019627185253
0.3434942604586239
0.3485444492150268
0.3434938797126753
0.3287021556804433
0.3052140441810412
0.2746548658099952
0.2390746515561526
0.2007535261071613
0.1619941221757024
0.1249237788943072
0.09132462895169637
0.06251956109208032
0.03929680484475629
0.02191168041743898
0.01013244166114025
0.003331358774528066
0.000603346005777954
0.0008957118127189211
0.003132886491399398
0.0063226638629474
0.009635126286960878
0.01244884132920642
0.01436756838268152
0.01520813868341316
0.01496958857146734
0.01379012873916383
0.01190035051436841
0.009578535488309987
0.007112685953033132
0.004770365526459043
0.002778051341233458
0.001305988515621943
0.0004602414478662547
0.0002783236640270721
0.000728805959279271
0.001714945009016583
0.003083172190021685
0.004637242206882607
0.006158295657593878
0.007429901217878211
0.008265384096766632
0.008535109009174433
0.008187420116592938
0.007260685163035551
0.005882180571874458
0.004252852055485174
0.002618793840540859
0.001233502929328746
0.0003164675105877783
1.559440976749985e-05
0.0003797600933542278
0.00134805903680194
0.002757711723106332
0.004370340267758478
0.005912518685588903
0.007123230820444889
0.007799986161376158
0.007834591516789736
0.007231686382260365
0.006106735284642882
0.004662920441836906
0.003152283760197992
0.001827924719537322
0.0008970223134185456
0.0004837052677646844
0.0006088226703297098
0.001190532023442101
0.002064884234139704
0.00302203857024091
0.003849608730431039
0.004375221683172885
0.004498253725069012
0.004205536473291626
0.003568002623377324
0.002720128465045036
0.001827211417216269
0.001048485747256012
0.0005039885910173702
0.0002526601338046649
0.0002852976498115387
0.0005335818166897229
0.0008915251192940479
0.001243704588130066
0.001493076941521396
0.001581819637301796
0.001500608574068536
0.001284992431822345
0.001000695327974361
0.0007225513772569211
0.0005129053743561046
0.0004054540868772871
0.0003984774721991878
0.0004588069759456217
0.000534911663685623
0.0005748666922396721
0.0005439255713934442
0.0004364163547520687
0.0002785547656227065
0.0001213367934854371
2.546061105829156e-05
4.269285676364875e-05
0.0001989663934623325
0.0004842510864431801
0.0008522590001340246
0.001230408360664819
0.001537542817792714
0.001704732127033026
0.001693462965923982
0.001506255272347966
0.001186663368476431
0.0008085502910765733
0.0004573966409492815
0.0002087142891853336
0.000109187925972085
0.0001657763575930726
0.0003454061015893906
0.000585324630926286
0.0008109935251475792
0.0009566290625030847
0.0009825551919894751
0.0008847424113137531
0.0006940731330693249
0.0004658949098592372
0.0002629811906629638
0.0001371184110079323
0.0001145012367232133
0.0001891916542818464
0.0003262348335904472
0.0004734270873855581
0.0005779308301698383
0.0006027379540813995
0.0005381256983512573
0.0004045518411430597
0.0002463825738201518
0.0001182407153873651
6.820056762990769e-05
0.0001228730757367138
0.0002787742620775917
0.0005026426402884024
0.000740488393570054
0.0009326756895140872
0.001030605087641985
0.001009999662925944
0.0008770433759060203
0.0006656457683333068
0.0004268842894963243
0.0002140836165278269
6.775564251483503e-05
5.315720231184447e-06
1.820374198995589e-05
7.709767109745771e-05
0.0001433016471441446
0.0001825014957884338
0.0001764444501441374
0.0001288553406240167
6.376791468992221e-05
1.69148120174326e-05
2.298887899451426e-05
0.0001029783673654015
0.0002556683358068486
0.0004561227681073559
0.000661780327599277
0.0008243046756805433
0.0009036380422086371
0.0008798576047679125
0.0007592293398762935
0.0005725635011960657
0.0003663432647959868
0.0001894117703088869
7.91503317260591e-05
5.147457510351238e-05
9.740845204263696e-05
0.0001872805726613003
0.0002809664233031467
0.0003409503981831682
0.0003440380658444309
0.0002882448133172498
0.0001927058369661542
9.094171388222994e-05
1.965331188288593e-05
6.714707815768448e-06
6.213380845163949e-05
0.00017475885827628
0.0003156580475127666
0.0004470046305782758
0.0005335204179311359
0.0005529988731773792
0.0005025062544628258
0.0003985485729708388
0.0002713263661213045
0.0001549869000503848
7.712752628512431e-05
5.083130773627218e-05
7.164432291206045e-05
0.0001203406973756635
0.0001703431410718583
0.0001973037654378007
0.0001876467296449365
0.0001432843757533291
8.105637752903125e-05
2.709533793084015e-05
7.946557501133897e-06
4.142030738985966e-05
0.0001300514147913048
0.0002592897894641897
0.0004011187744439026
0.0005217896422279926
0.0005916072201787825
0.0005933432355079287
0.0005272362330544175
0.000410566710526318
0.0002725490526025002
0.0001456657170634503
5.65958713298699e-05
1.904427620270669e-05
3.087415193791461e-05
7.603644816490239e-05
0.0001306117549086929
0.0001709483242433421
0.0001812915451594672
0.000158551095773988
0.0001128246901729147
6.367446094333399e-05
3.335580483101963e-05
3.930039064090648e-05
8.810644152680646e-05
0.0001729889152005459
0.0002754249103087387
0.0003703404746251961
0.0004333995418811505
0.0004480530498544151
0.0004102043715291344
0.0003292806237089393
0.0002253702757466903
0.0001233688550050822
4.601679848108945e-05
7.75364843569301e-06
1.131989674323874e-05
4.783732636678664e-05
0.0001003080749584966
0.0001492309644840185
0.0001787026765953626
0.0001809746274386316
0.0001583363103108883
0.0001217612657341991
8.682099705491197e-05
6.834540808231409e-05
7.540144292548088e-05
0.0001081787345646614
0.0001578019991371884
0.0002089803667903501
0.0002447838032131315
0.0002520270418009481
0.0002257121012322777
0.0001709920462071196
0.0001023412849901457
3.97922608184209e-05
3.570653649221145e-06
8.393794159137102e-06
5.917255450438945e-05
0.0001492389633598592
0.0002616776551645506
0.0003732093385381847
0.0004599625684808541
0.0005031749207045055
0.0004937135257709001
0.0004341464498122932
0.0003378701783938737
0.0002256877236053033
0.0001207972374834284
4.332165489541673e-05
6.069430664463378e-06
1.211916386758779e-05
5.496686603393038e-05
0.000120903780074248
0.0001928147920767669
0.0002544717392071848
0.0002941390664448306
0.0003065905794921743
0.0002934615264556155
0.0002616962278975187
0.000220983935584216
0.0001808435789263649
0.0001482260236826124
0.0001262153607379928
0.0001140448584802939
0.0001082640157733116
0.0001046210246850531
9.993919993444562e-05
9.343910094903414e-05
8.708776604004646e-05
8.490525545107872e-05
9.145513019470121e-05
0.0001100212789680757
0.0001410697967238504
0.0001814065754237501
0.000224476123614514
0.0002616456978126076
0.0002842601045673142
0.0002858560149242652
0.0002641267256368264
0.0002217980962467542
0.0001664786406161444
0.0001091861385770337
6.209897681374288e-05
3.584517362368836e-05
3.706768045821474e-05
6.684248150689322e-05
0.0001202898019628304
0.0001874675206537502
0.0002554430129882126
0.0003109469718560233
0.0003431739963808104
0.0003460052740118
0.0003192277934748433
0.0002685139466964173
0.0002041945202439811
0.0001390333631367624
8.564897313391678e-05
5.395187222859431e-05
4.931089164901409e-05
7.16268952255355e-05
0.0001155781581018387
0.000171928298004488
0.0002294665896699281
0.0002773347342552581
0.0003071237820987354
0.0003143184136756742
0.0002989847596442415
0.0002654512706359606
0.0002211873590435507
0.0001751908321168042
0.000136131274846266
0.0001107707383185028
0.0001028118615418195
0.0001124447197008345
0.0001366218281980084
0.000169905755256423
0.0002056960290966656
0.0002375837320045502
0.0002605033719310929
0.0002715685202526662
0.0002703411622762758
0.000258686931572381
0.000240156821842445
0.0002191198752956183
0.000199900596101442
0.0001859500571442381
0.0001793339525717933
0.0001805351843068524
0.0001885700483484568
0.0002013866751410928
0.00021639406921809
0.0002310253939703742
0.00024320947050692
0.0002516871247522921
0.0002560992943193755
0.0002568935976470856
0.0002551086172217878
0.0002520202827512698
0.00024887427060611
0.0002466020372677915
0.0002457184703410964
0.0002462711181204634
0.0002479445897068693
0.0002502075988096803
0.0002524961485620776
0.0002543543487338453
0.0002555459733819046
0.0002560974676914675
0.0002562365623575775
0.0002563474108329567
0.0002568118902976092
0.0002579293708861465
0.000259839389572026
0.0002624514414201692
0.0002654810950504661
0.0002684595154314473
0.0002708539684386739
0.000272131332654622
0.0002718533349181895
0.00026972187367031
0.0002656709235668499
0.0002598541199942847
0.0002526449252098765
0.0002445751793279284
0.0002363244864587934
0.0002285726372941404
0.0002219679064527058
0.0002170004518480637
0.0002139481252335613
0.0002128038216311105
0.0002132468427789918
0.0002146978361584747
0.000216336334395722
0.0002172409969578655
0.0002165232207352677
0.0002133974976550201
0.0002074528442043487
0.0001986151148604756
0.0001872174781862894
0.0001739838534136199
0.0001599311420991795
0.0001462207141293581
0.0001339981150234221
0.0001242673507221812
0.0001177452468126245
0.000114788619138686
0.0001153796989951426
0.0001191767493237342
0.0001255449337390329
0.0001336884966570239
0.0001427089313735537
0.0001517163687805486
0.0001598998277805934
0.0001666218439818995
0.0001714634227909689
0.0001743188862456245
0.0001754633026434953
0.0001755626411705883
0.0001756737377668657
0.0001771447505248582
0.0001814501528204733
0.0001899373878692845
0.0002035524871115807
0.0002225725699387256
0.0002464687655571777
0.0002738828664265537
0.0003027967630648084
0.0003309260592805733
0.0003561316482092408
0.0003769541533492301
0.0003929811622843009
0.000404927679789677
0.0004145393967071498
0.0004240456837877216
0.0004355392899652279
0.0004501993014326886
0.0004677802432602265
0.0004863690884507433
0.0005026562188818761
0.0005126876503504545
0.0005129060124723076
0.0005013112330029043
0.0004783525811980646
0.0004472877028230798
0.000413791798126637
0.0003848385122083263
0.0003670119739866195
0.0003647195657073489
0.0003786645335654995
0.0004051130884292063
0.0004362738086795027
0.0004618247624042355
0.0004712714808043389
0.0004566457520035642
0.0004148993055142751
0.0003492782792004287
0.0002691592150348428
0.0001883964103868372
0.0001222966925215555
8.405673367271188e-05
8.139860370562334e-05
0.0001143881026995075
0.0001750747490528402
0.000249011415528163
0.0003185612089464032
0.000366964099889326
0.0003823613903906561
0.0003605272687086474
0.0003057852405294975
0.0002296240899633618
0.00014773055962695
7.583383520383044e-05
2.595172683259704e-05
3.709789390622121e-06
7.711841731556793e-06
3.086129779067737e-05
6.328613687054965e-05
9.579199400926879e-05
0.0001227948045627893
0.0001436964018379997
0.0001623793512679993
0.0001849216977992144
0.0002165189288041488
0.0002586187270297365
0.000307528456998941
0.0003551429705259133
0.0003917642002269798
0.0004101153253140763
0.0004094573400539546
0.0003978280250258663
0.000391691206200539
0.0004124037140178896
0.000480222225529895
0.0006074800445540622
0.0007929268953666746
0.001019435649169104
0.001255936204262819
0.001463847132523385
0.001606684003304943
0.001659719783855352
0.001618059150207605
0.001498973726618989
0.001339282501937542
0.001186352560124845
0.001085833542804173
0.001069461493402831
0.001145577167745888
0.001296114950212107
0.001480303178010905
0.001645048540851529
0.001738549238047871
0.001723961357297772
0.001588872923430414
0.001348370946120711
0.00104053958479986
0.0007162136917886732
0.0004255754870246565
0.000206134207034828
7.481988999994689e-05
2.692983903791638e-05
4.113786262158121e-05
8.892480942954854e-05
0.0001448311794101239
0.0001940601426038662
0.0002349599463868481
0.0002758210047643201
0.0003274706653801242
0.0003949863983290885
0.0004716095467340793
0.0005382888855386038
0.0005690986547689804
0.0005413875422523296
0.0004471938321945653
0.0003012906067585486
0.0001426669344729787
2.729214937691303e-05
1.338184371085243e-05
0.0001434032570766704
0.0004280118540205344
0.000837543102167133
0.001305320313908377
0.001742096454468106
0.00205972515898816
0.002196285036534159
0.002136425461753207
0.001919143090944416
0.0016305485999702
0.001381917098425425
0.00127908254674557
0.001391000444864732
0.001727213525698758
0.002231078593024845
0.002790951532454252
0.003268307163285104
0.003533352258131174
0.003500651485061965
0.003152832778577618
0.002546740909095107
0.001799422318825174
0.001059134401310429
0.0004674227612405184
0.0001254865541895694
7.132927672950428e-05
0.0002755924925560611
0.0006547594341010099
0.001097799680288761
0.001496851815349985
0.001773541710642045
0.001892967268096874
0.001863200544436215
0.00172157025360773
0.001515094690601957
0.001282220262725461
0.001042876191225968
0.0008005634240855282
0.000554841185498008
0.0003180023175003482
0.0001286595172687799
5.389901724013395e-05
0.0001771848391414225
0.0005728630623053187
0.00127457137119589
0.002248769914491086
0.00338284327636051
0.004496297054740216
0.005375925530069822
0.005826070591331434
0.005724163455262492
0.005062790283125357
0.003965322612502373
0.002668174338389113
0.001468566063422151
0.0006530126267678092
0.0004210089921227134
0.0008276310557077466
0.00176152931331621
0.002967299570271425
0.00410801206626495
0.004855127116605853
0.004980015822723126
0.004424541232823665
0.003328251668257833
0.002003894593415774
0.0008638109945036953
0.0003168344893333879
0.0006593514116134394
0.001991351436813186
0.004179397580412273
0.006876472657415035
0.009598828267402876
0.0118338641323144
0.01316242334575257
0.01335321538685334
0.01241645695282502
0.01059529573728233
0.008305493327242732
0.006032999932135392
0.004224580653324054
0.003190489328914496
0.003049703717620222
0.003723947449644448
0.004980158174273659
0.006504828031694522
0.007988676557248135
0.009194370262746531
0.009995036253721012
0.01037174507403175
0.01038016305447278
0.01010028760873425
0.009589676284844936
0.00885990221027538
0.007883807402420114
0.006631410995935658
0.005122639310487681
0.003471086028737107
0.001902526927179393
0.0007286881093455934
0.0002800563966142785
0.0008074375990761207
0.002382588245407687
0.004829458611788625
0.007713896599330409
0.01040978940962121
0.01223715890331365
0.01264144457021503
0.01137812676519937
0.00864321103485575
0.005108810105383522
0.001838278824389711
7.803776946372315e-05
0.0009693064305867362
0.005233272593704799
0.01291552688697712
0.02325317056746251
0.03473109325991768
0.04531713214096102
0.05287463186872942
0.05564370029207136
0.05271435424457818
0.04435806145521888
0.03213621197882802
0.0187166947724454
0.00743315783731727
0.00161789298091151
0.003874728684239194
0.01541409525081772
0.03561998743110615
0.0619765957034793
0.09037723882899661
0.1158400044631183
0.1334495447649327
0.1394141758627689
0.1319813292550933
0.1120101218630997
0.08305772405843913
0.05092900079221448
0.02267955107640813
0.005313604322705349
0.004320534968349947
0.0224226380963249
0.05873824022304381
0.1086317300819711
0.1642677869193342
0.215927725817557
0.2537569418977893
0.2697931246538407
0.2597520916976634
0.2242988304003321
0.1694602417464155
0.1060203876182216
0.04788159796022059
0.00970469966991242
0.004047242405400331
0.03865000755550428
0.1143036294796353
0.2237705997576412
0.352207112244695
0.4789524552063731
0.5808834060560822
0.6365487988498605
0.6308274338558726
0.5591417946015745
0.4306037957101577
0.2693298486805352
0.1137248405614704
0.01323472696455342
0.02321207518055673
0.1980460335926011
0.5836169874040199
1.209863522461184
2.085025034064564
3.191215504977873
4.484163205708293
5.894455985380792
7.333933200707128
8.702407651114417
9.89860230450665
10.82936615488864
11.42005418590216
11.62252889028038
