# RCS in m**2 for a L=5 cm PVC cube at 0.0 degree aspect angle
# frequency = 86.75 GHz, 
# theta = linspace(0, 6.2832, 1441)
# phi = linspace(0, 0, 1  1)
14.76131281684751
14.5281549258017
13.84622201156333
12.76641625075629
11.36788928613812
9.750296566213484
8.024102419111978
6.300258264110409
4.680167404359652
3.247168670094582
2.060372525668786
1.151342184718972
0.5239287842133959
0.1569976898063792
0.009574405983834425
0.02764584568159262
0.1516714507404688
0.3238780302393296
0.494477920878282
0.6261525644517197
0.6964442413062762
0.6979380550194577
0.6364921432861081
0.5279383886191593
0.393896454823867
0.2573742943348612
0.1388050407931991
0.05303957084406012
0.007629848774336655
0.00250235751375343
0.03091427873063376
0.08139030571559208
0.1402199430579718
0.1940465312671737
0.2321120891401292
0.2478184827582117
0.2394100354914053
0.2097484332566282
0.1653104328818447
0.1146498791477825
0.06664877070131789
0.02887879054236095
0.006356928538532399
0.0008762063986743928
0.0109867021882759
0.03256509829927102
0.05982028877334068
0.08651447464448427
0.1071515124080297
0.1179217782835119
0.1172456879071897
0.1058513116332561
0.08641233788619281
0.06285602103674719
0.03949884768529689
0.0201931863355408
0.007644272024022211
0.003017396660674749
0.005877614682948472
0.01444575203945911
0.02608716045761979
0.03791415814801063
0.04737081236496195
0.05268575058400825
0.05311617306751788
0.04895960332887891
0.04135188408556122
0.03192905682669689
0.02242673655701198
0.01431893324765267
0.008563351697963996
0.005492146554062826
0.004853884011462629
0.005973994104450604
0.007980759759235706
0.01003484971404099
0.01150880989013884
0.01208180945599812
0.01174079729223612
0.01070449791255421
0.009302375116714648
0.007850592414187034
0.006559668260718111
0.005497232811687544
0.004606737753446697
0.003770502383593605
0.002887838978160291
0.001941283277000351
0.001024947055067973
0.0003260080428007182
6.440281884349165e-05
0.0004102732070338617
0.001407035347108072
0.002926814336362519
0.004676530343238663
0.006257635657444553
0.007266342710770487
0.007408511096155577
0.006595609075946061
0.004993540672161896
0.003005920617150101
0.00119172742046554
0.0001335917882294863
0.0002903456439648854
0.001870161902236435
0.004758887730605081
0.008524574655515644
0.01250054397217486
0.01592825237663923
0.01812744262428249
0.01865189032180011
0.01739254273275352
0.01460333771809692
0.0108424939460827
0.006845379451791863
0.003358364714635906
0.0009757954016946353
1.724735596328461e-05
0.0004735626576681766
0.002031415188567592
0.004166793742801551
0.00628056603562809
0.007842403748003582
0.008506038647645148
0.008171000928818593
0.006980182993184242
0.005258617223479952
0.003413961781607209
0.001828313130031869
0.0007685909424870341
0.0003369126426766753
0.0004695458282992452
0.0009787667106372325
0.001621412298580557
0.002172220752990039
0.002480969845082929
0.002499590240644498
0.002275097913922253
0.001915724873442182
0.001543297337569649
0.001249919322654441
0.001070965608432892
0.0009833157094601879
0.0009252251228254364
0.0008296882076000528
0.0006581773440508456
0.0004213427405141843
0.0001797844849169134
2.386307056890961e-05
3.97961555472637e-05
0.0002738945551818548
0.0007077883326277242
0.001254501084514202
0.001778089535592847
0.002132196591769266
0.002206579015454616
0.00196613319908357
0.001471108501411335
0.0008694505739636811
0.0003626343685751483
0.0001532680890760285
0.0003884446798800272
0.001115189336803569
0.002260811559542537
0.003643909917769415
0.005014667135948398
0.006112924887017405
0.006729379780289594
0.006754050051326519
0.006199078801094816
0.005191272504420303
0.003936876943352422
0.002669532675305559
0.001595015531944826
0.0008477516235949464
0.0004687967908096561
0.0004097718453143754
0.0005584587816069503
0.0007778334985478116
0.0009461575433344926
0.0009871336271328737
0.0008827862679082627
0.0006681136808004261
0.000410646468036538
0.0001834346947647883
4.031290249454743e-05
7.624255787417112e-07
4.817006301650286e-05
0.000140347278742734
0.0002275833540955224
0.0002713587707820152
0.0002571756018109244
0.0001976198226594487
0.0001250663495777462
7.738871713480651e-05
8.209172013657206e-05
0.0001448098219895016
0.0002463810784758247
0.0003496757083532871
0.0004141235474108088
0.000412498692436613
0.0003447523432029851
0.0002432082245773735
0.000166961054586548
0.00018653437542137
0.0003628569000267945
0.000726863610641102
0.001265789979364273
0.001920898426325138
0.002597616489850642
0.003185760856092282
0.003585556115393124
0.003730602464772124
0.00360395004325534
0.003241972239278733
0.002724573938300453
0.002156192251478005
0.001641072757912271
0.001260012626947329
0.001054498328618233
0.001020853010097947
0.001116269203018743
0.001273448487833139
0.001419411419546672
0.001494325375867962
0.001464028393587083
0.001325013880886675
0.0011010297712366
0.0008329404316024557
0.0005660276585431117
0.000337790061237663
0.0001701154368709041
6.685846814309479e-05
1.703013004870949e-05
1.530878126500532e-06
1.066285705441056e-06
2.482568939337631e-06
1.788015443630344e-06
3.306038097399141e-06
1.573259943215023e-05
4.684353281704589e-05
9.883826501970059e-05
0.0001660898584348986
0.0002359900134577471
0.0002924953373448425
0.0003215441290810046
0.0003158516253685803
0.0002781193284228309
0.0002208696842844793
0.0001635500974694435
0.0001269564294755944
0.0001272074200077444
0.0001706562087785845
0.0002515610778675101
0.000353133810636581
0.0004516937004446466
0.0005231044650226559
0.0005493646277289466
0.0005238363350993777
0.0004536149713174458
0.0003580980255268096
0.000264570811941822
0.0002014989074940229
0.0001914335088540844
0.0002453664303881779
0.000359835189428594
0.0005175552405119416
0.0006912912477714941
0.0008501073138747085
0.0009662516962729313
0.00102132931065812
0.001009978862116887
0.000940603510218527
0.0008329677370990064
0.0007134490833592721
0.0006089887567353832
0.0005414064174267433
0.0005230294771447988
0.0005548494129028811
0.0006270696096696194
0.0007219864931918537
0.0008182453799055885
0.000895536784287594
0.0009385458517051592
0.0009395301708751223
0.000898991250985783
0.0008246911799601111
0.0007292074824146877
0.0006269459512286459
0.0005310859231886545
0.0004513486182629855
0.0003926807060917889
0.0003552467302690611
0.0003352547985154365
0.000326557386288747
0.0003223570305387991
0.0003167207919965882
0.0003056286547165215
0.0002873634163487925
0.000262361926853282
0.0002326630505200091
0.0002010450508536972
0.0001703560414708641
0.0001429045872393527
0.0001202135013025786
0.0001028849693436513
9.087583333299695e-05
8.365587968929993e-05
8.048295750731114e-05
8.057692145120753e-05
8.316807711835729e-05
8.753081373708131e-05
9.294336269068408e-05
9.868814139806101e-05
0.0001041051779104332
0.0001086998337825362
0.0001122674560892597
0.0001150183819234766
0.0001175849898353723
0.0001210124489433691
0.000126505517457273
0.0001352018645201705
0.0001478336192896872
0.0001644749300812064
0.0001843997443200528
0.0002061028768647293
0.0002274888186968807
0.0002463053701175389
0.0002605032162576088
0.0002687560677308707
0.0002707384294106451
0.0002673131051977643
0.0002604101334884421
0.0002526915473704676
0.0002470880887880433
0.0002461728022843947
0.0002516744059478076
0.000264071362822144
0.0002823750673577636
0.000304371395278182
0.0003269223288661932
0.0003465684630652306
0.0003601954673047032
0.0003656221878751577
0.0003620835733928773
0.0003504056497748792
0.0003328609432655874
0.0003128261504383451
0.0002941271139006625
0.0002803386835556901
0.0002741293606548105
0.0002767208061902569
0.0002876580631015623
0.0003048753922842712
0.0003250456339892267
0.0003442160305401388
0.0003585002669740247
0.0003648682021614271
0.0003616558385259536
0.0003489557278170613
0.0003285471075331545
0.000303669792027515
0.0002783729975965892
0.0002568274119097348
0.0002425073932483721
0.0002375875450259369
0.000242512364811068
0.0002559269085184735
0.0002748893279271478
0.0002954122432663872
0.0003132108449856567
0.0003244684192792213
0.0003265532634029567
0.0003184839974281311
0.0003011446728993774
0.0002770858279980922
0.0002500769708596291
0.0002244091290111463
0.0002041219477152562
0.0001922448584232271
0.000190308504604636
0.0001980415190597978
0.0002134790551671756
0.0002333428754489695
0.0002536573433968944
0.0002704727595664986
0.0002805816940094329
0.0002820375359168714
0.0002744610307112087
0.000259007477118514
0.0002381033287417721
0.0002149538925828394
0.0001929062252201646
0.0001749396928826806
0.0001631654049777517
0.0001586161533068928
0.0001611764562642923
0.0001698029256499871
0.0001827814310717564
0.0001980849426675456
0.0002136916715485488
0.0002277898376854817
0.0002388731808829186
0.0002457483792902887
0.0002474987535285652
0.0002434729493455395
0.0002333651850720678
0.000217354983369245
0.0001963013973443388
0.0001719940940849916
0.0001471903787806961
0.0001255252722391242
0.0001110962326827908
0.0001077957819942925
0.0001184827970795709
0.0001440805652392276
0.0001829494487051479
0.0002306131669149598
0.0002800731703218957
0.0003228005405799387
0.0003501413843386658
0.0003552343776680179
0.000334506829540789
0.0002891373332478195
0.0002253760179588259
0.0001540254157255375
8.873835366331297e-05
4.357262260210478e-05
3.012272648564341e-05
5.486967159642483e-05
0.0001173195627121222
0.0002094381287971486
0.0003166455920139914
0.000420239135823788
0.0005009367273482474
0.0005427444764507968
0.0005364370557592987
0.000481777841234754
0.0003880100147208142
0.0002723238291967494
0.0001565980417008666
6.305254276886717e-05
9.674019796986014e-06
6.453149244912999e-06
5.324836877281758e-05
0.0001398001065025283
0.0002479328674027357
0.0003553943934254202
0.0004405752558282034
0.0004870588258046241
0.0004867977879161639
0.0004414687388959666
0.000361621332941041
0.0002638070425223073
0.0001666034990887985
8.642946250319737e-05
3.413792614608821e-05
1.32596907702091e-05
2.0143954839759e-05
4.589734166794462e-05
7.943287049776009e-05
0.0001107528013827615
0.0001335329981999442
0.0001462999005362521
0.0001519691405609866
0.0001559758289339775
0.0001636460286129554
0.0001777129714319616
0.0001968145753932043
0.0002155456067836786
0.0002260552295652923
0.0002207666412802696
0.0001954765845411705
0.0001515871449316255
9.690595593712557e-05
4.444188538460216e-05
9.355591806312432e-06
4.925924730118362e-06
3.850537158635266e-05
0.0001087523049333374
0.0002050205539331473
0.0003092896389541909
0.0004001882931909468
0.0004582703767213711
0.0004709356519675483
0.0004358739361178918
0.0003617756614064057
0.000266185209120353
0.0001709413876921677
9.647518042716705e-05
5.644690440959537e-05
5.434208351482949e-05
8.295160180071348e-05
0.0001269047481028528
0.0001675702562230275
0.0001888990332984519
0.0001824698942792521
0.0001502388146753412
0.0001041382582302838
6.255416734282014e-05
4.467343953106584e-05
6.437805514475558e-05
0.0001254872475067012
0.0002198127249863427
0.0003287232383665062
0.0004278231387613243
0.0004934658126918502
0.0005092573981148343
0.00047061496358493
0.0003860742035917506
0.0002749708306051005
0.0001620096952698275
7.056600196129152e-05
1.644262094742048e-05
4.083510499599149e-06
2.621780409075346e-05
6.704788946840428e-05
0.0001078940847264843
0.0001334819862011854
0.0001369437813269835
0.0001218472941343849
0.0001006597353540325
9.011962822911196e-05
0.0001049943238667145
0.0001522613587285985
0.0002276986735265189
0.0003160811235117137
0.0003951027500709798
0.0004419999527413133
0.000440750602973327
0.0003877377180398042
0.0002938469839050773
0.0001823186391966521
8.26489955101497e-05
2.233761018491187e-05
1.885694696474074e-05
7.431336444551813e-05
0.0001744461536158617
0.0002924807781806415
0.0003967444136769414
0.0004599176493816103
0.0004671382026344017
0.0004205721584703119
0.0003389543804144276
0.000252177839209107
0.0001924689076319448
0.0001846719258468348
0.0002386010421745432
0.0003456506637871444
0.0004808487360629583
0.0006096612057129394
0.0006976846157302009
0.0007203387417182893
0.0006697026372747405
0.0005565871206628359
0.0004071252910528716
0.0002551721568218393
0.0001325413369683248
6.026617695813139e-05
4.335103898191101e-05
7.050999335937705e-05
0.0001189527837107081
0.0001625432311459975
0.0001807709203098808
0.0001656905825949501
0.0001246004011504872
7.759679302680872e-05
5.075970808114314e-05
6.707579981924484e-05
0.0001379996905332969
0.0002583475101581975
0.0004063143866856125
0.0005487570673492707
0.00065028370992129
0.0006835629360596004
0.0006376545813320247
0.0005218087229211054
0.0003635011962072745
0.0002010119505831298
7.278475658705787e-05
6.558320271444224e-06
1.15381824410829e-05
7.598115384364114e-05
0.0001710330178394871
0.0002597887228894737
0.0003089308549890818
0.0002995535794232713
0.0002338973153347262
0.0001357762223287383
4.444661695432148e-05
3.454342618016817e-06
4.755148813151902e-05
0.0001914441688812917
0.0004237101942494923
0.0007078036295020154
0.0009901027995646372
0.001213163053799164
0.001330477416667198
0.001318785401004799
0.001184712098752835
0.0009636622816959606
0.0007112049542034472
0.0004893166223837902
0.0003508760814957723
0.0003266854384589512
0.0004182394240032759
0.0005981528137151072
0.0008179452265242661
0.001020988065582446
0.001156987843551938
0.001194253296622912
0.00112648273824181
0.0009725113317224283
0.0007694208185239562
0.0005612064907615531
0.0003863328833350338
0.0002678037580306531
0.000208505970818453
0.0001929197173464057
0.0001945920647001468
0.0001868822509042223
0.0001536790021692119
9.666721574999286e-05
3.677636529565921e-05
9.097480809733353e-06
5.243171730211107e-05
0.0001964153791112305
0.0004498843214933693
0.000794076474491728
0.001183087508022048
0.001552137184266509
0.001832022973587251
0.001966456315361517
0.001927779914504379
0.001727021743619848
0.001415179519357425
0.001074619101790083
0.0008023674302632579
0.0006884707968144036
0.0007945895336909616
0.001137733259065849
0.001683218041489922
0.002348976563519232
0.003020453777580441
0.003573351517481914
0.003899428544402148
0.003929268842375925
0.00364759482282578
0.00309730246137449
0.002371478108197324
0.001594950672723
0.0008993820619043202
0.0003972027716603515
0.0001601127249932638
0.0002060409322632534
0.0004978782449641012
0.0009532938799229076
0.001463536826513121
0.00191674024140813
0.002220739246680702
0.002320451909233166
0.002206393342221078
0.001912947787196838
0.001507276603051164
0.001071813004736424
0.0006847262864262311
0.0004028691304309545
0.0002509731621375868
0.0002194568086070473
0.0002708978731691975
0.0003533039130901449
0.000416625648557507
0.0004282901320873201
0.000383733119491699
0.0003090080880230177
0.0002546377839283688
0.0002818706461827554
0.0004444598996922002
0.0007704157735516924
0.001248423600239225
0.001823030051646213
0.00240040560894513
0.00286529157639306
0.003106109457087857
0.003043487877597854
0.002656403321171363
0.001999704820019094
0.001207872977543643
0.0004822597973406059
6.198394661658631e-05
0.0001818688012288156
0.001023852992298834
0.00267044458315537
0.00506937191341385
0.008017779923010037
0.01117196166855153
0.01408535084119282
0.01627220041567688
0.0172910994541035
0.01683756809384613
0.01483291946149493
0.01149580402297083
0.007382095191240008
0.003385276518529733
0.0006902524369058754
0.0006819037555666405
0.004814408262463618
0.01445339537384824
0.03070760755951263
0.05426887519583968
0.0852820451262896
0.1232510664063667
0.167020176903781
0.2148061722171219
0.2643020070296768
0.3128393397210971
0.3575938284736109
0.3958173765860105
0.4250724816293248
0.4434437108166812
0.4497071379718404
0.4434430829789396
0.425072688828697
0.395817861569369
0.35759437195578
0.3128399514566207
0.2643027825625993
0.2148069132821993
0.1670208376512071
0.1232493981995119
0.08528073729738728
0.05426927500780497
0.03070786457015524
0.01445356729099198
0.004814503159934706
0.0006819358443157961
0.0006902278511908737
0.003385228061625156
0.007382045814357532
0.01149595549275081
0.01483303444650915
0.01683754647212784
0.01729110133395825
0.01627221718518305
0.01408539440778741
0.01117201175737638
0.008017796616025197
0.005069414034610514
0.002670368172978413
0.001023803774868979
0.0001818482478149322
6.198082082462305e-05
0.0004822518665460798
0.00120785901419292
0.001999692932269203
0.002656398178173359
0.003043489576953329
0.003106123290243941
0.002865268088359989
0.002400394538303531
0.001823038820864292
0.001248435936960356
0.0007704211980740491
0.0004444617347172376
0.0002818730827333164
0.0002546385028343771
0.0003090072221707079
0.0003837357772244135
0.0004282889625650651
0.0004166221427048326
0.0003533051314282886
0.0002709026080617365
0.0002194542484515642
0.0002509706248117022
0.0004028673368249061
0.0006847261956067894
0.001071809903916848
0.00150729620431143
0.001912964157398091
0.002206404453751467
0.002320446948617776
0.002220741902648781
0.00191674557805162
0.001463544586011097
0.0009533017163866187
0.0004978722615657467
0.0002060436080546965
0.000160116780070316
0.0003972210870159669
0.0008993707642230654
0.001594943650738929
0.002371470848477542
0.003097291852408624
0.003647583336725675
0.003929268624540109
0.003899429744171578
0.003573329903763482
0.003020408449722178
0.002348962247274912
0.001683225447129928
0.001137739190241479
0.0007945942775182168
0.0006884695953787473
0.0008023632185544981
0.001074614938363171
0.00141517177378414
0.001727031476393641
0.00192777645715564
0.001966456800600279
0.001832032493681724
0.001552137183566433
0.001183092453042452
0.0007940789937997088
0.0004498902389605263
0.0001964200157951079
5.243220609407282e-05
9.097564072129935e-06
3.677835352195449e-05
9.666615007980809e-05
0.000153679353978264
0.000186883824930245
0.0001945931371912951
0.0001929207087750317
0.0002085036453548275
0.0002678033675773797
0.0003863371659321203
0.0005612141775365911
0.0007694296366454929
0.0009725107834073854
0.001126486069858727
0.001194254962448191
0.001156988592266193
0.001020990406396556
0.0008179500501929543
0.0005981535490127032
0.0004182344539762393
0.0003266827317771116
0.0003508779049559042
0.0004893106160499452
0.0007112019343837421
0.0009636567832143205
0.00118471082169264
0.001318778814019099
0.00133047888915708
0.001213171844387869
0.0009900921838598353
0.0007077963537908711
0.0004237192904656144
0.000191448973846351
4.75527166362962e-05
3.454278508525248e-06
4.444537027099842e-05
0.0001357762246190946
0.000233897399013034
0.0002995547196240017
0.0003089288662667628
0.0002597896514580316
0.0001710336500457564
7.598176537493969e-05
1.153731105260815e-05
6.558251215474299e-06
7.278337575221379e-05
0.0002010075860716106
0.0003634965913318158
0.0005218164329985528
0.0006376612019780015
0.0006835630831035948
0.0006502803783342722
0.0005487588867379999
0.0004063208394751369
0.0002583500321420048
0.0001379997766203926
6.70770526735974e-05
5.075915798252404e-05
7.759773452799097e-05
0.0001246016372737121
0.0001656912957830061
0.0001807698304770946
0.0001625431968558517
0.0001189554649327433
7.051223864126675e-05
4.335160090264559e-05
6.026623838312447e-05
0.0001325439072476719
0.0002551768343629679
0.000407131943135019
0.0005565879208799536
0.0006697024775377873
0.0007203390996851854
0.0006976843401109328
0.0006096620160123406
0.0004808488654595057
0.0003456533779070984
0.0002385957835132514
0.0001846718358696631
0.0001924682602931479
0.0002521739050359984
0.0003389486717329984
0.0004205715707087539
0.0004671355756293208
0.0004599153075625772
0.0003967475359532184
0.0002924826237522614
0.0001744412316118411
7.430865315693638e-05
1.885694808629344e-05
2.233692027397531e-05
8.264898169509189e-05
0.0001823197606073681
0.0002938468983641529
0.0003877335523668033
0.0004407508759280689
0.0004420002426156147
0.0003951006103357835
0.0003160740984226838
0.0002277000564693958
0.0001522622375548279
0.0001049935382864048
9.012094978806712e-05
0.000100660421538834
0.0001218487694402504
0.0001369421201693232
0.0001334783243299541
0.0001078959812825157
6.704938495408171e-05
2.622023238058202e-05
4.083498664234991e-06
1.644432492142906e-05
7.056420746324179e-05
0.0001620183290224933
0.0002749715186687275
0.0003860836701774104
0.0004706151386610375
0.0005092597275843272
0.0004934715329027614
0.0004278228842292762
0.0003287213618105345
0.000219814882081482
0.0001254838261738225
6.437983437285477e-05
4.467267107124157e-05
6.255342925771303e-05
0.0001041392054045619
0.0001502364714940874
0.000182470557635324
0.0001888994172351725
0.0001675708432058351
0.000126900566222736
8.295179488798985e-05
5.434137147985315e-05
5.644454915793574e-05
9.647472973615322e-05
0.0001709401030328418
0.0002661829976451449
0.0003617732312858132
0.0004358735242752478
0.0004709353196704299
0.0004582644172769525
0.0004001876606992313
0.0003092890534416181
0.0002050185237561582
0.0001087513943794562
3.85032029907126e-05
4.926227230957629e-06
9.355578412295166e-06
4.444276492539274e-05
9.690568821793957e-05
0.0001515903646642069
0.0001954790214760837
0.0002207676766986428
0.0002260522717249581
0.0002155459957353
0.0001968176124354793
0.0001777131775473874
0.0001636487127107724
0.0001559776945632163
0.0001519684998639097
0.0001462985250668376
0.0001335318333272074
0.0001107508684875905
7.943272010772099e-05
4.589796078330454e-05
2.014322824548318e-05
1.325973088345735e-05
3.413824065267307e-05
8.643162893525731e-05
0.0001666027601920465
0.0002638090093950669
0.000361620624955091
0.0004414714043660672
0.0004867936786066141
0.0004870603879026284
0.0004405819977565764
0.0003553916533209837
0.0002479286805704775
0.0001398063617905012
5.324840264630116e-05
6.453505782721017e-06
9.675831805977814e-06
6.305053343342136e-05
0.0001566025136200796
0.000272318988791675
0.0003880139539413537
0.0004817763092948112
0.0005364394435797257
0.0005427450781716671
0.0005009392106327581
0.0004202384485940569
0.0003166478111453185
0.0002094360707554038
0.0001173211189456223
5.486969629794732e-05
3.012298078768203e-05
4.35737324376011e-05
8.87410728857624e-05
0.0001540240339450939
0.0002253791995248179
0.0002891229520113287
0.0003345084110180571
0.0003552345501736261
0.0003501352948119955
0.0003228028747038899
0.0002800769198494687
0.0002306085150919878
0.0001829505893317242
0.0001440807974077797
0.0001184835400669774
0.0001078016211760064
0.0001110971637352847
0.0001255271719486446
0.0001471893102177749
0.0001719931569083724
0.0001963030225381886
0.0002173547746983539
0.0002333686458716279
0.0002434725144209223
0.0002474964313078957
0.0002457524077170811
0.0002388724097435815
0.0002277942916517779
0.0002136944163381734
0.0001980819621980735
0.0001827823154338665
0.000169805318614252
0.0001611787714716687
0.0001586172014019205
0.0001631700056020023
0.0001749392457056451
0.0001929063270427622
0.0002149534997609752
0.0002381055149249332
0.0002590077447415034
0.0002744615980628066
0.0002820394418494487
0.0002805800214231599
0.0002704765058097349
0.0002536541396106085
0.0002333438920010304
0.0002134769540543522
0.0001980382195669771
0.0001903072590715791
0.0001922468790767887
0.0002041227680255563
0.000224410686122696
0.000250074059042295
0.0002770875457065826
0.0003011456953240596
0.0003184867359877457
0.000326550346868823
0.0003244670491545811
0.0003132122599713396
0.0002954141237271468
0.0002748884847218116
0.0002559294401641415
0.0002425139736221913
0.0002375862209419977
0.0002425048228640988
0.000256826975622216
0.0002783714972907281
0.0003036683562031653
0.0003285475872654969
0.0003489552709686902
0.0003616541000483178
0.0003648700303972907
0.0003585086692648371
0.0003442068711552644
0.0003250474992823183
0.0003048745080605803
0.0002876605560435514
0.0002767201278778866
0.000274128381138147
0.000280339897383392
0.0002941285653555051
0.000312826981706547
0.0003328620807411856
0.0003504041343429576
0.0003620853031082688
0.0003656184891131273
0.0003601982257692623
0.0003465727642968679
0.0003269222649823324
0.000304368724050894
0.0002823745255810084
0.0002640672774731162
0.0002516832960083328
0.0002461742777039256
0.0002470885939709107
0.0002526894744069606
0.0002604076207962812
0.0002673142645433533
0.0002707369976147551
0.0002687541277474932
0.0002605036926383485
0.0002463048160908706
0.0002274924943319075
0.0002060950491665523
0.0001843984131657109
0.0001644782698149554
0.0001478280808592964
0.0001352040318877785
0.0001265081896165081
0.0001210135406010361
0.0001175897428073968
0.0001150146834398111
0.0001122679840682167
0.0001086985866986386
0.0001041039205215224
9.8683580296049e-05
9.293790264334564e-05
8.752937446010565e-05
8.316540892633419e-05
8.057735816506626e-05
8.048778476478297e-05
8.365615814476218e-05
9.087560733731023e-05
0.0001028899692578546
0.0001202096668097992
0.0001429180121896778
0.0001703503281837032
0.0002010431650959244
0.0002326612410718865
0.0002623576798115967
0.0002873605052725532
0.0003056337753185401
0.0003167256942606529
0.0003223628774012449
0.0003265595639029884
0.0003352443095156743
0.0003552281286546467
0.0003926786694181203
0.0004513466417738306
0.0005310877920012303
0.0006269392254296616
0.0007292032175577006
0.0008246887291673722
0.0008989875661495203
0.0009395302192563986
0.0009385441848739841
0.0008955379255917681
0.0008182424542444869
0.0007219846279447586
0.0006270752343715154
0.0005548537053110229
0.0005230282937994542
0.0005413988195018326
0.0006089924448598806
0.000713440427603576
0.0008329729246696077
0.0009405987109042076
0.00100998889017633
0.001021355964190356
0.0009662528888870474
0.0008501013247483837
0.0006912990642368585
0.0005175515936414527
0.0003598610098085332
0.0002453647421849955
0.0001914310724331995
0.0002014956922322698
0.0002645755876637677
0.0003580961270486272
0.0004536150634745357
0.0005238413637389586
0.0005493647348703178
0.0005231048082953492
0.0004516932614152439
0.0003531298591506632
0.0002515639261600488
0.0001706503827108615
0.0001272052444828995
0.0001269550028375358
0.0001635425941620619
0.000220869132124439
0.0002781110280423101
0.0003158770543180502
0.0003215421939764015
0.0002924951301891238
0.0002359862278043435
0.0001660956236153238
9.883924535320419e-05
4.68404903819869e-05
1.573254993195427e-05
3.30590024405743e-06
1.788195917339764e-06
2.482751450329454e-06
1.066283541667099e-06
1.531530393496264e-06
1.70295487187655e-05
6.686339895940986e-05
0.000170106547117765
0.0003377949245532196
0.000566019783104938
0.0008329526727647009
0.001101002903099173
0.001325006327974394
0.001464007298494404
0.001494331447451861
0.001419407029009292
0.001273426486788483
0.001116263332013652
0.001020841264469372
0.00105449994312593
0.001260002115730536
0.001641065242325542
0.002156159217152417
0.002724573842277234
0.003241994588247606
0.003603985695080869
0.003730592554790975
0.003585586581353667
0.003185754624889988
0.002597571769918439
0.001920899085048491
0.00126583546580463
0.0007268636105873641
0.0003628540069365506
0.0001865342487882259
0.000166958552211767
0.0002432028201364122
0.0003447589152082679
0.0004124927425052477
0.0004141242175642008
0.0003496997795497682
0.0002463763307431727
0.0001448169878668489
8.20918460727436e-05
7.739138691923158e-05
0.0001250634644450886
0.0001976229815234501
0.0002571740817745829
0.0002713528251503958
0.0002275896945353538
0.0001403448395306774
4.817146737372241e-05
7.62442873412009e-07
4.03213043541421e-05
0.0001834317833568883
0.0004106625536144591
0.0006681187472975229
0.0008827978605923517
0.0009871323733044485
0.0009461646702240078
0.0007778411716093334
0.0005584587074453012
0.0004097677967504463
0.0004687968472681964
0.0008477552760331793
0.001595003972908572
0.002669590844279851
0.003936858634000662
0.005191287156390377
0.006199041573008756
0.006754052829427587
0.00672928031545241
0.006112924867471017
0.005014590668589158
0.003643939356300553
0.0022607298090429
0.001115225359022495
0.0003884303576154638
0.000153272990884739
0.0003626433517864335
0.0008694036230174485
0.001471108497504264
0.001966151890423914
0.002206567207885043
0.002132208178654342
0.001778111435615416
0.001254470577251919
0.0007078028150164233
0.0002738900255981148
3.980168759956987e-05
2.386305999994928e-05
0.0001797983716974764
0.0004213426123499325
0.0006582040562761002
0.0008296899798064224
0.0009251932232201216
0.0009833164213438016
0.001070968954481268
0.001249903561118197
0.001543380419704928
0.001915708721629686
0.002275097466824794
0.00249957001635733
0.002480949904241349
0.002172195353292671
0.001621440582167912
0.0009787612493529826
0.000469572124873052
0.0003369170099926819
0.0007685375872375452
0.001828312653257617
0.003414087217094454
0.005258616207547174
0.006980274071151976
0.00817094338010523
0.008505996105157669
0.007842488789879472
0.006280553400468426
0.004166849436240235
0.002031415997171924
0.0004735064136639175
1.724731926035104e-05
0.0009758624080318401
0.003358284002330111
0.006845518453787937
0.01084244000338231
0.01460347245169328
0.01739246013532912
0.01865187432991615
0.01812755821176138
0.01592824749842771
0.01250039359355839
0.008524626496484285
0.004758744747603483
0.001870202713410929
0.0002903310402761095
0.0001335751162141104
0.001191766885378786
0.003005839132110372
0.004993540520591647
0.006595657777014293
0.007408483889713473
0.007266294072778937
0.006257598734811017
0.004676464822281639
0.002926859006499557
0.001407013492783595
0.0004103128043125044
6.440160807355601e-05
0.0003260216378455455
0.001024916852892137
0.001941316418123656
0.002887789986231171
0.003770513724561872
0.004606727134245497
0.005497265974281171
0.006559624169480113
0.007850565232473277
0.009302304563963325
0.01070449718860362
0.0117407800126684
0.01208168906118387
0.01150877932880516
0.01003488041671579
0.007980698100592079
0.005974066307891262
0.004853868591433668
0.005492049385490399
0.008563352438246219
0.01431922286526887
0.02242650477005087
0.03192931428853596
0.04135155086636597
0.04895914119076519
0.05311619907259111
0.05268579434257327
0.04737123802827116
0.03791416118568022
0.02608655763604261
0.01444589252018546
0.005877348128241387
0.00301740444978862
0.007644465847823785
0.02019251217301297
0.03949917415595535
0.0628552487545181
0.08641232018141028
0.1058502855147387
0.1172456215531898
0.1179217159853652
0.1071515900494362
0.08651361797390401
0.05982102410176016
0.03256409301363216
0.01098730293660831
0.0008761641098571938
0.006356180379854965
0.02887879063139628
0.06665066301802809
0.1146495421883175
0.165311902661046
0.2097475717776213
0.2394107413366835
0.2478191800393172
0.2321117920274884
0.1940484599309242
0.1402196237513944
0.08138732399491966
0.03091459317608379
0.002501822913248507
0.007629426996632051
0.05304137852662981
0.1388022373238217
0.2573767390830051
0.3938902114209699
0.5279387904578916
0.6364876572610338
0.6979378566181208
0.696442494359595
0.6261544081454178
0.4944722190468037
0.3238829867869854
0.1516682585833077
0.02764879757894569
0.009574950468855694
0.1569853482397311
0.5239285766867331
1.151378373857514
2.060358053997216
3.247217642874247
4.680129267841985
6.300303689458981
8.024041443408768
9.750320697941786
11.36781791195445
12.76641795211636
13.8462677526518
14.52815180295677
14.76131274158945
