# RCS in m**2 for a L=5 cm PVC cube at 0.0 degree aspect angle
# frequency = 87 GHz, 
# theta = linspace(0, 6.2832, 1441)
# phi = linspace(0, 0, 1  1)
14.33421179680678
14.10306499899517
13.42735517026931
12.35849090253381
10.97631749189671
9.381153229044804
7.683876415482882
5.995370123322795
4.416351693072176
3.028789456363709
1.889776525370406
1.028397901992733
0.4458062303049738
0.1182638026448712
0.002613444540362712
0.04336008935212037
0.1803809921232526
0.3563023365636154
0.5226646031742059
0.6442290081876578
0.7010872679916298
0.6885028424230754
0.6147863901932445
0.497688513119301
0.3599867712263565
0.2249832958304933
0.1125640062467051
0.03634226066223829
0.002183967822095891
0.008179294172406626
0.04590192879129726
0.1026056023247519
0.1638990153225414
0.2164048104709707
0.2499635443734986
0.2590516202405694
0.2432506965124592
0.2067809242654388
0.1572664543730037
0.1040170347927277
0.05617470526986203
0.02107526875802174
0.003072974460411047
0.003025683199253365
0.0184589650158836
0.0443247688144687
0.07416461160291968
0.1014285144192082
0.1206919216824141
0.1285550704853742
0.1240832549077817
0.108746539724658
0.0859131047441079
0.06003294182294619
0.03569303793472415
0.01673798643345035
0.00561600401432674
0.003059960493238003
0.008128018102845462
0.01856435480350297
0.03137642681508249
0.04349405764159023
0.05236907311360139
0.05640504863771954
0.05514723247436319
0.0492228854670701
0.04007036604633238
0.02954441884164745
0.01948444710275756
0.01134947739798539
0.005985359648881688
0.003553177818222257
0.003615862768578498
0.005338643781505416
0.007742429285633758
0.009944296826167189
0.01133174356991837
0.01164075231646477
0.01093465577211564
0.009507577381506196
0.007749131762150757
0.006015044048675104
0.004537274957014253
0.003393919784873442
0.002536038590726788
0.001854350605431236
0.001256905075527943
0.0007283157967651261
0.000349570235945529
0.000271615138476385
0.0006530742843876926
0.001583364404684098
0.003019227165097592
0.004760197315105276
0.006473408829480851
0.007768594482564069
0.008302555936854781
0.007885786692881957
0.006558000576814002
0.004608828766445744
0.002531088160162896
0.0009151733850507274
0.0003066195540345401
0.001064032540755186
0.003253714535641631
0.006610328156397014
0.01057751156218969
0.01442166340549443
0.01739202586703155
0.01889086517135701
0.01861054938231468
0.01660423647142789
0.0132738354367708
0.009276489814770457
0.005374763289746672
0.002265680637836997
0.0004310583648148305
4.373251536245791e-05
0.0009496938178536139
0.002727425885817201
0.004806049642414417
0.00660955662784997
0.007691960303115784
0.007829300885366486
0.007049861199904138
0.005600297594248882
0.003861491274845163
0.002238619785825629
0.001058240497355527
0.0004960918634096457
0.0005521859614981461
0.001074496396346172
0.001819696099049638
0.002529895391502084
0.003002938926924278
0.003137289935000238
0.002942134434508937
0.002513927286244165
0.001991603888905486
0.001505653812781798
0.001139186833854143
0.0009103435815783546
0.0007811954710443537
0.0006854496955381346
0.0005641743684205906
0.000395571469583093
0.0002075295995996176
6.883867494345268e-05
6.193875276435063e-05
0.0002475081305244234
0.000633510213220273
0.001160873507360994
0.001712139483261905
0.002142064251984958
0.002321478687912867
0.002181853418258186
0.001744091887870887
0.001124061721700355
0.0005088659238017826
0.0001105905955217399
0.0001090636690207378
0.000599795506087539
0.0015620516023568
0.002856907049653154
0.004255994837454502
0.005494694490769868
0.006334964539524742
0.006621028467852512
0.006314798308762334
0.005500015766272489
0.004357473927756604
0.003116826423784419
0.002000010158728581
0.001170783549814921
0.0007033951792409864
0.0005765986318733468
0.0006930858796477836
0.0009158937728198587
0.001110865145396796
0.001182763371087433
0.001095342985866474
0.0008718134361777492
0.0005781813320729443
0.0002957326625636516
9.287270558449785e-05
4.797273469469446e-06
2.637564808388283e-05
0.000119213106000913
0.0002289791225207861
0.0003060907186139229
0.000322771626815117
0.0002804678584945257
0.00020614849885174
0.0001393623194713827
0.0001151627809234654
0.0001494379146178864
0.0002319991604158593
0.0003299573059510489
0.000400405861408806
0.0004081092916751859
0.0003417485929891963
0.0002232720872785121
0.0001061410331396475
6.247465578789251e-05
0.0001623581249907361
0.0004514006235445335
0.0009332746225424345
0.001562904964112376
0.002252912703053744
0.002891971123677887
0.003370456192643149
0.003607057692118726
0.00356805368379295
0.003275311835763336
0.00280058326206597
0.002247264759210743
0.001725610428780342
0.001327087451858726
0.001104721419494006
0.001064487895789783
0.001168241717566691
0.001347832554648884
0.001524903091260452
0.001631067943343862
0.001624026724391771
0.001494319345827214
0.001263639599175234
0.000975009068018759
0.0006788496853369713
0.0004192557043817792
0.0002239419707389503
0.0001005221084366437
3.883657903478534e-05
1.809007683309879e-05
1.575518456897634e-05
1.532874734226228e-05
1.057777313312137e-05
5.401568705480482e-06
9.829940807477923e-06
3.402596665193079e-05
8.256462092972806e-05
0.0001510734674026566
0.0002264977181415143
0.000290711907496313
0.0003263971985856472
0.0003230942608193593
0.0002814053497330052
0.0002139415205413644
0.0001422496223944955
9.112931867110674e-05
8.12966911441993e-05
0.000123097009409996
0.0002128323786642264
0.0003330485481973955
0.0004567682628139294
0.0005544993874334302
0.0006021270370555105
0.0005877632352712358
0.0005152745712980692
0.000403970358050685
0.0002839761768295257
0.0001889814957445167
0.0001479363169976809
0.0001778269519236026
0.0002794846757777798
0.0004372498308922178
0.0006226786428460958
0.0008011741910304391
0.0009399574879460481
0.001015311593934997
0.001017712749223272
0.0009532473084098841
0.0008416406878179999
0.0007112172098427644
0.0005923096833063996
0.0005104796322800712
0.000481384807786284
0.0005080437744532743
0.0005812032898432864
0.0006821859328358903
0.0007876411338156049
0.0008748237413135877
0.000926227077522379
0.0009326694125921413
0.0008942612590237791
0.0008193394667095106
0.0007217910733632961
0.0006175961151928246
0.0005213578931914458
0.0004436415042876653
0.0003895485658860759
0.0003586062203086426
0.0003459443508306475
0.0003440501332018466
0.0003448883035369743
0.0003416980746651425
0.000330157594887123
0.000308826401242598
0.000278844631360091
0.000243197610558653
0.0002056990356580987
0.0001700152757583314
0.000138978498956522
0.0001143016460742222
9.652655932984475e-05
8.525972396619506e-05
7.958182210144868e-05
7.83406647559958e-05
8.039980932776426e-05
8.476430241772051e-05
9.052518045803544e-05
9.685244851423094e-05
0.0001029411483729313
0.0001080494552897397
0.0001116064286583208
0.000113375724141644
0.000113593636160231
0.0001130547387481599
0.0001130152900882304
0.0001150293309549279
0.0001206142828713998
0.0001308684695118886
0.0001461476277169425
0.0001658724742816511
0.0001885129935534747
0.0002118100680869488
0.0002331508029901648
0.000250135796718307
0.0002610253929771726
0.0002651698620074249
0.0002631950422516723
0.0002569131076101159
0.0002489853762538453
0.0002424232923990239
0.0002399359577511359
0.000243380442471007
0.0002533661710631669
0.0002690958295784111
0.0002884768461126843
0.0003085852314447692
0.0003262313069733419
0.0003385802726644529
0.0003437954181560591
0.0003413748805054891
0.0003322680036920015
0.0003187169463450728
0.0003037595457502021
0.0002906418343118843
0.0002821366965674574
0.000279972047198368
0.0002844852494222036
0.0002945553779703729
0.0003078338384635257
0.0003212264467292432
0.0003315851813763322
0.0003363022551377668
0.0003339366379852715
0.0003245030232725555
0.0003094725876895809
0.0002915451150187867
0.0002740215374491847
0.0002601845380953063
0.0002525482733595909
0.0002523764297121879
0.0002592913504458461
0.0002714023602832395
0.0002856207856740381
0.000298295597064439
0.0003059805478281651
0.0003061533611690638
0.0002978250451118277
0.0002817796104327023
0.0002604688264930982
0.0002375694678544791
0.0002172430138190242
0.0002032642267565497
0.0001982117576641794
0.0002028709294396387
0.0002160012089209051
0.0002345208617382753
0.0002540952980744836
0.0002700396854868925
0.0002782578878112534
0.0002762072701838987
0.00026345708029998
0.000241879536421393
0.0002153270661139922
0.0001888500047501315
0.0001676537758249812
0.0001559446811249314
0.0001559766720830982
0.0001674849358307249
0.0001876388723762371
0.0002116175841491465
0.0002335972336152675
0.0002480725960584571
0.0002511094918479346
0.0002413301093338077
0.0002203235217123081
0.0001924282255370762
0.0001637886853260584
0.0001410191562939982
0.0001296160829841919
0.0001325846622169207
0.0001495779635745992
0.0001767714260708538
0.0002076057289668263
0.0002342125876916575
0.000249256891795984
0.0002478297965286455
0.0002288204188520585
0.0001955078553631408
0.0001551179413433235
0.0001173603377923067
9.227468676417101e-05
8.775586317578863e-05
0.0001074601140398123
0.0001495101089044718
0.0002064645903654283
0.0002665989628762744
0.0003163722428568587
0.0003434545009034139
0.00033983973737302
0.0003040584962684944
0.0002420841779311803
0.0001665977811439717
9.449349886163582e-05
4.332709725717317e-05
2.729260185864712e-05
5.372402716502415e-05
0.0001209541144977372
0.0002181015926619197
0.0003269814595072971
0.0004257751250022077
0.0004937245608963611
0.0005157972989777106
0.0004862523213193418
0.0004102306614837277
0.0003029165744054164
0.0001864130164663596
8.497676553931114e-05
1.969050385389362e-05
3.78579655391105e-06
3.971109404212375e-05
0.0001186545406686927
0.000222619448549381
0.000328620129525064
0.0004138723949804288
0.000460867473522252
0.0004611070764181997
0.0004164743611448788
0.0003382367687334021
0.0002438151031605345
0.0001522469670716402
7.960627051428817e-05
3.549957944119295e-05
2.149415363546935e-05
3.18068376199755e-05
5.592160585104325e-05
8.22842140287391e-05
0.0001019660501239429
0.0001111777868618613
0.0001119643424639464
0.0001108510013372109
0.0001159591359247155
0.0001335487806107105
0.0001650865953154453
0.0002058925433197303
0.0002459295327553307
0.0002725905114494365
0.0002747290810147888
0.0002467697281885241
0.0001915714729734831
0.0001209208909652631
5.343895149200723e-05
1.008297201430566e-05
8.494232309395564e-06
5.767963365071183e-05
0.0001545948258225869
0.0002837457014088927
0.0004201684411948158
0.0005351820509411631
0.0006033585731423445
0.0006091262696094639
0.0005508393570993173
0.0004415070414251904
0.0003055305834595584
0.0001725262765331158
6.972406577552644e-05
1.510380213922916e-05
1.309874583677848e-05
5.412823898155484e-05
0.0001180206603124666
0.0001803588215508918
0.0002199032240767954
0.0002249017785292911
0.0001964509575221538
0.0001478885705573256
0.0001004432827867417
7.636640184881842e-05
9.165896241236863e-05
0.0001505991272033234
0.000243751248410616
0.0003501069889263898
0.0004428787045268869
0.0004971215059070565
0.0004970830954062281
0.0004409296539673613
0.0003415050660276565
0.0002228051019326427
0.0001131758249986736
3.726074012817163e-05
9.154999315391979e-06
2.872998067620341e-05
8.230248182866961e-05
0.0001473708156488134
0.0001999795605044916
0.0002223759025906768
0.0002085672195573899
0.0001660686714082542
0.0001131999772794696
7.282130372903259e-05
6.448262855113929e-05
9.750297599498653e-05
0.0001672370128946812
0.0002558913300766225
0.0003376994361893907
0.0003869913222317629
0.0003866991718319329
0.0003344852344285197
0.0002445348963785061
0.000144209153784147
6.640766924296415e-05
3.976755854404436e-05
7.974266104878258e-05
0.0001832380232065211
0.0003286361198655406
0.0004813098419831712
0.0006032726331454883
0.0006640073941117221
0.0006494026849022552
0.0005660153221701531
0.0004393720047609455
0.0003066810601253519
0.0002060741542883419
0.0001655470795356005
0.0001948637482877523
0.000282827268349243
0.0004007859165120396
0.0005112267960415773
0.0005790413546624376
0.0005817955894383805
0.0005163635088676115
0.0003994643113097978
0.000262418035469455
0.0001414761557942987
6.690448485443904e-05
5.396240645692334e-05
9.873972403709633e-05
0.0001799335394539999
0.00026601608782155
0.0003255534395419768
0.0003373521783723096
0.0002973546037794071
0.0002200015452532426
0.0001336525404358995
7.148818593719385e-05
6.064421956749364e-05
0.0001130807257712049
0.0002210405691466874
0.0003586390534907905
0.0004892179368110097
0.0005762785147512564
0.0005946384524382177
0.0005384770391578076
0.0004235397252639295
0.0002828594139838291
0.0001570178445540139
8.193873045716589e-05
7.788984596064306e-05
0.0001430560749041316
0.0002538280648104976
0.0003719172044935586
0.000456256788669778
0.0004762467972159612
0.000422353006715253
0.0003106231471796848
0.000179653422124474
8.039497092321188e-05
6.165328989599993e-05
0.000155281990693415
0.0003653277646012653
0.0006644901013289079
0.0009991284811683946
0.001301715540271881
0.001507604297542223
0.001571640075517001
0.001479977865826153
0.001253970659878686
0.0009451016919902048
0.0006221190412615454
0.0003538591229186489
0.000192456418625197
0.0001611965358495496
0.0002502283826038575
0.000421036401272878
0.000618179895225926
0.0007849160135186795
0.0008782532473397688
0.0008794078258346138
0.0007968611850347303
0.0006615957747307735
0.0005160692256100269
0.0004004879718073374
0.0003405068371404544
0.0003399366227001686
0.0003806856535739856
0.0004298689288605221
0.000451866960701052
0.0004216829136896767
0.0003354012656533487
0.0002143731067603243
0.0001014944012874337
5.015469061301396e-05
0.0001087474662374081
0.0003048989927035116
0.0006340588237954865
0.001055964976515037
0.001500638988951409
0.001882877317212564
0.002122294019819118
0.0021634247213981
0.001991528971403087
0.001639141240033125
0.001181462479122469
0.000721420689860396
0.0003672267109147548
0.0002078700013740506
0.000292126858050057
0.0006163239208004354
0.001123765873287056
0.001716208134543731
0.002274961504082938
0.00268656604208106
0.002867290580159872
0.002781136938156376
0.002446571237270744
0.00193128241958596
0.001336016480569935
0.0007715305381644893
0.0003340423018734695
8.494624613137992e-05
3.937250394245533e-05
0.000165967192089538
0.0003975693750711636
0.0006499733406870282
0.0008438846939124702
0.0009248076982370171
0.0008758274806462121
0.000720512133512052
0.000515127296728786
0.0003324001116773618
0.0002409124621391591
0.0002853396220096423
0.0004726924309114241
0.0007682605796235152
0.00110253442695548
0.001388015320512946
0.001541907780253634
0.001509630233619756
0.00128319061688844
0.0009094667057466809
0.000485984947059039
0.0001435409214669333
1.917028939944593e-05
0.000224515191218165
0.000816357868535582
0.001776117213964183
0.003003544323058286
0.004327409827963986
0.005532458883043391
0.00639878984791884
0.006746410198976439
0.006477679025710895
0.005607518769924182
0.004275787456866593
0.002737195327483878
0.001328544544182704
0.0004170617521894101
0.0003374895197612458
0.001327769468514356
0.003474006604873654
0.006675900297334445
0.01063928375971913
0.0149005309881686
0.01888174765254321
0.02197186844952852
0.02362370658588818
0.02345482059009867
0.02133838573829768
0.01747073402508191
0.01240578458173986
0.007045845435722398
0.00259099212082783
0.0004462438386813258
0.002095860043766092
0.00895610394416878
0.02222117694182339
0.0427184260716415
0.07078779853798584
0.1062012450328736
0.1481195515078685
0.1951210267932641
0.2452652669814256
0.2962127211793717
0.3453833819289549
0.3901387059203591
0.4279765069109725
0.4567193397519682
0.4746800658679006
0.480787916250344
0.4746791665659983
0.4567197754209466
0.4279768458081835
0.3901392605656405
0.3453841999353701
0.2962134898033329
0.2452659890963333
0.1951216944268604
0.1481176947918237
0.1061996577971855
0.07078825416071101
0.04271877431944621
0.02222142465858007
0.008956249679050525
0.002095930102820302
0.0004462370966108322
0.002590942755855463
0.00704577643754326
0.01240599178124403
0.01747091545775772
0.02133832767418078
0.02345478366696626
0.02362372398398442
0.02197192255509903
0.0188817982592576
0.01490055896373342
0.01063934942446821
0.006675765195691207
0.003473900297886161
0.001327700218378433
0.0003374940297820768
0.0004170534452180838
0.001328528117509933
0.002737175405398901
0.004275761763844077
0.005607496133449132
0.006477679950248357
0.00674639826933983
0.006398800349862378
0.00553247370558503
0.004327422240649245
0.003003561288259109
0.001776138709086119
0.0008163702525133108
0.000224520402940089
1.917052045650981e-05
0.0001435493149265319
0.0004859987330977679
0.0009094816696175179
0.001283181791479846
0.001509638444642841
0.001541900162057626
0.001388013251784744
0.001102537990628906
0.0007682621252484368
0.000472696767865746
0.0002853329112161782
0.0002409152570211575
0.0003324067211493359
0.0005151225559826875
0.0007205120952267117
0.0008758252246868557
0.0009248047204638757
0.0008438868470760447
0.000649972754087313
0.0003975740621421418
0.000165958761220989
3.93704324846781e-05
8.494322680080434e-05
0.0003340394539005888
0.0007715256370513444
0.001336008558897215
0.001931269752253835
0.002446565391102961
0.002781135016178965
0.002867290469966061
0.002686531770157261
0.002274960198620393
0.00171621483465562
0.001123771995064544
0.0006163313496715157
0.0002921314757483569
0.000207868315178943
0.000367225111420073
0.0007214136777727421
0.001181479570909995
0.001639149821723845
0.001991546604863995
0.002163422862870435
0.002122291586349827
0.001882869577268643
0.001500644654683301
0.001055973011767027
0.0006340661871074053
0.000304902167547722
0.0001087433350346378
5.015404094958276e-05
0.0001014938040694972
0.0002143742257018101
0.0003354003079174355
0.0004216839173862244
0.0004518695416264855
0.0004298675593873386
0.0003806882027726111
0.000339935009223516
0.0003405110944635306
0.000400490995106959
0.0005160647581651276
0.0006615979416260976
0.0007968637677344361
0.0008794086467759441
0.0008782531635886541
0.0007849123997801855
0.0006181818050547443
0.0004210289598380669
0.0002502237646696782
0.0001611939460553634
0.0001924531967562302
0.0003538563163496843
0.0006221107528406021
0.0009450973054898521
0.001253960329503532
0.001479972617681769
0.001571643776597879
0.001507599739809534
0.001301703442985615
0.0009991357260520748
0.0006645013135338458
0.0003653309673345306
0.0001552847893802213
6.165450489426891e-05
8.039458852746326e-05
0.0001796535949409484
0.0003106311720630671
0.0004223552497520793
0.0004762498418925506
0.0004562543003493949
0.0003719173865140742
0.0002538222818742064
0.0001430561886448434
7.789065855896004e-05
8.193765994467813e-05
0.0001570148773375611
0.000282867787937969
0.0004235458981310646
0.0005384692540010593
0.0005946381630694088
0.0005762791580409704
0.0004892286861009007
0.0003586410739055611
0.000221040720917831
0.0001130820766095358
6.064456359810862e-05
7.148928374185855e-05
0.000133654940161446
0.0002200014063261977
0.0002973543276319087
0.0003373521021009517
0.0003255538542248762
0.000266021328772446
0.0001799362567559962
9.873939144490956e-05
5.396117852107388e-05
6.690620900901032e-05
0.0001414833897356886
0.000262416553984985
0.0003994605494085358
0.0005163636662990607
0.0005817941375919742
0.0005790407944547334
0.0005112269052685903
0.0004007898866895848
0.0002828231026997059
0.0001948612407807015
0.0001655470241660632
0.0002060717665586407
0.0003066766211830385
0.0004393667535120406
0.0005660097208022012
0.0006493989986782332
0.0006640093384872502
0.0006032729605269826
0.0004813026955716051
0.0003286268220641506
0.000183238087859428
7.974251087711579e-05
3.976837041920142e-05
6.640876762970509e-05
0.0001442092297615081
0.0002445308164148174
0.0003344840595518225
0.000386701287156786
0.0003869873636187682
0.0003376938120668356
0.0002558940054286679
0.0001672387645296635
9.750268829789259e-05
6.448228211621397e-05
7.282159931455375e-05
0.0001132019603159033
0.0001660682641939807
0.0002085647447350909
0.0002223767045060158
0.0001999827607058665
0.0001473751756495368
8.230376006577169e-05
2.872720519266798e-05
9.155123104145758e-06
3.726496431081109e-05
0.0001131765582153307
0.0002228132603257244
0.0003415047396782005
0.0004409346797898986
0.0004970848957766533
0.0004971214376736662
0.0004428753630775024
0.0003501112287527286
0.0002437464115045214
0.0001506029325794317
9.166033825627504e-05
7.636714078408713e-05
0.0001004456195741763
0.0001478888374560208
0.0001964517547489155
0.0002249007915775936
0.0002199025089695817
0.0001803557301305513
0.0001180198600153525
5.412550314644716e-05
1.309953885989236e-05
1.510329328314538e-05
6.972208993953211e-05
0.0001725240794682623
0.0003055244298644322
0.0004415056811928889
0.0005508424845353378
0.0006091168350393844
0.0006033578267522819
0.0005351808342453179
0.0004201653047717222
0.0002837427936994629
0.0001545889959729177
5.768498064552003e-05
8.494389721091235e-06
1.008435462983963e-05
5.343778754306654e-05
0.0001209257498069337
0.0001915705928586875
0.0002467725004599834
0.0002747266399108144
0.0002725905236115862
0.0002459329278025176
0.000205891745733093
0.0001650849235401852
0.0001335490650308957
0.0001159586399672329
0.0001108500310399963
0.000111963559252815
0.0001111765526707834
0.0001019668024999109
8.22860538643965e-05
5.592062122428273e-05
3.180818668993049e-05
2.149311539217733e-05
3.549915954377134e-05
7.960604182597938e-05
0.0001522493606614007
0.0002438159306161629
0.0003382379023947552
0.0004164657528369712
0.000461109074434892
0.0004608707191021391
0.0004138669520259635
0.0003286176751723718
0.0002226269050647962
0.0001186548154095805
3.971215132624153e-05
3.785174719794218e-06
1.968893521893517e-05
8.497818359304128e-05
0.0001864068131946698
0.0003029187232566551
0.0004102282972761523
0.000486254107457506
0.0005157939558720785
0.0004937219767486048
0.0004257731142789377
0.0003269847609270779
0.0002180993499038611
0.0001209552897473935
5.37232796822142e-05
2.729152820141135e-05
4.332887523649916e-05
9.449776070396058e-05
0.0001665954807138758
0.0002420872759919252
0.0003040427621348585
0.0003398368196534264
0.0003434549823561073
0.0003163680353649407
0.0002666061741340744
0.0002064672824879086
0.000149506284498581
0.000107461227084738
8.775596437284275e-05
9.227473429767485e-05
0.0001173667566687989
0.0001551161942850341
0.0001955084845407281
0.0002288190272961732
0.0002478312807291304
0.0002492598887197384
0.0002342136942969159
0.0002076061124611009
0.0001767720429093509
0.0001495767439354889
0.0001325884997982061
0.0001296140935614036
0.0001410199195604067
0.0001637880987284353
0.0001924273705466952
0.0002203290176760972
0.0002413293330488624
0.0002511092480021908
0.0002480752318307236
0.0002336037636062249
0.0002116168818690175
0.0001876402408951742
0.000167485841809428
0.000155980486265563
0.0001559435077731629
0.0001676555908947455
0.0001888506228278635
0.0002153258826092206
0.000241879622183387
0.0002634567082200165
0.0002762056648238009
0.0002782563843462503
0.0002700381534252845
0.0002540962412502728
0.0002345216137317414
0.0002160024995703539
0.0002028704460569857
0.0001982125517732555
0.0002032650009304581
0.0002172444177829575
0.000237570903394259
0.0002604650367312818
0.0002817775247712133
0.0002978257704747718
0.0003061512668621771
0.000305976130621613
0.0002982958844421948
0.000285622542269497
0.0002714016918868853
0.0002592878789982296
0.0002523763702384609
0.000252547121045819
0.000260178761539797
0.0002740223938752885
0.0002915447786906737
0.0003094714794690933
0.000324495887435345
0.0003339370633786829
0.0003363021943383758
0.0003315837420669953
0.0003212289767236171
0.0003078362190481423
0.0002945542388498069
0.0002844847331405049
0.0002799700452869995
0.0002821402601290858
0.0002906458098914478
0.000303762058917578
0.0003187147962432479
0.0003322710284699172
0.0003413715155196451
0.0003438002624634621
0.0003385809952688899
0.0003262283364109992
0.0003085829772797591
0.0002884762013542907
0.0002690921359866487
0.0002533703892187531
0.0002433828736132981
0.0002399394550274915
0.0002424244048656158
0.0002489838608407293
0.0002569136701305807
0.0002631927291417749
0.0002651703347171092
0.0002610227306443039
0.0002501371738435214
0.0002331524363415164
0.0002118031334596948
0.0001885117771117301
0.0001658742371372744
0.0001461463669028057
0.0001308664768429703
0.0001206151009651389
0.0001150333973305082
0.0001130173028042152
0.0001130544401315423
0.000113594634318618
0.00011337646196648
0.0001116056206305305
0.0001080457262386405
0.0001029366671511839
9.68488254351928e-05
9.052237918833008e-05
8.476492889384313e-05
8.040549109508319e-05
7.833932444153472e-05
7.958085353838795e-05
8.526065710446353e-05
9.652354369365966e-05
0.0001143044332982647
0.0001389738084602891
0.0001700076363867986
0.0002056989268437081
0.0002431996421099417
0.0002788426215230873
0.0003088271950591546
0.0003301585833551757
0.0003417061484267076
0.0003448902861925636
0.0003440418993131322
0.0003459324664687466
0.0003586067270060951
0.0003895472413195459
0.0004436482326522074
0.0005213508680092443
0.000617590660471822
0.0007217899707171704
0.0008193283767496386
0.0008942568056847345
0.0009326636188718857
0.0009262271889551026
0.0008748278453667709
0.000787644919983241
0.0006821920958520296
0.0005812108449344611
0.0005080419238129941
0.0004813783218779503
0.0005104845659583986
0.0005923044096600611
0.0007112224063735071
0.0008416288985614122
0.0009532493759863717
0.001017727248680968
0.001015309487111448
0.0009399455245231176
0.0008011871862540411
0.0006226762295660624
0.0004372663835460095
0.0002794814521508311
0.0001778263849506116
0.0001479325116204898
0.0001889816725265089
0.0002839736266369953
0.0004039763932961078
0.0005152670090939118
0.0005877493571944716
0.0006021205896592559
0.0005544990268720918
0.0004567940644531726
0.000333050124178756
0.0002128221385474459
0.0001230950073333919
8.129775431461776e-05
9.112495316018757e-05
0.0001422499674835472
0.0002139327215833792
0.000281431521531801
0.0003230882429413272
0.0003263952454601927
0.0002907120677589403
0.000226503651333836
0.0001510765130729815
8.256228898176191e-05
3.402684458886113e-05
9.831790462203954e-06
5.401001028882467e-06
1.057749625403694e-05
1.532877543792863e-05
1.575558780689644e-05
1.809098626430725e-05
3.883854402897512e-05
0.0001005170450269614
0.0002239456527351557
0.000419248071856891
0.0006788631070154576
0.0009749905887131579
0.00126363375898914
0.001494289996351362
0.001624022850780227
0.001631107045459856
0.001524884143528097
0.001347823272346427
0.001168218378539803
0.001064480642997133
0.001104710515851191
0.001327071500641943
0.001725585123466113
0.002247263892156129
0.0028006066412997
0.003275337534828293
0.003568059550076968
0.003607091808887482
0.003370455127280443
0.002891926843085511
0.002252912549690096
0.001562970222287836
0.0009332751109265056
0.0004513868706076969
0.0001623581466097215
6.247172236893738e-05
0.0001061406850805218
0.0002232781794460933
0.0003417423681877167
0.0004081085010970232
0.0004004276543238678
0.000329957086687846
0.0002320039722572519
0.0001494379121147633
0.0001151627717900135
0.0001393598077899735
0.0002061525803180894
0.0002804628783763564
0.0003227684548119406
0.00030609594067388
0.0002289772924223643
0.0001192179107268213
2.637569258357089e-05
4.799004986638504e-06
9.287101127755769e-05
0.0002957377613134131
0.0005781873582218888
0.0008718373350274505
0.00109533419329931
0.001182783732199994
0.001110880495802101
0.000915894416206361
0.0006930734594343394
0.0005765994274520963
0.0007033980399423694
0.001170782990525759
0.002000026416754252
0.003116803527374866
0.004357497903715821
0.005499978372147571
0.00631477313296115
0.006621003607279095
0.006334964416150639
0.005494653549232319
0.004256031710960508
0.002856827574303379
0.001562102488014308
0.0005997710683725304
0.0001090745163769437
0.000110595194094119
0.0005088298758294773
0.001124061509101606
0.001744121788900878
0.002181831774944864
0.002321507862194887
0.002142059817681165
0.001712109531208566
0.001160876429969549
0.0006334968467966712
0.0002475280013104215
6.193874643232383e-05
6.884587058085665e-05
0.0002075294745053169
0.0003955960913433078
0.0005641762152867289
0.0006854518060797678
0.0007811884743005879
0.0009103369678350574
0.001139165809774905
0.001505736308242551
0.001991573451565087
0.002513927410082294
0.002942135279295765
0.003137286987158274
0.003002915040390638
0.002529909317917936
0.001819696188845071
0.001074525901781774
0.0005521829590582813
0.0004960640048412477
0.001058240253546719
0.002238707137235486
0.003861471682633159
0.005600383079839728
0.007049809028959954
0.00782927931350411
0.007692020598445179
0.006609533445298448
0.004806075423202323
0.002727426046782832
0.0009496243736384086
4.373258344359014e-05
0.0004311071030865759
0.002265591492514625
0.005374908296590032
0.009276464402740625
0.01327397068847767
0.01660409424252607
0.01861054223755003
0.01889092182007576
0.01739202273716935
0.014421472099482
0.01057759884327154
0.0066101581918446
0.00325379193245184
0.001064004195823956
0.0003066141668202893
0.0009152053901539245
0.002530993141441688
0.004608829187508631
0.006558076229024727
0.007885716745145998
0.008302526506632227
0.007768581132306607
0.006473347165607994
0.004760231945167989
0.003019192043936575
0.00158330740315644
0.0006530584392010432
0.0002716009800397563
0.0003495618009888665
0.000728353822552984
0.001256855746339213
0.001854362939968268
0.002536027281994807
0.003393967110673926
0.004537201447457591
0.006015040274724286
0.007749104494979286
0.009507576229432116
0.01093468539151073
0.01164062827337705
0.01133172312476
0.009944317067718861
0.007742353175932503
0.0053387204942244
0.003615829332373561
0.003553105518593885
0.005985358642612891
0.01134974953272235
0.01948419328863799
0.0295447097748886
0.04006999341636642
0.04922251062372975
0.05514718846165605
0.05640514736684732
0.05236942274368051
0.04349405828666674
0.03137579217967618
0.01856447806649715
0.00812765893238763
0.003059990595091769
0.005616135693734719
0.0167373866729938
0.03569340137532239
0.06003204710096135
0.08591312842064934
0.1087453735384256
0.1240832286711393
0.1285550852267667
0.1206919724795381
0.1014277306153163
0.07416533502143978
0.04432402995346799
0.01845973600425835
0.003025583391489199
0.003072483293061463
0.0210752774466991
0.05617650272330919
0.1040167607258393
0.1572680360908238
0.2067800882364744
0.2432514117312571
0.2590517728958861
0.2499632659606608
0.2164066338169003
0.1638986522541651
0.1026023661602873
0.04590229407538959
0.008178325857822192
0.002183745683976686
0.03634390331192208
0.1125614154132818
0.2249856066941787
0.359980508781275
0.4976889767602127
0.6147815266342851
0.6885027781077795
0.7010860653377639
0.6442306932765386
0.5226590965058754
0.3563071378653563
0.1803777101610484
0.04336372262784269
0.002613709258043856
0.118253246922007
0.4458057634402183
1.028432175910086
1.88976305467189
3.028835737787911
4.416315731440607
5.995412135818205
7.683814652115656
9.381175878146484
10.97624865275499
12.35849502981827
13.42740167447951
14.10306165774121
14.3342118063835
