# RCS in m**2 for a L=5 cm PVC cube at 0.0 degree aspect angle
# frequency = 92.5 GHz, 
# theta = linspace(0, 6.2832, 1441)
# phi = linspace(0, 0, 1  1)
12.63188210766409
12.41714455898717
11.79074423111998
10.80421105173635
9.53693197548772
8.087445451874803
6.56274499899486
5.067234921000918
3.69245808671833
2.509018297904411
1.561464221338615
0.8666082586946207
0.4152398969456993
0.1767148017913945
0.1055645567709172
0.1490872622787948
0.2547827179348667
0.3766750211421293
0.4797954501599148
0.5424333124601105
0.556175392183498
0.5240170762903343
0.4571573026933476
0.3711468301168639
0.2821233041286559
0.2037139983539638
0.1450095867794941
0.1097664889740765
0.09675695714117906
0.1009984731540853
0.1154723323444204
0.1329117030342568
0.1473020798369133
0.1548223275945097
0.1541611106862381
0.1462233513205733
0.1334115221848721
0.1187099741853088
0.1048200814700351
0.09352922881436951
0.08543917358811921
0.08005505842021812
0.07615980502336143
0.0723367135342777
0.06747442340411026
0.06112363231911414
0.05361053898291708
0.04590330912974384
0.0392822919531416
0.03491823701168421
0.03348865231913161
0.03493610370347094
0.03843811129802828
0.04259417793824256
0.04577884866385549
0.04656288042593217
0.04409028219961915
0.03830976707782285
0.03000106132668313
0.02058582303857413
0.01177620243469628
0.005149870455863743
0.001763569242618064
0.001900023173134349
0.005016085744498995
0.009898855001234158
0.01498850226055515
0.01878228512880415
0.02021328184337473
0.01890855383768292
0.01526203687182198
0.01030577583268509
0.005418522296383226
0.001949965182068296
0.0008602683113020893
0.002467744689822362
0.006370706130248129
0.01155853527827649
0.01668198800941783
0.02040835327503967
0.02176847297399583
0.02040478480048385
0.01665972584426278
0.01148296547946506
0.006185757402130913
0.00210813877667939
0.000285924206851023
0.001201429583914942
0.004677487439930521
0.009936910828757252
0.01580566330228501
0.02100300314316043
0.02444314596859676
0.02547349354631703
0.02399391677411724
0.02043852029412585
0.01563230732387698
0.01056924423308286
0.006172139032943971
0.003095993556778962
0.001616672409636916
0.001624295269749206
0.002708132426302255
0.004301134975722621
0.00583912519560168
0.006890890583724774
0.007232564334613925
0.006855202385793627
0.005916447714042055
0.004661749303905658
0.003341691642712231
0.002151962621857175
0.001206414858338641
0.000544547554970423
0.000159142640508937
2.837210600150734e-05
0.0001361908171016599
0.0004734989202245743
0.001022147180391724
0.001732102240958054
0.00250595524651822
0.003202192989165085
0.003661691659739193
0.003751124221010251
0.003410944090835197
0.002688587301636781
0.001743660934133731
0.0008181812216289527
0.0001768582401876589
3.313998897137898e-05
0.0004829828137469527
0.001467420773024175
0.002777899288028072
0.00410507518331244
0.005119572031217059
0.005562079205283882
0.005316929456946614
0.004447043375950365
0.003180133762141967
0.001848495227842629
0.0007999600344274112
0.0003047263611699881
0.0004847440656519373
0.001284360621906235
0.002490002846060926
0.003791280236711777
0.004865476159195499
0.005460455074306585
0.005454217410481264
0.004875177905767666
0.003881525256407916
0.002708487881944409
0.001600862686349063
0.000751141449638597
0.0002595193623832768
0.000124625262351619
0.0002623817841799148
0.0005444425521240875
0.0008411694126510603
0.001056069151803232
0.001142739380368486
0.001102953458126051
0.0009705928112847024
0.0007900134645453897
0.0005986953192640529
0.0004195864381985842
0.0002641581972921495
0.0001424995622701818
7.339840035633415e-05
8.796233526002061e-05
0.0002234540721850724
0.0005084241045053283
0.0009447630762439029
0.001494389465654205
0.002077671109509802
0.002586478034584509
0.002909944556724557
0.002966168756642722
0.002729169186920976
0.002242765639723897
0.001614679476055244
0.0009914935003625018
0.0005212142713630573
0.0003135240650062151
0.0004095899874836856
0.0007708410038274265
0.001289632416397549
0.001819271398491089
0.002214192443492908
0.002368647600982066
0.002243468056644669
0.001872671069314479
0.001350216907138853
0.0008011197369600628
0.0003459762009283659
6.991616859345037e-05
4.070443209245542e-06
0.0001235872776931324
0.0003612729143461975
0.0006309009235129126
0.0008529085130324921
0.0009738163252380118
0.000975803550816736
0.0008740192585637991
0.0007056033864251632
0.0005144137425499886
0.0003377614407674554
0.0001987064192735617
0.0001055023187785211
5.642876397300156e-05
4.701276967867565e-05
7.563502830217007e-05
0.0001450542821406741
0.0002593656762284054
0.0004179973189741317
0.0006099325722420272
0.0008114255679920889
0.0009889289745587376
0.001107453512267228
0.001141539393853592
0.001085479819207046
0.0009586580625767348
0.0008034076577446812
0.0006755499291248347
0.0006294464052839335
0.000701905408449111
0.0009000621487581314
0.001196785809822568
0.00153554343381103
0.00184367786668194
0.002050369237512369
0.002104714651886095
0.001988354946269079
0.001719935288957856
0.001349735655454183
0.0009466300478012626
0.0005808708310875347
0.000307804455081025
0.0001563046940428609
0.0001249762879925872
0.000186229760443774
0.0002965053351255472
0.0004091789047771388
0.0004866267199470492
0.0005080221377696648
0.0004715990756069482
0.0003914366989400237
0.0002903818406845424
0.0001920647246104901
0.0001139563615633513
6.383507474191801e-05
3.978164558168867e-05
3.323473670834444e-05
3.358354489160142e-05
3.244070845351025e-05
2.626404719193619e-05
1.662482427003696e-05
8.407779962770938e-06
6.866360653025966e-06
1.484061517535247e-05
3.118150764125513e-05
5.098132280221979e-05
6.740731372059064e-05
7.442685086804339e-05
6.937558341751431e-05
5.43030346777026e-05
3.565721647293254e-05
2.230835166202095e-05
2.25649932151676e-05
4.120816963883747e-05
7.756887073556476e-05
0.0001253206429616089
0.0001741611758986127
0.000212885053290479
0.0002329432660169726
0.0002313518752059494
0.0002120788503949368
0.0001852424730562588
0.0001646023428037555
0.0001636641445692843
0.000191747530354279
0.0002509738740112177
0.0003352039528259206
0.0004311137997220606
0.0005212859215190667
0.000588441546237849
0.0006198199955918851
0.0006103598297659202
0.0005641848547951804
0.0004937032151026784
0.0004167940692384987
0.0003525838992940687
0.0003171159002032677
0.0003197077618766104
0.0003608968624048706
0.0004325458859916571
0.000519814931551561
0.0006045752730949749
0.0006693271569534005
0.0007010216841894428
0.0006933968906075166
0.0006481141034583556
0.0005738318285140393
0.0004841337644496441
0.0003945567186680451
0.000319304389723444
0.0002687128759636679
0.0002476064668325029
0.0002548600861591218
0.0002841950283553336
0.0003259672046790936
0.0003691830321352348
0.0004038002869669363
0.0004223633807990341
0.0004211318623436646
0.0004002969499533696
0.0003634610290383014
0.0003166614757361239
0.0002669973934501193
0.000221301216448929
0.0001850299901779396
0.0001615334093366711
0.000151752670469869
0.0001543955438216746
0.0001664084772838511
0.0001837292629187682
0.0002020285713250208
0.0002174643635894745
0.000227254989632554
0.0002299705055328839
0.0002256352331443527
0.0002154810620176667
0.0002016394165432775
0.0001866274719791439
0.0001728478134676402
0.0001621629937045195
0.0001556302140894662
0.0001534074410744503
0.0001548505938435126
0.0001587746816571491
0.0001638096439106157
0.0001687317982400354
0.0001727594734333775
0.000175678397092021
0.0001777889916758658
0.0001797238118624724
0.0001821705151869113
0.0001855532400849694
0.0001897982993329452
0.0001942835455317851
0.0001978915533271744
0.0001993269385016284
0.0001975046323131385
0.0001919178581191185
0.0001829542425211448
0.0001719918818603435
0.0001612320227977132
0.0001532832103477766
0.0001505784301199258
0.0001547430643492302
0.0001660578861984881
0.0001831983455118433
0.0002032977577993014
0.000222435952644845
0.0002363884942489458
0.0002416001723049006
0.0002360117902158445
0.000219791075917293
0.0001954177520468081
0.0001674317050605895
0.0001415681264949254
0.0001235696500546754
0.0001179130421245839
0.0001266934925938485
0.000148957376113442
0.0001807007174238367
0.000215544950877548
0.0002459990024271664
0.0002650935221157272
0.0002679663315587753
0.0002530546223501721
0.0002226545154495335
0.0001826503884432042
0.0001412957222718002
0.0001075065566321095
8.884540455849125e-05
8.975642447378866e-05
0.0001104124332983987
0.0001465185652408756
0.0001901433021432054
0.000231405060004971
0.0002606953395072379
0.0002709867418595137
0.0002594124920136071
0.0002281409564448041
0.0001839292998173249
0.0001366210925754159
9.686680838849157e-05
7.357163553726495e-05
7.174279044447685e-05
9.123112955458738e-05
0.0001267166589525364
0.000168986870854322
0.0002071972676417625
0.0002315500138952098
0.0002358365248518912
0.0002189462652740098
0.0001852205948960543
0.0001433436629275347
0.000104073917317794
7.740128549237677e-05
6.988552252035069e-05
8.286923061641421e-05
0.0001120598225594072
0.0001486688295513134
0.0001818122720537526
0.000201495784726436
0.000201499148072586
0.0001812535963714609
0.0001460898392125374
0.0001060120130432594
7.288486341975831e-05
5.711012060966731e-05
6.453643442785616e-05
9.459229640338254e-05
0.0001400898430102709
0.0001890317606957897
0.0002277825716456709
0.0002449301903968525
0.0002346347044844884
0.0001985436036524037
0.0001456851697738018
9.019216465813177e-05
4.755020066783585e-05
3.024255405768464e-05
4.413288668654841e-05
8.661256483754742e-05
0.0001470831851824702
0.0002097280625562878
0.0002578753366900435
0.0002786752476258864
0.0002667596191498421
0.0002258034335506564
0.0001674959418154203
0.000108128122421745
6.379314244227213e-05
4.565340498709768e-05
5.664286475133345e-05
9.068203626509226e-05
0.0001346674841632682
0.0001727208010540447
0.0001913301041846998
0.0001838708933885198
0.0001529955690794254
0.0001100370376743438
7.153451575312126e-05
5.386983047037518e-05
6.765361116057608e-05
0.0001136931531396801
0.0001819249319627689
0.0002538243750656231
0.0003077803396322924
0.0003258102366302581
0.0002996141980620731
0.0002340112366428456
0.000146444193244904
6.259406578236723e-05
9.113367541751968e-06
5.691961670814623e-06
5.876839515874042e-05
0.0001589324831916899
0.0002829587320880478
0.0003999470893424137
0.0004799231725535556
0.000502317914120759
0.0004617395881389331
0.0003693862366231964
0.000249540279760557
0.0001322533258834984
4.45906779380369e-05
2.950651723582424e-06
9.013313693058823e-06
5.038738740749214e-05
0.0001056938800602066
0.0001522758183144422
0.000173985646859615
0.0001663462986207615
0.00013749783905334
0.0001045541690591771
8.671777434183596e-05
9.763542995726311e-05
0.0001396551715517244
0.0002022430849811719
0.0002650781420573656
0.0003050923462993332
0.0003049181738690138
0.0002599089200043745
0.0001810521903825329
9.263544213029372e-05
2.501345581690891e-05
4.88124685088501e-06
4.61173357845053e-05
0.0001443578769828354
0.0002773229310276463
0.0004109246172598005
0.0005094596800830661
0.0005465250253896827
0.0005131568446134424
0.0004205192295544554
0.0002961375654048675
0.0001749009904044288
8.788248674915453e-05
5.258349538437482e-05
6.797422573799929e-05
0.0001159010040282219
0.0001683807211635524
0.0001982153479849794
0.0001892010790575545
0.0001423570935512468
7.592671489959744e-05
1.904934677102722e-05
1.267796913511132e-06
4.149501780609259e-05
0.0001403033897344208
0.0002783543077637463
0.0004216365669210715
0.0005319330545983834
0.0005788834992375329
0.0005497765265889778
0.0004534775648736882
0.0003173426475368508
0.0001780878244751543
6.97702349411605e-05
1.30353458817775e-05
9.36560712462529e-06
4.222925690843155e-05
8.465324520436725e-05
0.0001104237122497853
0.0001048417998703904
7.10107733339427e-05
2.930754140865444e-05
1.000792392315121e-05
4.16251214516695e-05
0.0001390568202818833
0.0002959005349135821
0.0004839419203744409
0.0006602996207777137
0.0007801643186888896
0.0008109776882917414
0.0007431705552822485
0.00059382888139653
0.0004018917329440146
0.0002161626922405696
8.036411366893465e-05
1.979040507283771e-05
3.434217766974289e-05
0.0001000425171170295
0.0001785585131606404
0.00023142214393928
0.0002339861150971184
0.0001843902613701205
0.0001042915697987379
3.119334324810419e-05
4.870115730701055e-06
5.262511466269659e-05
0.0001784787038923531
0.0003600474699223943
0.0005544454995248326
0.000711252349344946
0.0007883168686495726
0.0007651801716247702
0.0006495495047831715
0.0004747089935711138
0.0002887616335177507
0.0001392711902322981
5.847039996092432e-05
5.401807198890762e-05
0.0001082238568408614
0.0001859683178292687
0.0002483985557711095
0.0002675615955700555
0.0002369032076985067
0.0001738262834846039
0.0001133843852121026
9.522289088193454e-05
0.0001482564966512868
0.0002784897719980958
0.0004644682537222119
0.0006622360924732811
0.0008186436206307404
0.0008887024729455294
0.0008514881033648098
0.0007189745173964802
0.0005346964436357226
0.0003620358474954187
0.0002655650173506283
0.0002909413198865098
0.0004498006050306859
0.0007144084207512729
0.001023974225513858
0.00130109589908777
0.001473297364730326
0.001493504806772624
0.001353071476061656
0.001083763850751175
0.0007479853930255094
0.0004204874735455825
0.0001672031086069636
2.758911423566339e-05
5.730915541591905e-06
7.263247943473893e-05
0.0001785570324433555
0.0002711684805852268
0.0003135233125529218
0.0002960001060266393
0.0002385035410877076
0.0001821273383005396
0.0001732914380497284
0.0002456017375082218
0.0004055541415709261
0.0006271455324790387
0.0008575209788402088
0.001032545356372239
0.001097500558711818
0.001026652120953785
0.0008353230698132726
0.0005800455016155599
0.0003459190106011676
0.0002241805719185885
0.0002859660382106403
0.000559726382381749
0.001019074945685109
0.001585126610617651
0.002143205456581797
0.002570424418734019
0.002766598447843805
0.002680435358815316
0.002324092131672959
0.001771657152777472
0.001142052280644977
0.0005704152688603308
0.00017543426412239
3.100025471326648e-05
0.0001495212348413326
0.0004808392370026811
0.0009270119276899404
0.001368445137467267
0.001694573233730939
0.001830838054742961
0.001755133738728833
0.001499771970611538
0.001139049199825666
0.0007662872060542319
0.0004672486404214329
0.0002969261906831342
0.0002665930213743817
0.0003441264860027139
0.0004672100795084766
0.0005653625053867617
0.0005842132831884544
0.000504798202397027
0.0003519087633678644
0.0001888602193533863
9.940800847152868e-05
0.0001618238665967085
0.0004221723412638801
0.0008745874592157376
0.00145495094935281
0.002050824265162612
0.002526481551206122
0.002757775005273875
0.002668038749203596
0.002256083542447843
0.001608031624430577
0.0008880679186132829
0.0003086785221659377
8.527894297779e-05
0.0003846607169303398
0.001278893297667681
0.002715946282846109
0.004515380010222102
0.006392740619278837
0.008009235412836668
0.009040027658904971
0.009246075465072166
0.008536059434839326
0.007004520552544226
0.004935591101513408
0.002769009488607362
0.001031380443253286
0.0002430915741221737
0.0008161631616105816
0.002961631642460614
0.006624689845118532
0.01146151509962857
0.01686606690527034
0.02204729896759277
0.02614823827536692
0.02839214004749282
0.02823462599103135
0.02549968942941899
0.0204783109846628
0.01397062317710783
0.007264057674823181
0.002043288005893938
0.00023964533968021
0.003834844635936934
0.01463935840270446
0.03407060504634093
0.06295569931198894
0.101384222020635
0.1486157274147296
0.2030849375927624
0.2624675368356374
0.3238305280494994
0.383843487549252
0.4390320766289334
0.4860557073325493
0.5219771340233296
0.5445047861826764
0.5521799227368164
0.544504215126241
0.5219775929733252
0.486056114208027
0.4390328183804262
0.3838441708880017
0.3238314998849787
0.2624683772058677
0.2030856495096273
0.1486137103382783
0.1013825861701832
0.06295618775049419
0.034070957265566
0.01463958281573812
0.003834945342838348
0.000239655510362328
0.002043227065528328
0.007263985039691829
0.01397052332600754
0.02047854602402919
0.02549984109742406
0.02823461095282375
0.028392135306673
0.02614829203713492
0.02204736685102307
0.01686615863249982
0.01146155702066274
0.006624752682572365
0.002961517807264399
0.0008161098071775679
0.000243098743866438
0.001031358888988154
0.002768973419396374
0.004935556928769799
0.007004497542855342
0.008536043456161602
0.009246066652435651
0.00904004823143114
0.008009164522652252
0.006392672000745118
0.004515413460590833
0.002715968561312562
0.001278908938221138
0.0003846692470403691
8.527928192100032e-05
0.0003086720644979574
0.0008880524093774926
0.001608057097353906
0.002256099268924436
0.002668042883794939
0.002757770888072741
0.002526497661026478
0.002050812598729597
0.001454956211980658
0.0008745936541818822
0.0004221772804299548
0.000161827526144611
9.940917343788909e-05
0.0001888666520720061
0.0003519154722817247
0.0005047932100337134
0.0005842091230843439
0.0005653616784560493
0.0004672146723877939
0.000344126874237324
0.0002665988894625181
0.0002969230031456825
0.0004672651358264204
0.0007663050900156734
0.001139042949551872
0.001499772067760705
0.001755133651400662
0.001830836111553269
0.001694576680377053
0.001368449225193674
0.0009270196508358442
0.000480822087281552
0.0001495050402513523
3.100060334026011e-05
0.0001754326776886922
0.0005704110444167754
0.00114204012217741
0.001771643797411651
0.002324082766539241
0.002680434966249578
0.002766598280080157
0.002570406238630696
0.00214317401705516
0.001585104743360883
0.001019085465171171
0.0005597309688086964
0.0002859673291954474
0.0002241800748840567
0.0003459136819496274
0.0005800398601016364
0.0008353212768533824
0.00102665668229598
0.001097498347057964
0.001032547795441966
0.0008575225251798265
0.0006271465569299785
0.0004055591080214222
0.0002456042333495204
0.0001732918625666312
0.0001821261956185999
0.0002385077014719704
0.0002960007988519134
0.0003135186917866684
0.0002711684074481598
0.0001785595908705336
7.263320001187405e-05
5.731095541746399e-06
2.758651443895485e-05
0.0001672005330919637
0.0004204859918713484
0.0007479966662422999
0.001083780414027774
0.001353078634594194
0.001493502956755913
0.001473305546655121
0.001301101076803615
0.001023978931199226
0.000714411149901175
0.0004498047495817553
0.0002909452728912695
0.0002655675125081493
0.0003620417274774916
0.0005346938300415244
0.0007189746531326921
0.0008514868782631235
0.0008887026419482667
0.0008186466717050523
0.0006622417280514649
0.0004644684361310666
0.0002784862111786061
0.0001482535021215739
9.522215801226165e-05
0.0001133850214215584
0.0001738260659994719
0.0002369122487502985
0.000267560151719648
0.0002483997700266326
0.0001859690836086583
0.0001082251478277106
5.401645515807659e-05
5.847202354348073e-05
0.0001392695364324144
0.0002887596774494783
0.0004747064192799033
0.0006495471337219632
0.0007651786438306102
0.0007883171353776484
0.000711252964515987
0.0005544519376583062
0.0003600389903423095
0.0001784743996867524
5.262665412083951e-05
4.870339193295269e-06
3.119336188682694e-05
0.0001042909735715893
0.0001843894996354908
0.0002339860075660158
0.000231421146523108
0.0001785565839348395
0.0001000395188656018
3.434077864452972e-05
1.979046140842268e-05
8.036199319209733e-05
0.0002161623494721055
0.0004018865303798252
0.0005938296502064107
0.0007431704814935391
0.0008109743509854691
0.0007801646272548275
0.0006602949689624605
0.00048394007480779
0.0002959037737046035
0.0001390557317194264
4.162607293769129e-05
1.000816652247651e-05
2.93068279468021e-05
7.101009392606929e-05
0.0001048407814061849
0.0001104243376329908
8.465163025815917e-05
4.222920020029478e-05
9.365266636858847e-06
1.303457254767137e-05
6.976982812805595e-05
0.0001780877745357717
0.000317342467993546
0.0004534780894861487
0.0005497782502702883
0.0005788859256687274
0.0005319293133298649
0.0004216383841544433
0.0002783542933864842
0.0001403060330548228
4.149470707995526e-05
1.267837567783501e-06
1.905099935143092e-05
7.592395696007791e-05
0.0001423620418592544
0.0001892019354328003
0.0001982157591766752
0.0001683853808354918
0.0001159029151279478
6.797671718971518e-05
5.25833448114928e-05
8.788124392634274e-05
0.0001748974525667583
0.000296143332151007
0.000420517157862274
0.0005131578985488812
0.0005465224248043121
0.0005094590441632526
0.0004109201153350649
0.0002773220089240813
0.0001443490958932741
4.611817610449586e-05
4.88133675506533e-06
2.50119637791976e-05
9.263689467884824e-05
0.0001810516372823439
0.0002599061045953124
0.0003049180718991082
0.0003050942341961084
0.0002650750105769583
0.0002022430269421403
0.000139653960708451
9.763362926088494e-05
8.671604695346721e-05
0.0001045544687842474
0.0001374981873855582
0.0001663435598813544
0.0001739849002313809
0.0001522772570326537
0.0001056973454596184
5.038686284752492e-05
9.013521236080663e-06
2.951595235427138e-06
4.458928973636939e-05
0.0001322550863549296
0.0002495298311820368
0.0003693819229391339
0.0004617422161736919
0.0005023067524587808
0.0004799193083439024
0.0003999480520687014
0.0002829563987545914
0.0001589366688904967
5.876520665042474e-05
5.692324583630312e-06
9.113993830277667e-06
6.258951263771248e-05
0.0001464437375279972
0.0002340149526781061
0.0002996125469545982
0.0003258107343805146
0.0003077858873329627
0.0002538213052332508
0.0001819266613328175
0.0001136946710668029
6.765464781800247e-05
5.38700535649006e-05
7.15357532004672e-05
0.000110037357630235
0.0001529984852638638
0.0001838703854290574
0.0001913283787229425
0.0001727202507166949
0.000134666097292544
9.068075838064034e-05
5.664287308974345e-05
4.565302422253834e-05
6.379240875084401e-05
0.0001081269780135864
0.0001674951937328408
0.0002258007405938829
0.0002667605680318482
0.00027867742575496
0.0002578775065586724
0.0002097250374103188
0.0001470876745030922
8.661320753028697e-05
4.412848360958557e-05
3.024078674027559e-05
4.755248644688508e-05
9.019148371055385e-05
0.0001456861985994695
0.0001985419408987181
0.0002346348756716997
0.0002449310710350821
0.0002277852164688029
0.0001890257258119075
0.00014009129823741
9.45915031355723e-05
6.454413255095632e-05
5.711072355769598e-05
7.288547391564981e-05
0.0001060135114645041
0.0001460849053644467
0.0001812493254234895
0.0002014986078268148
0.0002014971013641583
0.0001818120517056041
0.0001486675627084167
0.0001120555998344422
8.287193194576542e-05
6.988669101614326e-05
7.740215897149729e-05
0.0001040752918071263
0.0001433428613687403
0.0001852199264171793
0.0002189481754454801
0.0002358372544967196
0.0002315592791684632
0.0002071970148874735
0.0001689881092767633
0.0001267151613451875
9.123156029200689e-05
7.174190379732306e-05
7.357312250168764e-05
9.686801487191588e-05
0.0001366136794760473
0.0001839278423966281
0.0002281387668991458
0.0002594119038139521
0.000270987934729324
0.0002606963341803327
0.0002314035931536617
0.0001901422162132661
0.000146518597639113
0.0001104124219283043
8.975597710612459e-05
8.884574314697125e-05
0.0001075049459085767
0.0001412925532905655
0.0001826491815255127
0.0002226504349261237
0.0002530515322499475
0.0002679706672085013
0.0002650938467730733
0.0002459969155874401
0.0002155480177965706
0.0001807002738591104
0.0001489585878591613
0.0001266946638970448
0.0001179159957603458
0.0001235696163616444
0.0001415644861537194
0.0001674297455011883
0.0001954208814765704
0.000219789528446799
0.000236019839323592
0.0002415986842320904
0.000236388225361519
0.0002224363450241205
0.0002032969441720331
0.0001831987724806609
0.0001660574176475067
0.0001547426244651132
0.0001505782099610493
0.0001532832326291703
0.0001612310844020314
0.0001719942345257949
0.0001829543090347488
0.0001919179246005095
0.0001975050736144951
0.0001993278395063484
0.0001978885129772449
0.0001942843135063398
0.0001898019309608322
0.0001855533346110633
0.0001821735270283979
0.0001797250100993061
0.0001777967589838632
0.0001756812243326664
0.0001727572657213889
0.0001687311028888314
0.0001638101037699881
0.0001587756593730197
0.000154849879343324
0.0001534096793336865
0.0001556251960302801
0.0001621635066706646
0.0001728496048523309
0.0001866277411476649
0.0002016449973323741
0.0002154777654383242
0.0002256346641384022
0.0002299684799476817
0.0002272556310829758
0.0002174647234153032
0.0002020286840621342
0.0001837353619149013
0.0001664058657082546
0.0001543930145781922
0.0001517544854972491
0.0001615350809089163
0.0001850320963319029
0.0002213019093396608
0.0002669996386299828
0.0003166635249937931
0.0003634585629326744
0.0004002914783563326
0.0004211432595817655
0.0004223640672271974
0.0004038089118525332
0.0003691886550427227
0.0003259625645438876
0.0002841994698689948
0.0002548437926010566
0.0002475982272477686
0.0002687197360970512
0.0003193018823557406
0.0003945536411744601
0.0004841389003081635
0.0005738404021898996
0.0006481113753318212
0.0006934064203943073
0.0007010222453607034
0.0006693250905296636
0.0006045655722813322
0.0005198248825525173
0.0004325489192820876
0.0003609069839412435
0.0003197054843845281
0.0003171308133477753
0.0003525889067041778
0.0004167942386987699
0.0004937039031515682
0.0005641777866124049
0.0006103509442556781
0.0006198186252899321
0.000588442897051126
0.0005212843316274039
0.000431116952913702
0.0003352076968544725
0.0002509718303386669
0.0001917467253022303
0.0001636718684553844
0.0001646049481918062
0.0001852434256151505
0.0002120814981202585
0.0002313527700380169
0.0002329457813523764
0.000212880474438914
0.0001741551757919429
0.0001253154046961885
7.756932357498828e-05
4.120840650873517e-05
2.256508255585263e-05
2.230826483915342e-05
3.565890616092049e-05
5.430242947443982e-05
6.93766828950008e-05
7.442629109739911e-05
6.740383082685567e-05
5.098157846528577e-05
3.118063512223326e-05
1.483881486710249e-05
6.866195762154307e-06
8.407969191757051e-06
1.662531139993261e-05
2.62634075916998e-05
3.244276337321865e-05
3.358346158878975e-05
3.323575634801321e-05
3.977971737902222e-05
6.384044302835566e-05
0.0001139526343007596
0.0001920655899667495
0.0002903815642999268
0.0003914073548967222
0.0004716034660830062
0.0005080225004991392
0.0004866261291135758
0.0004091798276558725
0.0002964919559306988
0.0001862354765181702
0.0001249736644969733
0.000156297812239176
0.0003078074421734866
0.0005808552515341872
0.0009466302291002687
0.001349765178870026
0.001719939260234464
0.001988373222573782
0.002104696374985735
0.00205033913990674
0.001843695440026585
0.001535543728848379
0.001196792656528464
0.0009000477260398033
0.0007018960093673093
0.0006294420068279247
0.0006755614436104784
0.0008034050671931104
0.0009586589901604141
0.001085477574119027
0.001141544149621179
0.001107455965977343
0.0009889203496971477
0.0008114312251864791
0.0006099329833336477
0.0004179876832694449
0.0002593683989031075
0.0001450524243354451
7.563242101209003e-05
4.701412383607689e-05
5.642954765232977e-05
0.0001055024290533019
0.000198701649185596
0.0003377616125042712
0.0005144268939492292
0.0007056035920899454
0.0008740316092146286
0.0009757933998319539
0.0009738044660746693
0.0008529153427581714
0.0006308862413434095
0.0003612469549958798
0.0001235852618216458
4.072059866822101e-06
6.991606727767951e-05
0.0003459857933559014
0.0008011069132685826
0.001350238695114667
0.001872654981339603
0.002243465535521086
0.002368660361950686
0.002214194474862935
0.001819332974769259
0.001289632164710914
0.0007708228472536458
0.0004096053725666319
0.0003135276808950367
0.0005212264038623917
0.0009915200290141102
0.001614655782189607
0.002242776738132633
0.002729161850701756
0.002966167994405718
0.00290994966935449
0.002586477503440284
0.002077661761140509
0.001494392184760439
0.0009447345315369912
0.0005084292750259799
0.000223450072152955
8.796768342959203e-05
7.339797975395698e-05
0.000142491774641274
0.0002641585634481679
0.0004195993355269036
0.0005986978523071956
0.0007900022734205038
0.0009705917461825938
0.001102962824304174
0.001142729363807603
0.001056053205896854
0.000841196890855071
0.0005444425775632936
0.0002623667231257522
0.0001246234064578794
0.0002595369081264974
0.0007511228954640332
0.001600880381144806
0.002708463745060541
0.003881546482996699
0.004875167394854987
0.005454216409737648
0.005460450910191709
0.004865475632873976
0.003791126832945373
0.00249002152716733
0.00128433168830353
0.0004847590002380685
0.0003047321295812426
0.0007999345710896259
0.001848577665690631
0.003180080071137834
0.004447044630214096
0.005316930307150794
0.005562070773908866
0.005119544685759917
0.004105119538087541
0.002777881795511034
0.001467475770888354
0.0004829677802720137
3.315234497460415e-05
0.0001768585054387134
0.000818228529320769
0.001743636037581545
0.002688586482026757
0.003410906958923455
0.003751135306099058
0.003661683672508366
0.003202193914971242
0.002505985248615122
0.001732102568513787
0.001022101304604338
0.0004734983734233454
0.0001361802493766819
2.837017599025538e-05
0.0001591568028671107
0.000544547787348393
0.001206440636503835
0.002151913318765381
0.003341727987071177
0.004661690690773632
0.005916445948935794
0.006855206469498749
0.007232608038441103
0.00689081470777836
0.005839143359236903
0.004301150975559863
0.002708153008438909
0.001624314252288226
0.001616644321508101
0.003095992330853047
0.006172329545658701
0.01056911300505857
0.01563252778212698
0.02043840802200737
0.02399397008505852
0.02547346043336264
0.02444312180619931
0.02100313475535271
0.01580558714874833
0.009936633598045785
0.004677573674192769
0.001201334313925918
0.0002859093319133675
0.002108189098917737
0.006185658693637497
0.01148310933272823
0.01665954749904481
0.02040476122540389
0.02176838748693881
0.02040835359689857
0.01668178586457208
0.01155840892181205
0.006370489749421749
0.002467839169738163
0.0008602643993056632
0.001949890891669273
0.005418562533961651
0.01030555783474571
0.01526203744078502
0.01890867601546849
0.02021322092157945
0.01878214404216052
0.01498861670210971
0.009898481585863962
0.005016157931238373
0.001900008235271471
0.001763503200955962
0.005149869813630806
0.01177643537212181
0.0205856608020391
0.03000159354340102
0.03830965011543803
0.04409029645221366
0.04656277329567968
0.04577866591182277
0.04259435482521404
0.03843803182497469
0.03493616554493527
0.03348863999535167
0.03491845242247521
0.03928201814563218
0.04590372707208131
0.05361041573497487
0.0611239392335271
0.0674744586556351
0.07233662788658884
0.07615949935754707
0.0800550544219554
0.08543939552134455
0.09352922840301095
0.1048203594849084
0.1187096706513714
0.133411654205837
0.1462233934525055
0.1541610880076089
0.1548225910059497
0.1473019103363507
0.132910528623684
0.1154726270229071
0.1009981244483914
0.09675697047502692
0.1097671315665819
0.1450084873672687
0.2037152351094746
0.2821191666235869
0.3711471331644645
0.4571533364656186
0.5240168679076322
0.5561753179043406
0.542433890146943
0.4797921978785984
0.3766784167890865
0.2547804287690021
0.1490902634947503
0.1055645459241531
0.1767075920470002
0.4152396638803761
0.8666350320050331
1.561453285735462
2.509058104438662
3.692427578515395
5.067270448916226
6.562691400275837
8.087465892494716
9.536868019825098
10.80421248784688
11.79078660970813
12.41713903781556
12.63188577022533
