# RCS in m**2 for a L=5 cm PVC cube at 0.0 degree aspect angle
# frequency = 91.5 GHz, 
# theta = linspace(0, 6.2832, 1441)
# phi = linspace(0, 0, 1  1)
8.763760906780599
8.607887620137516
8.153804557293359
7.440560176359413
6.528154923778612
5.490685802969924
4.4080065971446
3.357154351989477
2.404488416705319
1.599616357675195
0.9717575450607168
0.5288449352985226
0.259320879800025
0.1361512748787617
0.1223373120762158
0.1770420108267095
0.2614083004301155
0.3432934116994612
0.4003563345092356
0.421241290532722
0.4049295624666374
0.3585819931631629
0.2944388764541328
0.2263995189047663
0.166913706543962
0.1246769731376334
0.1034308759082621
0.1019362397080555
0.1149630002389003
0.1349731016610742
0.1540701639883241
0.1657860352444513
0.1663525604625009
0.1552444390320236
0.1349470293850664
0.1100765231667014
0.08609482510812988
0.06794035178534345
0.05888382797307816
0.05984522406878179
0.06930194562493776
0.08376726137425707
0.09869962238061401
0.1096162568567188
0.1131426354679858
0.1077653938359431
0.09412379527061925
0.07479620321353439
0.05364724289149123
0.03489751788920141
0.02214503883415448
0.01755865180111937
0.02142264567699246
0.03212778258355979
0.04659361983879019
0.06101229349167386
0.0717325435782806
0.07607580734538061
0.07290298585987887
0.06280634691350008
0.04790155830763531
0.03127942833194762
0.01626289250911653
0.005640691167724819
0.001067369799137713
0.002750576475349556
0.00949199542855182
0.01905178832382647
0.02873292384969804
0.03603997470295193
0.03924500553050755
0.03773871847681315
0.03208842921404672
0.0238097591982727
0.01492625437636991
0.007432948827592074
0.002809069380800062
0.001691726107932358
0.003785056668730615
0.008011526891798447
0.01285163785415064
0.01677191937161244
0.01862757925674578
0.01793474267005817
0.01495171601342523
0.01055933845960866
0.005983610358602888
0.00244497436948102
0.0008300846160911167
0.001472493552967945
0.004094006023088502
0.007911680068623061
0.01187267853586518
0.01494511130141499
0.01638376855977089
0.01590248436964645
0.01371221998755626
0.01042604391077188
0.006865701008108379
0.003831428316004873
0.001898990577560707
0.001298266436819158
0.001896982025297386
0.003285065701715075
0.004924606589122077
0.006314900364655726
0.007124510853264675
0.007254825462984963
0.006823891720723016
0.006086289435432036
0.005321379342480513
0.004730135901494343
0.004374394810358193
0.004175158208289754
0.003965720197733532
0.003576281363409655
0.002917313806666282
0.002030514487502272
0.001088202489379019
0.0003407269678931407
2.989368626317948e-05
0.0002985229592046284
0.001128262240190843
0.002328502879273586
0.003583180100769677
0.004541586589045506
0.004926245023199885
0.004622367806676732
0.003720440157100876
0.002496292101159584
0.001333273516629188
0.0006099934543453301
0.0005861807330641301
0.001323175418610186
0.002662331945138886
0.004268478169893185
0.005725070430906498
0.006654220557775465
0.006822054477571312
0.006202648855714428
0.00497925218644828
0.003486506365358014
0.00211015189611178
0.001177265976625315
0.0008678610454869037
0.001174026360818896
0.001915448509949762
0.002803716958556693
0.003533782237597528
0.003873140211923063
0.00372268472279797
0.00313341394465199
0.00227678397399562
0.001382242974243773
0.0006633404158306932
0.0002569310243260017
0.000191976857666285
0.0003960361117544559
0.0007326268055711923
0.001054570018636824
0.001253841679425226
0.001291789423437048
0.001201333348448516
0.001062901554593992
0.0009658722977366191
0.0009701371833173922
0.001082540220901298
0.001256266468188526
0.00141233585685262
0.001474299649091176
0.001402441535756935
0.001214475035747979
0.0009841582094110735
0.0008180339757120466
0.0008178360223103534
0.00104225022564691
0.001481100185698038
0.002051953572767996
0.002621107875171439
0.00304231131314616
0.00320146615189581
0.00305237183610329
0.002631865307860669
0.002049775666633077
0.001456365915079629
0.0009978882407815084
0.0007740246190230486
0.0008104811775404799
0.001054663145805585
0.001395184344566935
0.001698104907829969
0.001848635363263268
0.00178465579930118
0.00151272284611755
0.001102159870723874
0.0006607527445893088
0.0003001622462676385
0.0001025478714259684
9.858994467183396e-05
0.0002626169804501451
0.0005251501617630881
0.0007975302169409787
0.0009998777705383028
0.001083316797790072
0.001040452024474389
0.0009013594833652906
0.0007185508872573311
0.0005466690986008174
0.0004243884543784561
0.0003642722490680175
0.0003534763501423256
0.0003637823066679152
0.0003665108461902067
0.000346460824935228
0.0003096790299513134
0.0002821766067660517
0.0003004194591399448
0.0003971277004969676
0.0005875449985391152
0.0008612069727790696
0.001182228083435464
0.001498200123729876
0.001754700905721091
0.001911007420253679
0.001951542167975711
0.001889841670356983
0.001763361318624732
0.001621668267001801
0.001510775036345667
0.00145958119624548
0.001471823032423212
0.001526172933513498
0.001584126169860918
0.001602702927529361
0.001548251398286743
0.001406876945774753
0.001188650590537193
0.0009243906667211175
0.0006565999167393069
0.0004274478940129715
0.000267205313064556
0.0001871800235246783
0.0001781281479373281
0.0002148746022806127
0.0002649294087436405
0.000298456152849257
0.00029649305245217
0.0002551396414570954
0.0001850133661668557
0.0001061412628131089
4.072971596995142e-05
5.791366861191976e-06
8.065905394841888e-06
4.256796843748009e-05
9.485460714815503e-05
0.0001461064286987475
0.0001791844570404881
0.000183820113455187
0.0001593092483564541
0.0001142328018811411
6.330119894129246e-05
2.257968995034744e-05
4.640936542779989e-06
1.501772428685108e-05
5.096277561881142e-05
0.0001027560257711097
0.0001569269004148416
0.0002004196902513385
0.0002243749702365243
0.000226434158077269
0.0002111710939937968
0.000188404001202247
0.000170278127021603
0.0001678113823117133
0.0001880581828212666
0.0002324894519191947
0.0002970126761094907
0.0003733543105882175
0.0004515449831502733
0.0005223444947834427
0.0005794352776139911
0.0006203680101793996
0.000646568189794882
0.0006622100647410208
0.0006726355870058715
0.0006827320324614691
0.0006955944878564635
0.0007121351801043338
0.0007312118852025242
0.0007504143445701174
0.0007671359635567148
0.0007794354201792281
0.0007866180884121359
0.0007892526896568428
0.0007887931325410378
0.000786851076879957
0.0007845036748232166
0.0007817943019440837
0.0007776070690420405
0.0007699864028231083
0.000756714868828523
0.0007359187814068249
0.000707016043383845
0.0006706168370128419
0.0006288771623637977
0.0005849091022853244
0.0005422416685904264
0.0005040398497333978
0.000472405023144925
0.0004480556147519046
0.0004302677960348044
0.0004170750316256881
0.0004058471311314558
0.0003938420141490983
0.0003788739899699414
0.000359674534854993
0.0003361612355465551
0.0003092775527360507
0.0002807675823696856
0.0002527525427143727
0.0002272614803500319
0.0002058739880315878
0.0001894477504547005
0.0001780512588058601
0.0001710302575359404
0.0001671643571184928
0.0001649974320418954
0.0001630619785852896
0.0001601462505627076
0.0001554987021069368
0.0001489076962609321
0.0001407247259491786
0.0001317810455787249
0.0001232651496364896
0.0001164728243516592
0.0001126011470453061
0.0001124829819791245
0.0001163950853974832
0.0001239102794234764
0.0001339278731450797
0.0001447544183236968
0.000154363561643339
0.0001607738563172167
0.0001624523021991611
0.0001586702188444497
0.0001497912001224381
0.0001373238671589706
0.0001237660956403746
0.0001121954616654681
0.0001057009047728128
0.0001067259156691984
0.0001164543088931114
0.0001344260982421206
0.0001584119655832223
0.0001846942339392019
0.0002086647631839972
0.0002257065220738064
0.000232134981184554
0.0002260668564624127
0.0002079917922130017
0.0001808742683659872
0.000149747620765093
0.0001208669591310897
0.0001005009810837563
9.362810111517017e-05
0.0001028392678344592
0.0001275737098916583
0.0001641070088054589
0.0002060339392684774
0.0002454440165236405
0.0002744995876426937
0.0002869871695645785
0.0002797541721826242
0.0002534677820921444
0.0002126801262745461
0.0001650517098626592
0.0001199144240400555
8.640009550485367e-05
7.155544747018393e-05
7.881537318276289e-05
0.0001071855793495705
0.0001513239530535517
0.0002025610776788094
0.0002506136060760364
0.000285687740453196
0.0003005330869704465
0.0002919439379819045
0.0002614859661580677
0.0002151497465675477
0.000162092621933821
0.0001127260270816036
7.651567579032471e-05
6.002056288477365e-05
6.558353124259409e-05
9.095719740774334e-05
0.0001299291984588981
0.0001737853400223288
0.000213262016303866
0.0002405509002213076
0.0002508448093483547
0.0002431381736994816
0.0002201810777652515
0.0001874880970768949
0.0001518781489720863
0.0001198598000973357
9.619814826751432e-05
8.320100802652632e-05
8.059722908306677e-05
8.619840698369512e-05
9.692275465216044e-05
0.0001099008289913377
0.0001232937946412703
0.0001365569214488329
0.0001501146113601729
0.0001645664108505933
0.0001797832129245517
0.0001941963362874695
0.0002047457240394702
0.0002074293320845729
0.0001985701416231269
0.0001763763761918662
0.0001422340919091182
0.0001013641561470178
6.23511627563677e-05
3.556341409014177e-05
3.065351857208299e-05
5.379825069272553e-05
0.0001053559139171687
0.0001787849831386678
0.0002612477071116684
0.0003359937871633664
0.0003861068984824093
0.0003987503924050986
0.0003688419838276606
0.0003010344108881395
0.0002094425773546876
0.0001148164892089572
3.984950897420027e-05
3.620045637686801e-06
1.662209364038721e-05
7.771913511138285e-05
0.0001739433144557978
0.000283333888909008
0.0003801861052135718
0.000441446667350651
0.0004525974642403311
0.0004113197765214516
0.0003281618083623497
0.0002236747019164822
0.0001229537498319628
4.903135744877494e-05
1.677857224668107e-05
2.924415899793599e-05
7.725518851369573e-05
0.0001424833289969626
0.0002030373337802919
0.0002399745234552899
0.00024274447867036
0.000212063592220568
0.0001593054659852145
0.0001026300880281089
6.108158888599743e-05
4.847348610386072e-05
6.893169335034934e-05
0.000115596793167919
0.0001727632065415687
0.0002209498288133255
0.0002432074321258669
0.0002307081825938808
0.0001857616061717392
0.0001213065530380512
5.693193405407294e-05
1.270022425870155e-05
2.691529811932253e-06
3.039772505160971e-05
8.74633142748397e-05
0.0001562742608102898
0.0002155285434802896
0.0002471061734687042
0.0002419038140637324
0.0002027515176429618
0.0001434127543774149
8.385142532997719e-05
4.34706230442461e-05
3.445561211042118e-05
5.753550266831826e-05
0.0001017220497167528
0.0001481557982375703
0.0001769521158292734
0.0001746065142027757
0.0001396164984089147
8.402076379374384e-05
3.026682994092653e-05
4.171873526607095e-06
2.610297252816643e-05
0.0001033508918107828
0.0002262812961666747
0.0003697893103259886
0.0004998236089716761
0.0005831745102344848
0.0005974574860356237
0.0005381021072800056
0.0004200988565397229
0.00027376274568642
0.0001358198130347286
3.855211690767632e-05
4.570119966094255e-07
2.138292602714445e-05
8.363113304605425e-05
0.0001586335950616977
0.0002168884919045355
0.0002378938017581982
0.0002166772403340418
0.0001648754876373717
0.0001060089042812465
6.664604795885231e-05
6.660455493396392e-05
0.0001115290703015361
0.000190486053492037
0.0002794912232566617
0.0003496677188397471
0.0003773141943804638
0.0003523243226947429
0.0002819914534546662
0.0001887585732789044
0.000102734988547526
5.137013261903387e-05
4.998724450583001e-05
9.645151770619931e-05
0.000171931519842018
0.0002475706146498615
0.0002948468415455267
0.0002959756553261485
0.0002507380037349515
0.0001771233128405914
0.0001055281479921897
6.816959912698503e-05
8.746231923531431e-05
0.0001672934784263066
0.0002904366292231554
0.0004231299470496008
0.0005256476151193527
0.000565340257542739
0.0005278563768966379
0.0004226708956826112
0.0002808804413142999
0.0001458419475786772
5.951174582924428e-05
4.895224736540599e-05
0.0001175107561235023
0.0002435745747377449
0.0003874406529490593
0.0005041193967959647
0.0005578859613612112
0.0005338678939748183
0.0004427826502635403
0.0003173286634210032
0.0002013879864676811
0.0001355934558362531
0.0001440622416067028
0.000226560874767389
0.0003587335504244496
0.0005001662923232119
0.0006075508701965786
0.0006485934799191866
0.000611967247271852
0.0005101810946472561
0.0003744176774554308
0.0002434413220197492
0.0001502420278463249
0.0001112854689084512
0.0001218991695724382
0.0001594572625495161
0.0001931401819521945
0.0001968164592812918
0.0001603945291910243
9.545908911016674e-05
3.289065406389355e-05
1.292758505868774e-05
7.078759974029005e-05
0.0002226412352966037
0.0004568211005921904
0.0007336741334528333
0.0009945691175449549
0.001177878320333829
0.001236856800342307
0.001154330492856826
0.0009487583342269306
0.0006702460124881433
0.0003867858761835525
0.0001652104463354058
5.224500306246202e-05
6.168906887377293e-05
0.0001715451036490937
0.0003320337230313949
0.0004819504886297398
0.0005683758265359636
0.0005634224726965307
0.0004728554981560295
0.0003338287388663361
0.0002024278162322535
0.0001349348847819314
0.000168724506628094
0.0003089751574342708
0.0005253884880848287
0.0007604362046076622
0.0009465026589542749
0.001027024427856282
0.0009748813826753687
0.0008024241325298039
0.0005597187115774175
0.0003212027349537675
0.0001645394890955645
0.00014778037965438
0.0002916229734875894
0.0005720805590997718
0.0009259310195868551
0.001267391630088625
0.001511402912607034
0.001596697743736204
0.001502179755398798
0.001251808819710218
0.000906940930305183
0.000548336106827696
0.0002535150923967283
7.587820479079846e-05
3.19553308625833e-05
0.0001001263918841664
0.0002309348089159843
0.0003654627265107215
0.0004558525938419733
0.0004814111252125505
0.0004551085917514467
0.0004183619233737667
0.000425475599115973
0.0005227953723841474
0.0007291304620999534
0.001024140968411692
0.001349249353673581
0.001621617595337694
0.001758234745864124
0.001703355579799341
0.0014512117424773
0.001056624688503893
0.0006290132302690165
0.0003096474086069246
0.0002371598032525752
0.0005093114620563693
0.001151355728952471
0.002099990794121114
0.003208562525268968
0.004274162648617652
0.005081281915813748
0.005452459444220921
0.005294343816945706
0.004626601074054491
0.003586628572253447
0.002406854801398601
0.001368612701341149
0.0007420333758562676
0.000725178036869213
0.001396112934715549
0.002689170033734902
0.004401939585166473
0.006231809296496791
0.007835595761569688
0.008899330672915814
0.009203987251666353
0.008672912800660217
0.00739082088291448
0.005590419852616201
0.003608824041361962
0.001823566993794006
0.0005794083070330972
0.0001229440818430201
0.0005559215282311074
0.001816842134593007
0.003693633753460275
0.005864021017349992
0.007955221554003109
0.009611023080296542
0.01055383429260702
0.01063047604905443
0.009835253429665696
0.008306745775043065
0.006301573779963666
0.004150810253031284
0.002207777072307908
0.0007958195315903269
0.0001639443610839961
0.0004554700655012483
0.001691885227707277
0.003772064309360295
0.006484406091154803
0.009529229783154959
0.01254862041972986
0.01516190093769172
0.01700557247274018
0.01777697726234056
0.01728087705602057
0.01547633003497419
0.01252065072493221
0.008802323013145336
0.004957587158357037
0.001861047807855039
0.0005845947513973903
0.002320924641879786
0.008273619948774579
0.01952106772823422
0.03686740083652685
0.06070017336224576
0.09086644051396282
0.1266072335121616
0.1665412157603041
0.2087243576288734
0.2507804801629033
0.2900920639720162
0.3240336497585013
0.3502229467486194
0.36675818965206
0.3724107528883474
0.3667576813731542
0.3502230972010298
0.3240339577430719
0.2900926665550029
0.250781063862574
0.2087249885923181
0.1665416608624978
0.1266077062551066
0.090865152162989
0.06069915341342748
0.03686767140339497
0.01952128117862455
0.008273750538057793
0.002320978826090351
0.0005845956605015735
0.001861014311589407
0.00495753253170658
0.008802270436305656
0.0125207780007804
0.01547642777020945
0.01728086038810062
0.01777697391394058
0.01700558797579029
0.01516193225318696
0.01254866173864555
0.009529244896759445
0.006484456685913762
0.003771965338927613
0.001691823029416444
0.0004554365142737823
0.0001639413898526226
0.0007958029995374431
0.002207753109382341
0.004150784211696977
0.006301549656760767
0.008306709379970712
0.009835214662936218
0.01063049227396514
0.01055380205668852
0.009611041152059647
0.00795524854424893
0.005864055451390222
0.003693661228126032
0.001816866526751373
0.0005559340811888248
0.0001229440877891351
0.0005794418739480352
0.001823637303710253
0.003608909019026952
0.005590387003080813
0.007390788565764707
0.008672852603749925
0.009203974973319153
0.008899339587375472
0.007835617001754627
0.006231838211327946
0.00440185987355769
0.002689115234322787
0.001396068477699095
0.0007251802755568134
0.0007420266117023053
0.001368595375972608
0.002406838206039718
0.00358661031447926
0.004626614227166144
0.005294338792786945
0.005452472624687357
0.005081257965076854
0.004274173089334565
0.003208578815261018
0.002100004765044401
0.001151368079904777
0.0005093207074318328
0.0002371614346750106
0.0003096453203570521
0.0006290274932035431
0.001056651832465348
0.001451221715477845
0.001703345156421235
0.001758227664599863
0.001621611754599538
0.00134925982373207
0.001024152590534012
0.0007291306392488036
0.0005227996684367984
0.000425472727689091
0.0004183605738832468
0.0004551152444284881
0.0004814071345468929
0.000455855804227838
0.0003654636518318039
0.0002309367730182064
0.0001001277635944111
3.195525400615558e-05
7.587763212802342e-05
0.0002535225734019494
0.0005483461055423906
0.0009069384498129839
0.001251803925051597
0.001502171452853967
0.001596694632765863
0.001511407332818893
0.001267398706292494
0.0009259386090784214
0.0005720698165272432
0.0002916113760146038
0.000147776382926169
0.0001645382383376005
0.0003211992586809237
0.0005597146967024938
0.000802418337735696
0.000974879553133587
0.001027029170223328
0.0009465059529909209
0.000760422238465409
0.000525377259396763
0.0003089683849874277
0.0001687264846388805
0.0001349342874203362
0.0002024282048581326
0.0003338267715285534
0.0004728545834406312
0.0005634198884099313
0.0005683731740396714
0.0004819453941977705
0.0003320303766140522
0.0001715469257518186
6.169136603894841e-05
5.22444292886394e-05
0.0001652077694622319
0.0003867825371563188
0.0006702369365614457
0.0009487587777464637
0.00115433443123172
0.001236862382716149
0.001177866360822421
0.0009945709116985259
0.0007336768735997704
0.0004568258699979394
0.0002226443314791652
7.078772059005652e-05
1.292794131376602e-05
3.288974726209008e-05
9.546325126175797e-05
0.0001603971697366423
0.0001968158766806972
0.0001931406957420796
0.0001594589432660463
0.0001219001613342954
0.0001112859771037518
0.0001502420953144958
0.0002434398747476674
0.0003744126623182077
0.0005101805861458758
0.0006119698698562665
0.0006485889009996976
0.0006075504181331092
0.000500166521628621
0.0003587375440865217
0.0002265616521803039
0.0001440625689949802
0.0001355921605102516
0.0002013923637106472
0.000317332978065118
0.0004427845745636715
0.0005338665534238204
0.0005578901458840533
0.0005041190103490567
0.0003874426776876037
0.0002435776948896323
0.0001175106363517467
4.895270673508013e-05
5.951213834729177e-05
0.0001458445181115124
0.0002808805434168773
0.0004226704326297567
0.000527859374189882
0.0005653417883192522
0.0005256481047974921
0.0004231328411908577
0.0002904400498839414
0.0001672950319584903
8.746084807657532e-05
6.816928845850329e-05
0.0001055281106213078
0.0001771231915793693
0.0002507372138783897
0.0002959757864383408
0.0002948468462951472
0.0002475744949936963
0.0001719325845713089
9.644954386217272e-05
4.998543637461725e-05
5.136885310821964e-05
0.0001027349731049506
0.0001887593487915066
0.000281986714695225
0.0003523299535926026
0.0003773141367811579
0.0003496632028957978
0.0002794925445153818
0.0001904840603744572
0.0001115296513002404
6.660466347530254e-05
6.664444562920694e-05
0.0001060073802342113
0.0001648765955584182
0.0002166771039826873
0.0002378923927236118
0.0002168880449973329
0.0001586279493949593
8.363259114876301e-05
2.138092340839963e-05
4.565673280713035e-07
3.855211443967792e-05
0.0001358246669746064
0.0002737593751174874
0.0004201063542603744
0.0005381001924799255
0.0005974604717561356
0.0005831753320207101
0.0004998159197204961
0.0003697897741362401
0.0002262819663112535
0.0001033580876059997
2.610398863929159e-05
4.172270820284116e-06
3.026555116820005e-05
8.402113146454575e-05
0.0001396138223953782
0.0001746071275914406
0.0001769514840655487
0.0001481582503589566
0.0001017228573790923
5.753577454015734e-05
3.44538378656667e-05
4.347121276229726e-05
8.384969743892664e-05
0.0001434120972609103
0.0002027558357735415
0.0002419011584126079
0.0002471043527972075
0.000215531732803036
0.0001562728435215321
8.746268204930356e-05
3.039717787060568e-05
2.691056836853852e-06
1.270057976519665e-05
5.693359495893424e-05
0.0001213048600847631
0.000185760779687563
0.0002307057727503061
0.0002432115938735625
0.0002209514970988194
0.0001727634094170241
0.000115595550626676
6.893292046013133e-05
4.847027958498236e-05
6.108259973286678e-05
0.000102630983668823
0.0001593047620607367
0.0002120665124666794
0.0002427424177224962
0.0002399762368424327
0.0002030379603120811
0.0001424828652659315
7.725189522067099e-05
2.924446581700528e-05
1.677864986178552e-05
4.902757181423914e-05
0.0001229585772514434
0.0002236689003703072
0.0003281620035695563
0.0004113309143427017
0.0004526030979611014
0.0004414434787951392
0.0003801835385686983
0.0002833261106379848
0.0001739465884228848
7.77159850242392e-05
1.662276029073536e-05
3.619952361600779e-06
3.984458295655147e-05
0.0001148154815617632
0.0002094462115416702
0.00030103774269711
0.0003688457903307755
0.0003987461705349513
0.0003861044009583435
0.0003359954828216185
0.0002612466654344784
0.0001787884362596851
0.0001053537603566442
5.37952470851142e-05
3.06527821543267e-05
3.556380183869123e-05
6.235061080569725e-05
0.0001013666836688914
0.0001422265092815886
0.0001763727438235935
0.0001985706692792374
0.0002074259717266918
0.0002047439221413747
0.000194201144861633
0.0001797811941979193
0.0001645681057231379
0.0001501126537283661
0.0001365597532449111
0.0001232931356957052
0.0001099011804243144
9.692330183086135e-05
8.62015528756889e-05
8.059874256491368e-05
8.320074851323475e-05
9.619831823269244e-05
0.0001198569249888121
0.0001518750912242347
0.0001874855396276502
0.0002201803667596098
0.0002431381529577637
0.0002508398990654771
0.0002405532860062586
0.000213260110879513
0.0001737785007435384
0.0001299220218749137
9.095550653961762e-05
6.558375825457009e-05
6.001873096308469e-05
7.651585392441777e-05
0.0001127254418582313
0.0001620918093168183
0.0002151458574624747
0.0002614862051716083
0.000291945568998284
0.0003005327885988896
0.000285683997720728
0.0002506169387668424
0.0002025587565466548
0.0001513271258477655
0.0001071838273652693
7.881870568381659e-05
7.155573143494534e-05
8.640054940898608e-05
0.0001199135494048327
0.0001650539639163061
0.0002126792716231533
0.00025347018369445
0.0002797527620895849
0.0002869877538146623
0.0002745000241684192
0.0002454467043827614
0.000206033526556454
0.0001641099797886898
0.0001275750182662017
0.000102838015217101
9.362882536009504e-05
0.0001004998464728881
0.000120869371497019
0.00014974403568293
0.0001808729493380651
0.0002079911995627646
0.0002260663269151668
0.0002321306094336675
0.0002257051005572333
0.0002086657571996002
0.0001846982406447523
0.0001584128330353783
0.0001344264376473612
0.0001164566532804865
0.0001067239424372627
0.0001057009714154039
0.0001121962249436023
0.0001237653327565268
0.0001373232869253708
0.0001497910395428512
0.0001586718543549681
0.0001624525025032329
0.0001607755158540213
0.0001543615467126189
0.0001447537253031082
0.000133927147921002
0.0001239093373932671
0.0001163880392854008
0.000112483187979284
0.0001126014164449812
0.0001164753340061465
0.0001232643012765252
0.0001317793315220008
0.0001407224876956541
0.0001489101030208427
0.0001554967283633903
0.0001601452325987002
0.0001630624383210705
0.0001649997757618983
0.0001671611737809909
0.0001710176415445544
0.0001780488774099618
0.0001894473480553517
0.0002058751391463239
0.0002272621612490075
0.0002527553666162602
0.0002807714683387035
0.0003092783282702386
0.0003361587717945161
0.0003596734313770013
0.0003788718708030149
0.0003938399459963758
0.0004058467034439404
0.00041707664675576
0.0004302674694735545
0.000448052071539783
0.0004723906324674944
0.0005040332944197478
0.0005422455409740977
0.0005849128709020622
0.0006288644572662678
0.0006706205903659679
0.0007070151268074333
0.0007359193784321324
0.0007567163269452496
0.0007699849073471269
0.0007776034629517043
0.0007817784525961649
0.0007845065521245833
0.0007868503839059461
0.0007887891782050425
0.000789246948050152
0.0007866030528500283
0.0007794303391173746
0.0007671334528586968
0.0007504170661426441
0.0007312041129079078
0.0007121341507255478
0.0006955962239671795
0.000682725983921018
0.0006726393886943688
0.0006622076758670454
0.0006465663857001311
0.0006203697508746336
0.0005794257593682451
0.000522347168792464
0.0004515408155437839
0.0003733536059946395
0.0002970120311408926
0.0002324886196899481
0.0001880601086312782
0.0001678146953667157
0.0001702791867126199
0.0001884112507160525
0.0002111773313968739
0.0002264392952810304
0.0002243699624467558
0.0002004224798335273
0.000156924038165553
0.0001027600470632447
5.096304023702786e-05
1.501454210434249e-05
4.640583653420155e-06
2.257969547105022e-05
6.329941542013109e-05
0.0001142347014873376
0.0001593091965689484
0.0001838183291694647
0.0001791849311042219
0.0001461024697258364
9.486342482683009e-05
4.256829755056465e-05
8.066157351446938e-06
5.791154466105137e-06
4.073498421903663e-05
0.0001061377126904978
0.0001850140496185271
0.0002551346124861507
0.0002964731435453568
0.0002984549371496646
0.0002649339548708123
0.0002148738355827555
0.0001781214763656402
0.0001871779007732443
0.000267211083602075
0.0004274556268475652
0.0006565881668920719
0.0009243984391608016
0.001188630145515496
0.001406876482920867
0.001548241192633066
0.001602709104274042
0.001584141852251124
0.001526157241288359
0.001471803534251113
0.001459576329429051
0.001510776231730138
0.001621660310171516
0.001763362941973045
0.001889821423106456
0.001951533138361009
0.001910995646342202
0.001754720679137496
0.001498179572152308
0.001182271866808758
0.0008611904383046217
0.0005875682049741798
0.0003971348328748408
0.0003004217999542782
0.0002821764784656049
0.0003096770527261301
0.0003464641812742808
0.0003665024761553981
0.0003637771113202558
0.000353476235788181
0.0003642658758386338
0.0004243883497155273
0.000546671239276099
0.0007185510171603223
0.0009013682408192276
0.001040451716569095
0.001083319882224694
0.0009998815444735693
0.0007975160914618767
0.0005251610033212106
0.0002626047215150261
9.858159556149145e-05
0.0001025456205454264
0.0003001470019749386
0.0006607523559969144
0.001102176676688879
0.00151270348404492
0.001784670676764523
0.001848636730049411
0.001698097696605013
0.001395198349365086
0.001054669867382647
0.000810493203652671
0.0007740250404852519
0.0009979096390975186
0.00145634375542704
0.002049791941476291
0.002631873717743191
0.003052383039296353
0.003201472263609398
0.003042293830910312
0.00262112750888138
0.002051953993718563
0.001481071046722428
0.001042250301824981
0.0008178334093637112
0.0008180299121171492
0.0009841706590804397
0.001214465956667909
0.001402436103009534
0.001474291383619955
0.001412351947543005
0.001256279272656143
0.00108253990644164
0.0009701372568818251
0.000965874127563212
0.001062893913151205
0.00120133371586937
0.001291800176982651
0.001253845306434911
0.001054554138871603
0.0007326495956603907
0.0003960359984867891
0.0001919665931641531
0.0002569298747662551
0.0006633740230140646
0.001382229755292975
0.002276801407198057
0.003133399006295497
0.003722693023815254
0.003873133673222462
0.003533780906909758
0.002803669006013255
0.00191544701901244
0.001173992029071581
0.0008678576840175719
0.001177289049996256
0.002110105880243688
0.003486523979743297
0.004979179477727624
0.006202724297663127
0.006822037435528264
0.006654219974897633
0.005724999276248291
0.004268476400204083
0.002662279731136308
0.001323221214732517
0.0005861523533901831
0.0006099681611027016
0.001333289095624663
0.002496202623686449
0.003720439285883632
0.004622398954052219
0.004926224471869336
0.004541547772745081
0.003583174230307113
0.002328472012141528
0.001128280098906169
0.0002985231083739678
2.989262337928673e-05
0.000340727470520545
0.001088276828215931
0.002030514245259421
0.002917336391083495
0.00357626468274504
0.003965732926184492
0.004175126030729265
0.004374405078495296
0.004730127354501515
0.005321426554182873
0.006086280454799056
0.006823890839541056
0.007254814101269416
0.007124532999749997
0.00631481016298758
0.004924638730563264
0.003285054994336527
0.001896992618720902
0.001298285427616378
0.001898963032759999
0.003831427479714883
0.006865849076938493
0.0104259288243278
0.01371235262230289
0.01590239520481586
0.01638374362658343
0.01494517340660659
0.01187267107937958
0.007911834430859764
0.004093951133454991
0.001472439410744634
0.0008300682357674518
0.00244509366090437
0.005983491911914575
0.01055942529092061
0.01495165518079241
0.01793476424014154
0.01862764343191822
0.01677187889523435
0.01285181651736482
0.008011526358917796
0.003784873761447636
0.001691745002952774
0.002809162870895602
0.007432811125352001
0.01492634989534532
0.02380942803088433
0.03208849533098605
0.0377386764084097
0.03924500541213813
0.03603967318544929
0.02873306663922627
0.01905131687861101
0.009492240579200895
0.002750361340339729
0.001067342099258617
0.005640872264788715
0.0162622627797824
0.03127941998287929
0.04790203676667726
0.0628061036767075
0.07290342037627487
0.07607584973780726
0.07173220454569529
0.06101270750392397
0.04659326278519008
0.03212829506439648
0.02142261725488273
0.01755857314735309
0.02214500252547114
0.03489825236556363
0.05364672277144673
0.07479721254325365
0.09412342881335525
0.1077657542894473
0.1131428769572038
0.1096160926564987
0.09870008052827314
0.08376725861010779
0.06930132209005092
0.05984535454145948
0.05888386114532489
0.06794010861521664
0.08609527079878104
0.1100757422667402
0.134947206141763
0.155243648530118
0.1663525061644996
0.1657856642275883
0.1540704509837175
0.1349722831982949
0.1149634073302439
0.1019360066279464
0.1034307627448171
0.1246775282839762
0.1669111031783558
0.2263998577907554
0.2944355567624978
0.3585815996100644
0.4049309212163277
0.4212413297740595
0.4003547678507197
0.3432953540363403
0.2614066416075717
0.177044810551994
0.1223369556296006
0.1361482796144228
0.2593207073545777
0.5288614692276803
0.9717501671911417
1.599642976509795
2.404467023588759
3.357180670170357
4.407968413614718
5.490701057893219
6.528109354984081
7.440560561983963
8.153832232206614
8.607886049800079
8.763762117924371
