# RCS in m**2 for a L=5 cm PVC cube at 0.0 degree aspect angle
# frequency = 87.75 GHz, 
# theta = linspace(0, 6.2832, 1441)
# phi = linspace(0, 0, 1  1)
12.41464464134167
12.20221907943145
11.58215375269431
10.6042797401488
9.345696643588591
7.902685288502298
6.380733290077442
4.88398728280026
3.505256185928143
2.31780895128047
1.369779396648566
0.6817180139005885
0.2474107456740509
0.03763467911251328
0.006197206770409509
0.09735755108099942
0.2535676333763304
0.4225560641236739
0.5628912740361931
0.6474491932270784
0.6645518145738442
0.6168416213964067
0.5183255639852792
0.3901839959344948
0.2561089158900517
0.1379098215480322
0.05201557638495984
0.007317128793838609
0.004535011743099236
0.03704032540696819
0.09283879541282661
0.1572597507570122
0.2158246872832435
0.2567856602829878
0.2729314913278739
0.2624126801228099
0.228534148494001
0.1786482550803603
0.1224234924058493
0.06985277765533139
0.02938700393912835
0.006516059786371944
0.003019424772320451
0.01696628718087158
0.04340188684285973
0.07553431349924786
0.1061601013802781
0.1290427317143197
0.1399868174199234
0.1374369068565698
0.1225218824957178
0.09859010812494862
0.07036419658496526
0.04291318370260019
0.0206553284733259
0.006582276883340264
0.001833190918915044
0.005672669151151413
0.01583334854271854
0.02912364557627433
0.04215122353451445
0.05200839861574886
0.05678360704735702
0.05581484218573472
0.04966386159903326
0.03984507789756968
0.0283928786272355
0.01738225207531895
0.008499422970092043
0.002754092116559541
0.0003751102842210324
0.0008846829642187821
0.003314741327774708
0.006496575738194779
0.009348018639003136
0.01109606062558881
0.01139128713283772
0.01030679984048511
0.008238035721160454
0.005746337036271722
0.003390820965817936
0.00159533405247187
0.0005762328132112803
0.0003399068034148783
0.0007364271114642647
0.00154380142877577
0.002551556960965617
0.003617940143299826
0.004685561202387454
0.005758162558478669
0.00685219622724168
0.007945271923611941
0.00894498008704569
0.009690262908297158
0.009990730118811868
0.009690341751716078
0.008736230433000168
0.007228006856687503
0.005427499854562769
0.003720854073971093
0.002537149039487328
0.002243514603243011
0.003043236957994782
0.004906194420872838
0.007553283339765214
0.01050225501459554
0.01316707327147926
0.01498928968857901
0.01556597261624138
0.01474609505742284
0.01266765035413355
0.009726103367455998
0.006483181001842708
0.003536254565997895
0.001383287756026262
0.0003145135839097154
0.0003585858177034716
0.001293204255335882
0.002716016377170157
0.004155166506709479
0.005189921519199333
0.005550253572586985
0.005172366368923661
0.004197088237641707
0.002916868312805104
0.001687294447198824
0.0008292353469213653
0.0005470909734366936
0.0008839143040469326
0.001721862888457702
0.002824538215281858
0.003906207446404221
0.004707609085267465
0.005057527326443039
0.004904710007402162
0.004316052100459693
0.003444104360462767
0.002476875017387248
0.001586558799655765
0.0008906515233502154
0.0004358366965713068
0.000204282276556113
0.00013853004382269
0.000172302238851545
0.0002568123816652022
0.0003737947302747429
0.0005320478866869042
0.0007508932802501942
0.001038569365002708
0.001374704700362569
0.001705040383455885
0.001951757430366874
0.002036412470060314
0.001908432624297038
0.001569109871422253
0.001082346495002652
0.0005659017182248155
0.0001656147403489334
1.753882530534974e-05
0.0002094856893546054
0.0007530117742971523
0.001574727229293809
0.002530121902254476
0.003437065812048413
0.004119712511345967
0.004451713887270811
0.004385945424587669
0.003963679092561301
0.003301099578296343
0.002556635316200074
0.00188957556615172
0.001420498858268507
0.001204635748910037
0.001224256977552386
0.001401151775085018
0.001623960750094927
0.001782301437729259
0.001797138019701377
0.001639536472170535
0.001333754557047351
0.0009448948602497956
0.000555998568104007
0.0002431559835855081
5.47069474652489e-05
1.263147445815768e-06
5.783860151787811e-05
0.0001761746162312583
0.0003023193274073471
0.0003935335145098523
0.0004290546858152171
0.0004122105420841413
0.0003641204420698339
0.0003120865114678943
0.00027740762297125
0.0002670372562659747
0.0002719369032676694
0.0002725811984523105
0.0002490981020567601
0.0001922984650083414
0.000111349605772226
3.470775203687246e-05
3.877131971351087e-06
6.12977475784686e-05
0.0002362208331722987
0.0005330417184100912
0.0009260374574715409
0.001362544738472595
0.001774092848203114
0.002092704803029628
0.002267632438974028
0.002278205744531816
0.002139048707203613
0.001895980199526078
0.001614196326277627
0.001361868806328315
0.00119325787061891
0.001136509325679309
0.001188362186407644
0.00131725685768275
0.001473543673135857
0.001603212177348248
0.00166186716344379
0.00162500310204232
0.001491969076852212
0.001284037062386354
0.001036453311336671
0.0007883426166501603
0.000572810833542566
0.0004100388303169347
0.0003047535512051617
0.0002483063343871161
0.0002240496326728178
0.0002138241599841879
0.0002037451880070912
0.0001874106452377711
0.0001659830051618691
0.000145601644486134
0.0001333697101107072
0.0001334541588934152
0.0001447566561564526
0.0001608872878911335
0.0001723769620034566
0.0001703054837820187
0.0001499679915258477
0.0001133411500336398
6.934355039614587e-05
3.178409680022404e-05
1.548448975747473e-05
3.167048000416944e-05
8.420580549713733e-05
0.0001676030775916394
0.0002676986570309528
0.0003647445772296818
0.0004382003794350746
0.0004720762848632324
0.0004590400447977481
0.0004026914175271006
0.0003168887622364329
0.0002227103057909567
0.0001434650760563066
9.930710879785167e-05
0.0001025816832482261
0.0001551068607977724
0.0002480072145601382
0.0003639751775430638
0.0004814201762938935
0.000579380379400213
0.0006421015450288854
0.0006621161409302255
0.0006413067134079154
0.0005899086771664513
0.0005235638641030617
0.0004595733229488542
0.0004130380627821433
0.0003937760897634747
0.00040470149640086
0.0004418724731126374
0.0004959670906582305
0.0005547830736653715
0.0006061088474019989
0.0006401951195182226
0.0006514907593206485
0.0006392351462740441
0.0006069807627084146
0.000561281527053643
0.0005099366585392113
0.0004602789947904204
0.0004177549563205276
0.0003852041379653558
0.000362774064842017
0.000348387634484097
0.0003387085044786155
0.0003300434912517924
0.0003192854224006673
0.0003044637162113749
0.0002850073806116737
0.000261626950303354
0.0002359144042897947
0.0002098964010958021
0.0001855642613980655
0.000164484501695499
0.0001476274513999232
0.0001352810820496289
0.0001272213189166609
0.0001227895063159868
0.0001211293948921382
0.0001213269628526727
0.0001225206088364237
0.0001239368573794728
0.0001250010739111634
0.0001252557440634294
0.0001244647026422098
0.0001226358360053196
0.0001200405155906279
0.000117222598803954
0.000114993886962725
0.0001142873670589625
0.0001160938328960069
0.0001211960756645853
0.00013002926754745
0.0001425430205595411
0.0001580840078818399
0.0001754891924597033
0.0001931763471249067
0.0002094213416728106
0.0002226064085540615
0.0002315746486910373
0.0002358126144629176
0.0002355934244669314
0.0002319605266133142
0.0002265350155029667
0.0002212676307666001
0.0002180647515557071
0.0002184045335620047
0.0002230848942133848
0.0002320252670003753
0.0002443034210622549
0.0002582840825144058
0.0002719627712386455
0.0002833416250304469
0.0002908285178495117
0.0002935425917738229
0.000291509612877643
0.0002856583303866961
0.0002776066524872166
0.0002693494088417785
0.0002628334347094074
0.0002595191594010638
0.0002600829965775965
0.00026424111032403
0.0002707899642333083
0.0002778771733854607
0.0002834047322278752
0.0002855022726827323
0.0002830076879526568
0.0002757770464173801
0.0002648062719684478
0.0002520881486366519
0.0002402427897819771
0.0002319344932898916
0.0002292825104883437
0.0002332986593909437
0.0002435342976566173
0.0002580047767894822
0.0002735123461613111
0.0002861779157073793
0.0002922823053525889
0.0002890790708671702
0.0002755265603088898
0.0002527079785221929
0.0002238386259377939
0.0001938242755138428
0.000168382842311411
0.0001529226401184382
0.0001513682788842495
0.0001651800368234275
0.0001927927614727034
0.0002296508803631584
0.0002688653734221549
0.0003024257358268683
0.0003227474481583063
0.0003243004959816582
0.0003049064504748675
0.0002665061242149393
0.0002150773468830705
0.0001597573179797151
0.0001112003920181636
7.952284180228206e-05
7.216436361129294e-05
9.219198493145048e-05
0.0001373514875615318
0.0002001717038834569
0.0002691677904735928
0.0003309246784815977
0.0003727491240113944
0.0003853154513800871
0.0003647580246864476
0.0003137726980196452
0.0002413501942109781
0.0001612665513315989
8.93895743472915e-05
4.055290023717388e-05
2.538433573290879e-05
4.796789526498685e-05
0.0001047691123282945
0.0001851383887212547
0.0002733170889033027
0.0003516022205432321
0.0004040220173414572
0.0004196875790004899
0.0003951756928814083
0.0003353059540944037
0.0002521849514080821
0.0001626468209407648
8.468158091136404e-05
3.355835924485617e-05
1.857640105792232e-05
4.115083413879165e-05
9.464276595956392e-05
0.0001660103150833377
0.0002388541438162359
0.0002971840496473603
0.0003289811820992348
0.0003287370415871595
0.0002984352365442028
0.0002466546608154286
0.0001861624343582332
0.0001306135988149077
9.110882746936092e-05
7.362309193972716e-05
7.789167288797905e-05
9.795444962116502e-05
0.00012428623879453
0.000146790173222636
0.0001578965897753858
0.0001548078352898121
0.0001402980561724371
0.0001217785436120316
0.000108896579435549
0.0001103427350640505
0.0001307848602503502
0.0001688915941905116
0.0002170786654522807
0.0002631634432943243
0.0002936518331913419
0.0002975858784522834
0.0002702102816068507
0.0002149811444452962
0.0001435036960003727
7.312880709140145e-05
2.268957659872967e-05
7.554625945208977e-06
3.519134015303736e-05
0.0001026032152039125
0.0001964284190290486
0.0002958069798144203
0.0003774421934646385
0.0004214851626113825
0.0004168035721853314
0.0003640487174536629
0.0002757418275124598
0.000173111772564504
8.060688147529503e-05
1.945792695215584e-05
2.025961919420663e-06
2.859252275272673e-05
8.745359670154891e-05
0.0001583909431313574
0.0002185511237344057
0.0002490975267105848
0.0002407279082349811
0.0001964238272080617
0.0001306309818384567
6.495751337487052e-05
2.171503403507987e-05
1.707237229111592e-05
5.591103628020548e-05
0.0001299543427403235
0.0002197946461620519
0.0003003455728658697
0.0003481756000218729
0.0003486120743109796
0.0003003727571291623
0.0002164452610378245
0.0001206599638220387
4.105619756943058e-05
1.713510602937807e-06
1.565488185700291e-05
8.083303026980029e-05
0.0001804814671091498
0.0002878386162162053
0.0003738509963762349
0.0004156131587069657
0.0004030354790850036
0.0003416907678889838
0.0002509152526914793
0.0001578356676930696
8.895182733293116e-05
6.203052179161594e-05
8.069927421350856e-05
0.0001335514209911715
0.0001980524367154925
0.0002480414430666201
0.0002625850346418248
0.0002332642703452527
0.000167614846104047
8.742827980007351e-05
2.231310513991898e-05
4.505762858435931e-07
3.928883284736205e-05
0.0001392000139169031
0.0002821803252687058
0.0004360870309598474
0.0005634413971311714
0.000632026864982012
0.0006242485202857621
0.000542289101957988
0.0004074317669733666
0.0002538103550870438
0.0001183109122178865
2.988161178546857e-05
1.420874556554625e-06
2.684332684622545e-05
8.414166142122583e-05
0.0001434802099341653
0.0001776783065460371
0.0001716842846026039
0.0001279418990853044
6.585004624657459e-05
1.535403598524887e-05
6.72878199058695e-06
5.976205443474088e-05
0.0001759338728021486
0.0003362354573095087
0.0005055457199069746
0.0006423665786882671
0.0007110517198321681
0.0006926434479577855
0.0005910329243708735
0.0004321972501823808
0.0002568170110903661
0.0001083138526566115
2.011074215355706e-05
5.949751441470321e-06
5.641413466429511e-05
0.0001427399373129133
0.0002267452804686701
0.0002737737051842062
0.0002645612630389591
0.0002021114143888093
0.0001113827578685198
3.166427419217081e-05
3.97183284959715e-06
5.732283543886212e-05
0.0001982373102601593
0.0004069012141357351
0.0006412571800260208
0.0008481768921982225
0.0009781903983444417
0.0009995574349972534
0.0009073016692398055
0.0007245147101029774
0.0004955610423144704
0.0002731931532776823
0.0001035871684209727
1.381454698911133e-05
5.56926201452295e-06
5.686911296139316e-05
0.0001311582611869913
0.0001906745776031631
0.0002098146370632116
0.0001841176987812818
0.0001319249593538143
8.813464915677408e-05
9.195322748033878e-05
0.0001725692107680962
0.000337337301848469
0.0005665616590936061
0.0008167222088027394
0.001031631287909307
0.001158274384465536
0.001162768399092968
0.00104143768873548
0.0008236283536109438
0.0005648228577171823
0.0003321889858861927
0.0001861503664225142
0.0001636515058264216
0.0002676812305803955
0.0004664240201224333
0.0007021548608287721
0.0009075618400589071
0.001024696463556634
0.001021177793017314
0.0008988888978347708
0.0006928230414111297
0.0004602887716308035
0.0002638117358828934
0.0001527100665332092
0.0001488017347270784
0.0002404350894796969
0.0003866361053241084
0.0005301632328064517
0.0006156277668863128
0.0006073171508958657
0.0005013756391054725
0.0003285937995534396
0.0001467014383462112
2.421655004725839e-05
2.027761244019757e-05
0.0001661880161394274
0.0004540680478242996
0.0008360744701320976
0.001234767927910807
0.001561993584157264
0.001741582643825776
0.001729456659459354
0.001525888030671513
0.001176455288667474
0.0007612484261698662
0.0003751820496564866
0.0001044389865802755
5.362506201866908e-06
9.117109885589298e-05
0.0003299908401086063
0.0006545398588124389
0.0009807184628620655
0.00122999175574241
0.001349570538701472
0.001324922121048466
0.001181542049283218
0.0009755283309912135
0.000775922515267378
0.0006438543215145384
0.0006142199989259435
0.0006855284216915315
0.0008204914293324466
0.0009576443129641755
0.001030801517066499
0.0009909332452420604
0.0008243121363575228
0.0005614111872937779
0.000273459815420464
5.678829323956985e-05
8.213944865093521e-06
0.0001977951137579697
0.0006458423952308158
0.001310730670119204
0.002091585802031273
0.002846362627948648
0.003422260873923571
0.003691355341592249
0.003584175755357403
0.003112081786277501
0.002372784119165911
0.001536474441665728
0.0008143052650102674
0.0004151818358525147
0.0004998265054357235
0.001141902889227928
0.002305218984408532
0.003842718521515028
0.005518223613227385
0.007048643231953783
0.008157287472655901
0.008629213101867905
0.008356716997891155
0.007366127639408221
0.005819531206317265
0.00399066485808056
0.002218884964801155
0.0008491839331818793
0.0001698536626248902
0.0003581729895579629
0.001445719223501816
0.003308567570942624
0.005684845167493114
0.008216665415392716
0.01050892378193146
0.01219517609716698
0.01299905988974044
0.01278106500427429
0.01156368473698275
0.009530116807585602
0.006998160780534151
0.004373330251532651
0.002088841427060446
0.0005418792015561734
3.524936678220163e-05
0.0007326369552834678
0.002633221173218289
0.005567722510656369
0.009217356732729687
0.0131507540571148
0.01687569566390618
0.01989915276801554
0.02178976153622059
0.02223658581468037
0.02109939758306086
0.01844592005534899
0.01457262956879641
0.0100079146313724
0.005492626041143997
0.001942059747954648
0.0003866387476221897
0.001894959032087311
0.007482960772659678
0.01801526357420706
0.03410626210932455
0.05603119789201125
0.08365710754344328
0.1163951016924737
0.1532036999758604
0.1926190410513621
0.2328332481806897
0.2718101074983351
0.3074292856758679
0.3376489863574734
0.3606688811350831
0.3750811696426174
0.3799875317886829
0.3750808239990616
0.3606692041230197
0.3376493022075013
0.3074297079106626
0.2718106082546897
0.2328338077078566
0.1926195492900571
0.153204252188418
0.1163937212062448
0.08365594299669606
0.05603155563657732
0.03410654853070025
0.01801547178173109
0.007483066275459245
0.001895009555857057
0.0003866357088593047
0.001942025375927959
0.005492564165265424
0.0100080930994787
0.01457279942890053
0.01844586969070655
0.02109935752717767
0.02223658569723194
0.02178979016047747
0.01989920544584205
0.01687570388680396
0.0131508146535428
0.009217195122237752
0.005567600965150334
0.002633119414400137
0.0007326539734639675
3.525046410817462e-05
0.000541865447945123
0.00208881439193717
0.004373292514461234
0.006998116668548943
0.009530069973358424
0.01156376022225181
0.01278108749754384
0.01299905559464596
0.01219520673214136
0.01050895963035763
0.00821668891227202
0.005684888421267229
0.003308602176182682
0.001445746201822154
0.0003581494981841041
0.000169864846034191
0.0008492283254389948
0.002218856870564005
0.00399063164649393
0.005819472197888105
0.007366105336097922
0.008356706029124051
0.00862921492061698
0.0081573046788388
0.007048575292935074
0.005518158347205484
0.003842644034335142
0.002305245738873654
0.001141915135350215
0.0004998316573852561
0.0004151800439370587
0.0008142948052657035
0.001536482074934909
0.002372768342069956
0.003112103371842834
0.00358418997176077
0.003691356368561773
0.003422262761891085
0.002846374432833317
0.002091601686006515
0.001310749853586276
0.000645850440811076
0.0001977992225015018
8.211548914639018e-06
5.679445443046551e-05
0.0002734701119340769
0.0005614041008809035
0.0008243035544573652
0.000990927974279401
0.001030805439234328
0.0009576521372949908
0.0008204891118926885
0.0006855272728315298
0.0006142226932777112
0.0006438549261283466
0.0007759373938461561
0.000975519067269969
0.001181543088941214
0.001324923214631405
0.001349573311288705
0.001229999478393425
0.0009807209293627929
0.0006545423863494906
0.0003299808736899923
9.116463007998273e-05
5.362539813972809e-06
0.0001044377498793111
0.0003751761211739716
0.0007612414453262085
0.001176446757604347
0.001525882789528951
0.001729453050402122
0.001741573689549282
0.001561983673564413
0.001234754204644318
0.0008360810156054397
0.0004540717929353131
0.0001661900765120249
2.027839898163548e-05
2.421553205323301e-05
0.0001466973889332074
0.0003285914518754939
0.0005013829211024269
0.0006073192980299937
0.0006156274857473741
0.0005301658022009779
0.0003866390047510005
0.0002404363741244017
0.0001488032485945705
0.000152709587475355
0.0002638063019406618
0.0004602845953421424
0.0006928329214710478
0.0008988918209463782
0.001021172366538107
0.001024698859091927
0.0009075634472636746
0.0007021606973683175
0.0004664269031720903
0.0002676858213189819
0.000163651379803037
0.0001861592674580845
0.0003321960957571607
0.0005648326210297503
0.0008236229779548264
0.001041436775280192
0.001162758246404869
0.001158274595357393
0.001031632555119062
0.0008167281648795872
0.0005665672436508394
0.0003373248021763001
0.000172564281861022
9.195494606861354e-05
8.813366810829581e-05
0.0001319245533517265
0.000184117392325238
0.0002098147254686674
0.0001906746112029261
0.0001311595355666836
5.687125343407349e-05
5.568347748886509e-06
1.381579772081703e-05
0.0001035843092119536
0.0002731901572620434
0.0004955608595190176
0.0007245126315348093
0.000907300399505458
0.0009995614165754533
0.0009781905160082577
0.0008481680271022768
0.0006412478748563222
0.0004068948515051127
0.000198240143048667
5.732488739738826e-05
3.971807099091072e-06
3.166288891552924e-05
0.0001113808728434238
0.0002021114689371405
0.0002645610852532185
0.0002737753914292191
0.0002267414543856258
0.0001427405442221692
5.641655875488211e-05
5.949874087319394e-06
2.0109792947852e-05
0.0001083114393357225
0.0002568123414210719
0.0004321966614054614
0.0005910304139558151
0.0006926434366823221
0.0007110462838119097
0.0006423666579414317
0.0005055444153277435
0.0003362348753794024
0.000175935116151274
5.97620671389405e-05
6.72915385460873e-06
1.535484751613932e-05
6.585101865459096e-05
0.0001279441628439678
0.0001716850273141623
0.000177679429856408
0.0001434814166068577
8.414119644742372e-05
2.684094616740537e-05
1.420845536618013e-06
2.988394991499671e-05
0.0001183092168183978
0.0002538117192375132
0.0004074283515059385
0.0005422889145973709
0.0006242419106930913
0.0006320262190163272
0.0005634302665676363
0.0004360908014530707
0.000282169920889696
0.0001392012349018636
3.928448015597508e-05
4.506764585165776e-07
2.231507547852381e-05
8.742426967406847e-05
0.0001676149779044396
0.0002332663860446287
0.0002625863451815156
0.0002480417771262453
0.0001980553359395279
0.0001335545970203323
8.070005694463515e-05
6.203100487737891e-05
8.894987193841966e-05
0.0001578349236757342
0.0002509083277910888
0.0003416893143799064
0.000403038458231699
0.0004156126070972195
0.0003738494443016811
0.0002878459597464358
0.0001804820238723922
8.083551263205189e-05
1.565567087644151e-05
1.712487690741149e-06
4.10558974246607e-05
0.0001206634904642015
0.0002164396940099921
0.0003003780086577683
0.000348609010473244
0.0003481773073287281
0.0003003424833673603
0.0002197899304251704
0.0001299587158817135
5.591146589843266e-05
1.707058466035463e-05
2.17151462002693e-05
6.496063229697724e-05
0.0001306304379786813
0.0001964265320877964
0.0002407268378841554
0.0002490941454712459
0.0002185533773769561
0.0001583928987469728
8.745960310069348e-05
2.859320250485918e-05
2.026000761086027e-06
1.945671442316003e-05
8.061037449183011e-05
0.0001731069797389433
0.0002757492894381956
0.0003640492850827424
0.0004167998526167841
0.0004214883936395392
0.0003774362751720768
0.000295805733317006
0.000196428741858079
0.0001026021077219621
3.519299039073372e-05
7.554762117503768e-06
2.268691908118411e-05
7.312882661448871e-05
0.0001435011154504381
0.0002149823945892875
0.0002702128694919353
0.000297587231115126
0.0002936558055449379
0.0002631677970455631
0.0002170772499619566
0.0001688929449482193
0.0001307868133127638
0.0001103448426680729
0.0001088987590134141
0.0001217752427744188
0.0001402970480104924
0.0001548070046594612
0.0001578958107861776
0.0001467903692469529
0.0001242850177215875
9.795443500562858e-05
7.789107906707662e-05
7.36214512290895e-05
9.110284447984747e-05
0.0001306152765937654
0.0001861674431849376
0.0002466499905065951
0.0002984362573694499
0.0003287412357891298
0.0003289773706007574
0.0002971855737761046
0.0002388519688020272
0.0001660154364916058
9.46445249704929e-05
4.115089326194167e-05
1.8577208328931e-05
3.3559335921114e-05
8.468294705747891e-05
0.0001626538552999602
0.0002521806247399345
0.0003353097118751895
0.0003951749918101427
0.0004196864024437798
0.0004040222810309389
0.00035160472722838
0.0002733087502783463
0.0001851398966395322
0.0001047684461262005
4.796943905306245e-05
2.538373018276861e-05
4.055157990621729e-05
8.939176467125282e-05
0.0001612539613490892
0.0002413548788720614
0.0003137758662425152
0.0003647608253516681
0.0003853161158147097
0.0003727511076926112
0.0003309226699820317
0.0002691707788945428
0.0002001726428480101
0.0001373543916921698
9.219171237186356e-05
7.216383613641212e-05
7.952289249577099e-05
0.00011120196367174
0.0001597574931455465
0.0002150782465480943
0.0002665030160262424
0.0003049066506841608
0.0003242973995941239
0.0003227475135632812
0.0003024276185861293
0.0002688679196236857
0.000229649744226356
0.0001927946155965109
0.0001651792635289714
0.0001513720547593606
0.000152923254007089
0.0001683815992916178
0.0001938250155164978
0.0002238360754168378
0.0002527071226115973
0.0002755270790785781
0.0002890790523432147
0.0002922845174645022
0.0002861784718381606
0.0002735081562647644
0.0002580064148285414
0.0002435320285529377
0.0002333038413834922
0.0002292852193284021
0.0002319363646242783
0.0002402449246810406
0.0002520885599739797
0.0002648067272772213
0.000275775438541988
0.000283006094251186
0.000285502499878738
0.0002834038184438628
0.000277875744599923
0.0002707877550277503
0.0002642401339002347
0.0002600864327667588
0.0002595210062806557
0.00026283183055591
0.0002693513196545754
0.0002776068522061581
0.0002856583915408577
0.0002915112379027507
0.0002935418817006458
0.0002908286723311205
0.0002833418281474153
0.0002719598983227469
0.0002582848929754305
0.0002443008890005668
0.000232027542010608
0.0002230933702396296
0.0002184040418892023
0.000218063159380862
0.0002212688742210706
0.0002265342331875199
0.0002319602909024528
0.0002355967610890605
0.0002358131491355847
0.0002315741634209439
0.0002226069076597915
0.0002094190485658866
0.0001931785093077066
0.0001754896914836208
0.0001580861394328598
0.0001425395221534541
0.0001300326097117397
0.0001211984794960608
0.0001160969753843829
0.0001142925441905757
0.0001149923141167283
0.0001172215110539042
0.0001200376860203002
0.0001226351547676342
0.0001244652938960701
0.0001252521403806029
0.0001250010743770445
0.0001239444553204821
0.0001225158197937909
0.0001213272651609055
0.0001211300772309184
0.000122791155220907
0.0001272271819170994
0.0001352856525025032
0.0001476282176627523
0.000164486069602737
0.0001855619624042691
0.000209894199961509
0.0002359170671252906
0.0002616258874175568
0.0002850129727881351
0.0003044636705034188
0.0003192766617115614
0.0003300456035753884
0.0003387050191915737
0.0003483851599350881
0.0003627745803064432
0.0003851960683791877
0.0004177510077256267
0.000460273658579919
0.0005099327527726761
0.0005612727659308037
0.0006069800097353883
0.0006392382980288859
0.0006514984567269433
0.0006401947553897175
0.0006061169783096394
0.0005547892672771587
0.0004959642192519034
0.0004418774377699872
0.0004047037528881681
0.0003937741181854087
0.0004130381562659498
0.0004595697198594242
0.0005235493603258686
0.0005899154007819704
0.0006413092671835128
0.0006621225501882243
0.0006421092993348792
0.0005793833464522242
0.0004814213332850885
0.0003639678366911279
0.0002480026989251528
0.0001551111039180716
0.0001025801024646855
9.930614652686813e-05
0.0001434653468088478
0.0002227055427728858
0.0003168920007847557
0.0004026809621768606
0.0004590422238121618
0.0004720690913680661
0.0004382032102991294
0.0003647294558597319
0.0002676994769357506
0.0001676052734527652
8.420662444372356e-05
3.167207214662782e-05
1.548369806178911e-05
3.178892917149449e-05
6.933920815503201e-05
0.0001133413474143276
0.0001499695289208407
0.0001703059545009479
0.0001723798109931675
0.0001608892709313786
0.0001447563466456448
0.0001334563867351896
0.000133368434882128
0.0001455988690058747
0.0001659830570191616
0.0001874153620011468
0.0002037476089369558
0.0002138221977882213
0.0002240480907371319
0.0002483076448541348
0.0003047531450166813
0.0004100498968159942
0.0005727968429384531
0.0007883393754822238
0.001036432023458869
0.00128403671038771
0.001491990244558339
0.001624956347117553
0.001661877157741588
0.001603177997355995
0.001473553581275294
0.001317247297967099
0.001188341191985245
0.001136513189387304
0.00119325784628928
0.00136188082323718
0.001614202589626372
0.001895989827859084
0.002139069492599364
0.002278218239481086
0.002267609843179253
0.00209270457737393
0.001774112421042829
0.001362544604333771
0.0009260271681331451
0.0005330418337509906
0.0002362092647282833
6.129998015097899e-05
3.876803876832025e-06
3.470512801330314e-05
0.0001113527079030334
0.0001923071402694678
0.0002490989748954526
0.0002725819251217671
0.0002719369026623424
0.0002670338182366465
0.0002774045370639424
0.0003120883825928304
0.0003641155680378784
0.0004122067995117933
0.0004290553268775015
0.0003935256184870892
0.00030230708132697
0.0001761745368074892
5.784331155113777e-05
1.263517765102387e-06
5.471277154804004e-05
0.0002431578733788476
0.0005560179641362574
0.0009448735025352807
0.001333777993023179
0.001639527651782427
0.001797138377019783
0.001782296645328534
0.00162396133717336
0.001401133113789177
0.001224268316043111
0.00120463974206196
0.001420495373726926
0.001889592204770244
0.002556600264548201
0.003301095536267627
0.003963633385035102
0.004385945011067102
0.004451727819511467
0.004119742125104673
0.00343699437277937
0.002530157712353947
0.00157471073742349
0.0007530363535470907
0.000209475375307425
1.754023078750538e-05
0.0001656147212188101
0.0005659281781149674
0.001082326473009173
0.001569152290598528
0.001908431635263158
0.002036391880431372
0.001951752058057174
0.001705029624641735
0.001374719776389178
0.001038569590716141
0.0007508867368579662
0.0005320479767172582
0.0003737918920347323
0.0002568178428126646
0.0001722920508239593
0.000138529510463828
0.0002042833513740263
0.0004358207123229582
0.0008907197694391752
0.001586523546110081
0.002476875135164366
0.003444118126350944
0.004316015664974806
0.004904706678334146
0.005057523368210794
0.004707632724890925
0.003906264754231354
0.002824515918690664
0.001721919147754815
0.0008839144528245224
0.0005471027294165466
0.0008292369539837221
0.001687348925719094
0.00291682715916879
0.004197115976998255
0.005172338537991323
0.00555027656591469
0.005189901324329563
0.004155165405037596
0.002715948658485269
0.001293204408068065
0.0003585606662867237
0.0003145020808483346
0.001383352984419598
0.003536268054448715
0.006483292054004215
0.009725947648041544
0.0126676366675299
0.01474599613318256
0.01556597595869201
0.01498921203440787
0.01316716042078967
0.01050204421656612
0.007553359892858342
0.004906168974378779
0.003043258966463137
0.002243526925636264
0.002537104881546931
0.003720852511587843
0.005427600129571792
0.007227943252517026
0.008736271171152804
0.009690327100035378
0.009990700467422068
0.009690261599277284
0.008944955756208205
0.007945372551328215
0.00685215725171708
0.005758088687676188
0.004685592067773857
0.003617907422008121
0.002551590640769071
0.001543729464614996
0.0007364306234683649
0.0003399062910246316
0.0005762101164805437
0.00159532739567646
0.003390727654388822
0.005746335211501431
0.008238135930098534
0.01030666068588107
0.01139134460587894
0.01109607466943589
0.009347955749509348
0.006496632172506353
0.003314699658198427
0.0008846993054135405
0.0003751103820190908
0.002754281185917582
0.008499239392614761
0.01738259863566729
0.02839246282247645
0.03984496219657016
0.0496637498215783
0.05581505511500309
0.05678368483854067
0.05200840004077047
0.04215060890872181
0.02912380554794497
0.01583281435553325
0.005672799310208651
0.001833170516561889
0.006581891489974624
0.02065570971839624
0.04291232764319231
0.0703642094060984
0.09858858085397225
0.1225217506100678
0.1374374579129769
0.1399867049780772
0.1290423175352282
0.1061609442083922
0.0755334795332426
0.04340302920537559
0.01696597984211062
0.003019707922164582
0.00651605898272823
0.02938830518128904
0.06985233955906908
0.1224253056778582
0.1786470646861258
0.2285353070747076
0.2624120664827433
0.2729314480217715
0.2567869795197067
0.2158243090560004
0.1572565542089783
0.09283927245446784
0.03703847140289963
0.004535303320068919
0.007317757614920149
0.05201366986238796
0.1379117279285537
0.2561030187554315
0.3901843884450737
0.5183193921426259
0.6168413003714672
0.6645521311356193
0.6474501666906805
0.5628870240468644
0.422560406048986
0.253564191045805
0.09736243027952267
0.006196827801688686
0.03762882951458855
0.2474105369641181
0.6817445457888823
1.369768164690797
2.317848542354754
3.505225706078992
4.884023937265491
6.380680117356585
7.902707320922814
9.345632354432787
10.60428385039053
11.58219623545837
12.20221474460556
12.41464471337208
