# RCS in m**2 for a L=5 cm PVC cube at 22.5 degree aspect angle
# frequency = 89.75 GHz, 
# theta = linspace(0, 6.2832, 1441)
# phi = linspace(0, 0, 1  1)
18.1281732833664
17.79566970669196
16.72740415700756
15.03187928095594
12.87880769570902
10.4754596726894
8.038284843113155
5.764502201751457
3.808278623417993
2.265230418292091
1.167000370156251
0.4863035054049136
0.1505268295804195
0.06079887316735606
0.1124982812553616
0.2134210514868582
0.2965563414599184
0.32583764084338
0.2947759096807748
0.2193945882359385
0.1278245178248512
0.04939457607873457
0.00571107064559457
0.005498532381119015
0.04380901924978177
0.1051210190002338
0.1689462733810341
0.2161210499799864
0.2340160554016131
0.219390389832174
0.1783592561781259
0.1238123975539754
0.07121407737062098
0.03410254239243149
0.02054135652651257
0.03140473511505037
0.06079767214303802
0.09829790757024599
0.1322334755986935
0.1529987512620352
0.1554774927782866
0.1399872473546543
0.1116103374326214
0.07826087244282266
0.04814812677612196
0.02742863781077678
0.01869749117500529
0.02069034963588671
0.02916254352349859
0.03858029777510283
0.0440421128322185
0.04282422266694562
0.03510431424458726
0.02370123491491326
0.01297405606768087
0.007279229937418994
0.009491224890489303
0.02004437288069878
0.03677311941998968
0.05556402533093766
0.07158401089808192
0.08069511484415563
0.08061173907755693
0.07147477431785142
0.05569319501137732
0.03714866709904477
0.02002337639597163
0.007632799139538681
0.001597728779005201
0.001583130082249764
0.005635387634740167
0.01097005864693611
0.01493574270426713
0.01584138960596592
0.01340368171009181
0.008701654718731994
0.003690896588561956
0.0004621923818221373
0.000500208565714611
0.004181888268427822
0.01066206276750796
0.01816497321990353
0.02456551345813751
0.02806414805388149
0.0277319094252222
0.02376239163186156
0.01736293568427664
0.01033951989194446
0.004520827266625846
0.001213084076751024
0.0008531595917273066
0.002959778512320849
0.006378047632813864
0.00972062831589867
0.01185242570480597
0.01225665598956005
0.01117000579541498
0.009454276287403078
0.008257497332054321
0.008587755416115794
0.01094201473170347
0.01511217734263331
0.02022779724071022
0.02501525858097654
0.02818803274602649
0.02883721799159213
0.02670310157232953
0.02224350879021684
0.01648638077778616
0.0107171289418341
0.00610560618533272
0.003386562510754059
0.002689975829296072
0.003562068856221283
0.005161755428503025
0.006559667075559338
0.007041845367419314
0.006322633730000684
0.0046066682038771
0.002488506742269019
0.0007325312853219054
7.499145855973744e-06
0.0006641689479195289
0.00262292079809275
0.005402347291448574
0.008273538154838722
0.01048542958711755
0.01148899137059595
0.01109041708789358
0.009490186692466707
0.007201708176468412
0.004881111510392258
0.003126336107612457
0.002305929110527614
0.002470608633076151
0.0033672236479296
0.004545055730002204
0.005514741050077869
0.005907453861394038
0.00558476839371835
0.004668337522299227
0.003484840092176216
0.002448885271024714
0.001924644592274913
0.002109987889072768
0.002979833655097805
0.004302307819068559
0.005719504456566539
0.006864784097988127
0.00747739743038841
0.007480097741866578
0.00699592348367345
0.006301568568090198
0.005734565265124393
0.005583962324966341
0.005998453416368802
0.006939417035056011
0.008191000404684559
0.009423748465316153
0.01028925884388212
0.01051897724991875
0.00999797794281734
0.008792160809734616
0.007126022612967211
0.005317169327439715
0.003689557279362805
0.002490150415401075
0.00183258179981697
0.001681146626379593
0.001876782123712912
0.002194755887213819
0.002415417082359033
0.002387103611029662
0.002064105209798313
0.0015106703233891
0.0008728138439169323
0.0003280948440845628
2.971181118442507e-05
6.132474093360509e-05
0.0004148652757111019
0.0009964154644327326
0.001656807686011214
0.002236681195193788
0.002612618089572895
0.002730889913444507
0.002620392364399465
0.002381493230612521
0.002155837624768862
0.002085302291252822
0.002272586141253018
0.002753380567126702
0.003487198986587265
0.004368316488147573
0.005252970309681819
0.005994891068190999
0.006480199189472082
0.006651832570739903
0.00651958721723382
0.006152982654805702
0.005661160776453559
0.005164273802511199
0.004765675540171794
0.004529998363939672
0.004472713488785544
0.004562093106972496
0.004732183961616314
0.00490223404966303
0.004997459040221034
0.004966071618614758
0.004788618407658073
0.004479022311167631
0.004077632636414204
0.003638557574975344
0.003216196692582092
0.002852558576611916
0.002570295358371714
0.002370323146912613
0.002235310778696977
0.002137118882613683
0.002045087677685916
0.001934227083754167
0.001790323508744646
0.001611718387908605
0.001407942886035788
0.001195464891111387
0.0009927259626335697
0.0008151997301671825
0.0006722099453139938
0.0005656051833453401
0.0004905373277137665
0.000437760458714995
0.0003966172703754677
0.0003578375962005963
0.0003154741877239425
0.0002676061593439566
0.0002159797096554339
0.000164597664587212
0.0001181593546609828
8.049758317566759e-05
5.360917572527948e-05
3.739112012338027e-05
3.00098339074008e-05
2.868559785957136e-05
3.060192554762513e-05
3.363002821211836e-05
3.670539020063653e-05
3.972327502617677e-05
4.324053843465572e-05
4.787631006307712e-05
5.39251891423461e-05
6.112822479256636e-05
6.874828991074398e-05
7.589926196296609e-05
8.203111062370715e-05
8.727311416633147e-05
9.256180244925338e-05
9.959920571250766e-05
0.0001102595627045992
0.0001259718475027825
0.0001470847325478772
0.0001723885480526348
0.0001990908639057715
0.0002232339253086539
0.000240498039794541
0.0002472728462188298
0.0002417485485609166
0.0002246049451459865
0.0001993104160886296
0.0001716617538218069
0.0001487733505008101
0.0001375310312363044
0.0001430874166295446
0.0001674071991188051
0.000208573163027679
0.0002607093433498341
0.0003149567615096809
0.0003610707032207304
0.0003895299050124441
0.0003935931941524136
0.0003709712826289421
0.0003246163076293181
0.0002625057842728436
0.0001962595072584033
0.0001390497131823279
0.0001029334450566755
9.6337334241357e-05
0.0001221701347866087
0.0001769404958181205
0.0002512026453628703
0.0003312203365636951
0.000401523444772711
0.0004480218558054611
0.0004608603901410036
0.0004365115875237051
0.0003786585545968289
0.0002976398070035574
0.0002085192967699549
0.0001280843642516211
7.165283370028493e-05
4.986104112961174e-05
6.655823047785033e-05
0.000117988273272524
0.0001935617137573285
0.0002779402301565628
0.0003542038464150464
0.0004072267375952074
0.000426717317265483
0.0004091904048045551
0.0003585086703638901
0.0002849258198872081
0.0002027846797559839
0.0001274682825646942
7.221916889561651e-05
4.557248157341724e-05
4.988804932590515e-05
8.12768228602364e-05
0.0001308926526288934
0.0001871708958193093
0.0002385228310031883
0.00027576896445404
0.00029378789824324
0.0002920348530728293
0.0002739924882444143
0.0002456031600287465
0.0002134000773031768
0.0001828163800825595
0.0001570659646472978
0.0001369945716698558
0.0001218428890476335
0.0001105312232299876
0.0001030394831679006
0.0001012975749714994
0.0001091799332018737
0.000131434555558831
0.0001718920453703082
0.0002312735952909883
0.0003055587231582369
0.0003853914260343722
0.0004571123649175571
0.0005053636160590524
0.0005168403667505612
0.000484249384296336
0.0004094778083962515
0.0003048287317167633
0.0001917497517072246
9.701562736250102e-05
4.693787706201084e-05
6.098590721027824e-05
0.0001462692911618159
0.0002945204689464522
0.0004824779992296901
0.0006760398532497084
0.0008372844199909668
0.0009330578689920765
0.0009428101713124116
0.000863951353606335
0.0007130182752746094
0.0005223055121841749
0.000332572441343584
0.0001834699049012278
0.0001041951848111657
0.0001066363636814019
0.0001828371352058876
0.0003075260794500101
0.0004450380933778924
0.0005588369612184121
0.000621070245443674
0.0006195675957170939
0.0005604053979541411
0.0004653300195514585
0.0003647659275010469
0.0002885817701649676
0.0002571131725148406
0.0002752176691780784
0.0003310757465035238
0.0004001389802825872
0.0004529525926241135
0.0004647053414823245
0.0004232789733882862
0.0003336680805176469
0.0002168673144231493
0.0001038429529361419
2.612533769140559e-05
5.920214603162106e-06
4.89069124481242e-05
0.0001419537536309427
0.0002566945661088417
0.000357947315528758
0.000414493839101461
0.0004087607325050218
0.0003424933141403064
0.0002362322823373771
0.0001228271261764072
3.686380233080133e-05
3.318299966799138e-06
2.928311083396345e-05
0.0001015420971945061
0.000191089362745523
0.0002633867934254734
0.0002911268011295318
0.0002651677518590402
0.0001999555157492693
0.0001308364211897809
0.0001037601366412081
0.0001600599321073807
0.0003210929071031697
0.0005777686389293513
0.0008889970493723
0.001190189034789433
0.00141014308397931
0.001491637084477723
0.001409257753911797
0.001179300179055433
0.0008575523617032096
0.0005253954761162959
0.0002676584123115771
0.0001486316329635553
0.0001934756449570233
0.0003808446475374822
0.0006493140189512418
0.0009159147412679066
0.001101370564739057
0.001154218460933173
0.001066474218547414
0.0008756443318870923
0.0006523670247716814
0.0004775327986219111
0.0004159251617107918
0.0004949484133760896
0.0006952680480809631
0.0009564967419244038
0.001196354967902699
0.001336906804358693
0.001329702760044296
0.001171144641548272
0.0009033451415019662
0.0005998234981192274
0.0003410672021177374
0.0001878832104237224
0.000162024513581455
0.0002405844555611616
0.0003664288634422477
0.0004710734959316651
0.0005021719612871622
0.0004455132104001035
0.0003333411741723023
0.0002349432273164188
0.0002319095436535474
0.000386016271983619
0.0007109097293721871
0.001158407151420728
0.001625851936387225
0.0019839402409574
0.002117623350339854
0.001967121186202292
0.001555128375069188
0.0009897595450902841
0.0004399473032824476
8.875230187393268e-05
7.813282983574227e-05
0.0004620858300838237
0.001183729031101648
0.002085294281839973
0.002949861138676622
0.003563917628919877
0.003781968851702257
0.00357333811823158
0.003035880969883597
0.002370620130144053
0.001823617344505036
0.001612140745823185
0.001856970271963058
0.002541979963773447
0.00351442649242102
0.004526384213734584
0.005305512305202629
0.005633620396280882
0.005409324678763775
0.004674757086725799
0.003598792537312202
0.002422058474998605
0.001382129451158624
0.0006432271636971996
0.000253960807500061
0.0001469964225599725
0.0001807105840531964
0.0002082036411019746
0.0001488465230342062
3.56098639786529e-05
1.824045475496244e-05
0.0003171623226668806
0.001139862616135862
0.002586618255154
0.004578316843796879
0.006836270368000819
0.008928067158813162
0.01037514501411263
0.0107933244577612
0.01002664731620326
0.008229390111796533
0.00586451659196962
0.003606896854627318
0.002170805771736737
0.00210405030953263
0.003608180277962743
0.006440745831185929
0.009939702607558592
0.01317459361306122
0.01519499087159239
0.01531310648554423
0.01334212481341547
0.009715482359557492
0.005439405376857702
0.001873174636141091
0.0003812789029155738
0.001938942760207105
0.006800706251740226
0.01433034480639161
0.02306057906774554
0.03099673396916587
0.03611543301954176
0.03695267380330602
0.03314127878246015
0.02575491998504468
0.01735203731356105
0.01166467700998503
0.01297222947491659
0.025258899047826
0.05132373852147024
0.09202924934041791
0.1458587889088735
0.2088991910418849
0.2752735682173354
0.3379826661481733
0.3899652599968313
0.4252567833576537
0.4399478131796131
0.4328175201680767
0.4055047123876729
0.3621867179685698
0.3088451161983332
0.2522419900598764
0.1988260130607977
0.1537580688976413
0.1202047290238163
0.09905728072068841
0.08905981400985419
0.08730701191118666
0.08999288895304035
0.09323946334615174
0.09385218451940269
0.08986148662963885
0.08076224517758485
0.06744528973471825
0.05184840421636878
0.03643752251586459
0.02362847622822641
0.0152744887092512
0.01231275414556016
0.01462891027266022
0.02114488003102337
0.0300929056629266
0.03940496218316157
0.04712597863090852
0.05177711191569255
0.05258846056717451
0.0495794432465999
0.04347950276131456
0.03552146158599423
0.02715994385114623
0.01977614493559304
0.01442616776139124
0.01167849886044278
0.01155805772556138
0.01360149928977338
0.01699629463950747
0.02077087031534519
0.02399300483420368
0.0259388332389384
0.02620367252602911
0.02474079192010469
0.02182981368671899
0.01798848337868879
0.01385031853542029
0.01003637882732888
0.007044278015255619
0.005173190300321812
0.004493709583791057
0.004862992202215493
0.005976198763871362
0.007440426591290848
0.008855185363899305
0.009883526865694756
0.01030351678999742
0.01003204276131951
0.009121690050615592
0.007734085049666932
0.006097797923414472
0.004460452229448038
0.003043503056979399
0.002007771248461891
0.001433857512536372
0.001318301462146817
0.001584828638703955
0.002106049918836201
0.002730705761794919
0.00331138503638989
0.003727859505939394
0.003903046679404108
0.003809971789505899
0.003469731395494293
0.002942364765526775
0.002312425809276322
0.001672798788530932
0.001109124921917261
0.0006872465266810517
0.0004452196556844193
0.0003904525077698183
0.0005018464358849397
0.0007359127611144079
0.001035666840275635
0.001340321839583641
0.001594906623357378
0.00175761990537552
0.001804738202831262
0.001732341587093254
0.001554974322853056
0.001301794737910001
0.001010957267007903
0.0007232772362067185
0.0004761488995045725
0.0002984037804673822
0.0002070085669192476
0.0002056521117316386
0.0002853241692698854
0.0004266082872433515
0.0006031192435623182
0.0007856301793834344
0.0009461171364637237
0.00106136204114032
0.001115577399989483
0.00110196496625419
0.001023036803316374
0.0008898355154382118
0.0007202515367854916
0.0005365977518268641
0.0003628334109065244
0.0002215674214058258
0.0001312831825282824
0.0001039000400524484
0.0001430649721791987
0.0002433290026065939
0.0003904725977937818
0.0005629878775528606
0.000734758052591516
0.0008786118104481145
0.0009704420754656145
0.0009931595193049872
0.0009400288913139993
0.0008164960265857701
0.0006401789754604642
0.0004387022579741655
0.0002455863600962284
9.468245540015303e-05
1.406321674611027e-05
2.049864336967306e-05
0.0001156141752779892
0.0002846612185893025
0.0004983690619215587
0.0007177055148905037
0.0009010460897435237
0.001012154503244194
0.001027702975274424
0.0009425795199220374
0.000771822100072659
0.0005484832941970386
0.000317662344678092
0.0001277131513526635
2.035380987747745e-05
2.160479697219745e-05
0.0001357228772580637
0.0003434537264298355
0.0006052451155491567
0.0008689266995655193
0.001080472794444454
0.001195522786967786
0.001189207536839681
0.001062105250434677
0.0008408176436679924
0.0005727482343022572
0.0003163333464214158
0.0001284270715542892
5.186197682845514e-05
0.0001058259872804915
0.0002813731363928325
0.0005431490040958832
0.0008371640118923536
0.001102783657355309
0.00128641186275565
0.001353697976280201
0.00129733204060148
0.001138624537012629
0.0009224231971606921
0.0007064984021518182
0.0005477514047974666
0.0004886242142559062
0.0005467890544890095
0.0007107222748210997
0.0009421849748936773
0.001185191732773667
0.001379201159440759
0.001473617214725653
0.001440018754562057
0.001279258472874612
0.001021722526672367
0.0007207157362405374
0.0004404945290333956
0.000241875061613368
0.0001685897848713237
0.0002377869672067668
0.0004365820002803467
0.0007253644573265678
0.001046887708362014
0.001338798426698125
0.001546740120913926
0.001634851923074136
0.001591689037020127
0.001430398131136961
0.001183679777874794
0.0008951429460544287
0.0006092991615753092
0.0003627366628897859
0.0001782604751059014
6.295584218404689e-05
1.003015857186332e-05
3.375150386559695e-06
2.327568439500438e-05
5.160908179545877e-05
7.536449916345747e-05
8.791585238733475e-05
8.827724058363083e-05
7.910199953121824e-05
6.438094088785429e-05
4.772453684044336e-05
3.170416119528881e-05
1.816495532602536e-05
9.111995764216904e-06
7.484286196852517e-06
1.727280757647623e-05
4.273821762000087e-05
8.690473332568595e-05
0.0001498999191900885
0.0002277853436504342
0.0003125358008799264
0.0003933208532582667
0.0004589011937642469
0.0005004262699361936
0.0005138243155760869
0.000500913771044843
0.0004688259515184068
0.0004278671962408139
0.000388391798079608
0.0003577276586635226
0.0003380583445347275
0.0003260782905987135
0.000314474967177752
0.000294836166301173
0.0002609947437866098
0.000211707158711806
0.0001517214648287855
9.079249861945689e-05
4.094187177964218e-05
1.275610522601059e-05
1.196327963641359e-05
3.741895288614683e-05
8.120723141105447e-05
0.0001309209102334718
0.0001733983324490813
0.0001987600818082404
0.0002034393929893057
0.0001911728840055808
0.000171617457866897
0.000156993831107161
0.0001578372751571674
0.0001792265115989516
0.0002187601411358837
0.0002669562797688059
0.000309992802824014
0.0003339779417926438
0.0003292933081194424
0.0002937115684262215
0.0002332295405748863
0.0001603189383924061
9.024143536822237e-05
3.655756249635143e-05
7.291570573997803e-06
3.029357628554481e-06
1.7464463701678e-05
4.018929017736157e-05
6.071756800232225e-05
7.235320346311509e-05
7.45591276692045e-05
7.299408104861942e-05
7.721960578053262e-05
9.683526757664956e-05
0.000137409635050674
0.0001975941064300837
0.0002685447664580116
0.0003358974608768031
0.0003837164178611349
0.000399249787053113
0.0003769043148460113
0.000320150049451029
0.0002406846912562352
0.000155205278405216
8.065663585812995e-05
2.95530514859007e-05
6.865717310643707e-06
9.359885150085628e-06
2.757480517637722e-05
4.968905700300609e-05
6.594497816285978e-05
7.211145010295946e-05
7.082126545822385e-05
7.033836453300707e-05
8.119988826005262e-05
0.0001118793680839678
0.0001649896507401394
0.0002353487354742342
0.0003106269588611607
0.0003744987564360255
0.0004112309512469561
0.0004104439919459417
0.0003703123758336429
0.0002983555082429931
0.0002095305294952652
0.0001220635429343024
5.261169364916505e-05
1.194072668546855e-05
2.574384259384327e-06
1.905899596508156e-05
5.05270868422944e-05
8.468056294975666e-05
0.0001118605816545638
0.0001277750848299331
0.0001341777912440996
0.0001372735835777187
0.0001445662994223498
0.0001613397716260062
0.0001879882020825955
0.0002192738917368755
0.0002457317528487701
0.0002568156668550371
0.0002447762258360135
0.000207834915719792
0.0001516751252501139
8.853068080039325e-05
3.414184664706134e-05
3.390183551094644e-06
5.962795377077407e-06
4.340596566739379e-05
0.0001084492769118263
0.0001868115637394716
0.0002610578738438243
0.0003151989462220982
0.0003388386770034991
0.0003295429762424593
0.0002928680695279437
0.0002401225170470481
0.0001846621254804511
0.0001378706327628889
0.0001061820678835322
8.988734724989555e-05
8.412954481576732e-05
8.154074494432836e-05
7.562043955051798e-05
6.365655794686573e-05
4.815043701623105e-05
3.626762565135947e-05
3.740954868021696e-05
5.973867273230725e-05
0.0001067546085143296
0.0001750589045220501
0.0002542439617222018
0.0003288389742951892
0.0003822244851452959
0.000400971813181721
0.0003788376368359219
0.0003188631049351727
0.0002331530361473752
0.0001401421783540806
6.024300642593612e-05
1.081038269980939e-05
1.956903013272795e-06
3.416375424046955e-05
9.83996358507643e-05
0.0001785697333732506
0.0002557459564768753
0.000312744422928995
0.0003381801890104864
0.0003287625995181394
0.0002893072280182722
0.000230870113234157
0.0001673521156233401
0.0001117544373827663
7.307708957342125e-05
5.465092792245333e-05
5.424327372656767e-05
6.569918976973336e-05
8.154638330989932e-05
9.565397705278884e-05
0.0001051322317390827
0.0001109659085584694
0.0001171572818669105
0.000128855652597578
0.0001499439226453394
0.0001810810873949625
0.0002187070636608614
0.0002554777562726764
0.0002820370153101754
0.0002896691252007752
0.0002730705850022238
0.0002324523871690398
0.0001742724414332276
0.0001103369032082097
5.539872961074283e-05
2.369807885742084e-05
2.549982298956868e-05
6.428610936549958e-05
0.0001354442377960692
0.0002268937115353083
0.0003213669984580127
0.0004001343137947168
0.0004470264933366378
0.0004520967513313772
0.0004138705238773345
0.0003398403199014933
0.0002448653040124304
0.0001481987035725183
6.929799596580893e-05
2.390314807927677e-05
2.077815786058454e-05
6.004496202305233e-05
0.000133355630089246
0.0002257603083149649
0.000318931272572604
0.0003949345688831081
0.0004397446751866421
0.0004458808030213059
0.000413543311748102
0.0003502433302675397
0.0002689632121517917
0.0001853741359113523
0.0001147236027271439
6.898881394695019e-05
5.483731646465862e-05
7.278000303816201e-05
0.0001175349262916445
0.0001794045343677196
0.0002463985026057323
0.0003065351152521242
0.0003499904065752123
0.0003705882162835124
0.0003665485629585486
0.0003403771390822027
0.0002980180213380514
0.0002475438458660159
0.0001976336970076734
0.0001561069715734803
0.0001288370531654572
0.0001190064584698809
0.0001269564091669504
0.0001504037321572852
0.0001850335586649427
0.0002252812439331914
0.0002652159136800312
0.0002993032827670367
0.0003231377813821336
0.0003338877939598736
0.0003306014944108116
0.0003142467074420206
0.0002875382074983551
0.0002545917736422843
0.000220393758490837
0.000190139579127843
0.0001685535951080797
0.0001591896909095554
0.000163893673818096
0.0001824460791387133
0.0002124997304757278
0.0002498738322600749
0.0002890637648211574
0.0003240875341099263
0.0003494802381688724
0.0003611255613203689
0.0003570709745554809
0.0003379100851297648
0.0003068004805710531
0.0002690006651584339
0.0002310640038535542
0.0001997537629344602
0.00018084244881148
0.0001781243303732889
0.0001926750710137942
0.0002225899731194686
0.000263256524145454
0.0003081138919425753
0.0003497735800303234
0.0003812682765017409
0.0003973620840993231
0.0003954330448203002
0.0003760310999921457
0.0003428119681540524
0.000301898842759633
0.0002608688507368486
0.0002273702999315149
0.0002078042320880551
0.00020612462713689
0.0002231438403864361
0.0002563335364753092
0.0003002725945095683
0.0003475617759991515
0.0003901887762675854
0.0004209156593151033
0.0004346265537225966
0.0004292684528000238
0.0004062202098358858
0.0003701116635533801
0.0003279342063839856
0.0002878551505456746
0.0002576629809465057
0.0002433576910980693
0.0002480054373793116
0.0002711512476126502
0.000308857835936222
0.0003544352986837837
0.0003996187752176994
0.0004361474829339786
0.0004573230278616233
0.0004592457725866973
0.0004416413789220072
0.0004078928485891853
0.0003644033513184128
0.000319441202135265
0.0002814388999233291
0.0002574485073729162
0.0002516682970967056
0.0002646294404749781
0.0002930611590578862
0.0003305162088451573
0.0003686086114171351
0.0003987365680707986
0.0004136896180152242
0.0004092355192846435
0.0003848438000907131
0.0003438798655228559
0.0002928678287057168
0.0002402244042393262
0.0001944929987903105
0.0001626790891481939
0.0001488401751443914
0.0001533313974606068
0.0001727800506306371
0.0002008672530485147
0.0002296935178891548
0.0002513632337060644
0.0002596896244764994
0.0002513165319602971
0.000226351903361156
0.0001881973042179199
0.0001427644885880435
9.713175786315835e-05
5.811203045627401e-05
3.086533669917829e-05
1.799716932001287e-05
1.919461327758247e-05
3.150783437571087e-05
5.014105676060677e-05
6.958497171718982e-05
8.478712016672064e-05
9.215560236990813e-05
9.014457976743385e-05
7.940037300477257e-05
6.242977952562369e-05
4.292144654286766e-05
2.488838124181186e-05
1.184224747686274e-05
6.154729045305731e-06
8.707808614288483e-06
1.887376757322672e-05
3.479018401269531e-05
5.386203825011117e-05
7.331183374251939e-05
9.078165675929071e-05
0.0001047394960676863
0.0001147775745692372
0.0001216516263607624
0.0001271394392172995
0.0001336968272994568
0.0001439991413454848
0.0001603985560099705
0.0001844190885060896
0.0002162983334063177
0.0002548218070124672
0.0002974063659824037
0.0003404626075866791
0.0003802115351561411
0.000413517212475803
0.000438956535729929
0.0004574845058223077
0.0004729277442367568
0.0004916598787439581
0.0005217082385616307
0.0005712026551043265
0.0006464898576696003
0.0007502796341750312
0.0008801499183310665
0.00102801641047441
0.001180787102104431
0.001321913177765663
0.00143436042700544
0.001503627913853107
0.001520861385798057
0.001485043481223585
0.001403669689941815
0.001291937430844763
0.001170139931946434
0.001059882341515419
0.0009800808268138536
0.0009431259038192221
0.0009523028644335103
0.001001391871546349
0.001075789644968603
0.00115561587816201
0.001219867153999755
0.00125047923333354
0.001235830638490107
0.001172811869923029
0.001066750377746661
0.0009299504986890689
0.0007786256923990238
0.0006296322280674929
0.0004971486941540055
0.0003904754309190468
0.0003130894733102015
0.000263068992593806
0.0002343837237896812
0.0002188924402692112
0.0002083068974382865
0.0001957929092420356
0.000177017020577291
0.000150651243989242
0.000118391289287518
8.479150024204119e-05
5.688731947652972e-05
4.352634224590249e-05
5.438336943032457e-05
9.848349516460939e-05
0.0001822757152576221
0.0003075184645677836
0.0004695478255945783
0.0006564520686241581
0.0008501054054301872
0.001028779644281132
0.001171715556743599
0.001264440039814621
0.001303699686750891
0.001300301884741295
0.001278924541068652
0.001274234356200152
0.001323502542565511
0.001457507484282642
0.001691389892767451
0.002018669188545827
0.002409495226389544
0.002814390708544653
0.003173722496275865
0.003429338628494325
0.003537780433113875
0.00347901508995686
0.003261849003729757
0.00292092549070246
0.002508730931062488
0.002083761110982749
0.00169743695673287
0.00138422565788162
0.001156443965801592
0.001005580326150797
0.0009087067633244769
0.0008380175128326509
0.0007705488796260625
0.0006948278653854839
0.0006129548223562377
0.0005379919551724416
0.0004878401050373538
0.0004781566133458953
0.0005168761693315779
0.0006021667177436646
0.0007242548639516149
0.0008697096280237702
0.001026679349680668
0.001187850110919173
0.00135058308475255
0.001513404986980177
0.001671207551730071
0.001811752150969251
0.001915725419454914
0.001963147071169041
0.001943460989579673
0.001868458051420583
0.001781068984522589
0.001756180851815138
0.001889816133181556
0.002276714615642588
0.002980881886172467
0.004007282638547449
0.005284656603046167
0.00666671118864511
0.007958069217350114
0.008959195534315002
0.009524000815845028
0.00961135963908359
0.009317227026263182
0.008870882549001119
0.008592051729292911
0.008813295480936423
0.009785115272597688
0.0115889627445111
0.01408366414456761
0.01690933804547081
0.01955284103468058
0.02147213453855745
0.02224674731757609
0.021723842210934
0.02011170556653625
0.01799067953223285
0.01622246259184451
0.01577003434958246
0.01745718237780318
0.02172517263994491
0.02845215056995354
0.03687742145126015
0.04568623967019667
0.05322749942616385
0.0578570398597924
0.05831960827120965
0.05408811309014599
0.04558012647119083
0.03418852796221183
0.02208678731412826
0.01186027647775357
0.005990445665349995
0.006335830592911339
0.01368501184750529
0.02751307945639544
0.04597987809180711
0.06621816897775816
0.08482102121287154
0.09849260047683403
0.1046794970835718
0.1020986154632217
0.0910204169671468
0.07326565514949121
0.05188701271468107
0.03063021014797966
0.01322631421425725
0.002716255215911583
0.0008772052220992256
0.007910623524079891
0.02242139026829455
0.04169115876895322
0.06220822044052814
0.08031084313511798
0.09285524800727364
0.0977655011118484
0.09435517054856121
0.08339555032229017
0.06691129080296317
0.04775389903488912
0.02906777310528709
0.01371043439152994
0.003787853264529548
0.000335246001893291
0.003218709877027798
0.01125105103985159
0.02248362077872894
0.03459846168189924
0.04534402453586499
0.05290122987866165
0.05615439102305167
0.05480089446980288
0.04932121477924613
0.04080933545542637
0.03072909499161786
0.02062922878129324
0.01188912860647298
0.005514791399120867
0.002036539714682967
0.001484460648103185
0.00345747282496607
0.007244228816598553
0.01197358459153462
0.01676500985504045
0.02085711721868331
0.02369097662661614
0.02495580678017976
0.02458854517615702
0.02274299009685268
0.01973854273635308
0.01599820351878009
0.01198980786566164
0.00817126714475001
0.004944458846593552
0.002623691037374531
0.001408559485228996
0.001370929985862876
0.002449121042585917
0.004454379976484396
0.007090171980696482
0.009981564668825393
0.01271888055083748
0.01490851152219207
0.01622369702574673
0.01645402963617161
0.01553910718037182
0.01358392343763621
0.01085217217562266
0.007731040060687307
0.00468087663728192
0.002164646621930841
0.0005795351524488305
0.0001916959157896181
0.001090880414006369
0.003170676005986025
0.006139867677217888
0.009559773202475686
0.01291291868732911
0.01567689471176748
0.01741033411475936
0.01782227281331905
0.01682405252225651
0.01454995900212501
0.01134453198117845
0.007714719051929304
0.004259068462810385
0.001574450401560975
0.0001639871553543581
0.000351064897711642
0.002219996933476299
0.005588500687407541
0.01002367532467682
0.01489416755695132
0.01946337696926805
0.02299937945784579
0.024899563103447
0.0247974111541335
0.02264396328979806
0.01874132505033414
0.01371951217367282
0.008459006001206602
0.0039598570846914
0.001175806786314943
0.0008477100428099653
0.003348253538058621
0.008581935386879378
0.01595933332422324
0.02445267098932762
0.03274758995531561
0.0394522562607025
0.04335440000222712
0.04366714912516849
0.04022147170648526
0.03356105422480644
0.0249136031952866
0.0160175668110707
0.008841112099445374
0.005211344822681615
0.006442894164953867
0.01301838942086288
0.02440990659128634
0.03907727743175028
0.05468699049200752
0.06850020752836967
0.077908114626104
0.08097998153988817
0.07693983330067097
0.06644665704235372
0.05159538748767001
0.03561777839370012
0.02229807756747668
0.01520100908324212
0.01687906422178609
0.02820166196169423
0.0479884434660704
0.07307061101487997
0.09878181174824241
0.1198760031153221
0.1316389943265245
0.1310346979172471
0.1175716112927156
0.09368122565421383
0.06444822266751728
0.03670401041162435
0.01756718970769244
0.01278768810297855
0.02519373583637362
0.05368572741435709
0.09305981493083296
0.1348575872866733
0.1690960041513102
0.1866782487364471
0.181853168303169
0.1542200266339801
0.1096225432378304
0.0595455351641738
0.01895953711397778
0.002832100613448524
0.02203865074732857
0.07960842420927032
0.1683869835992322
0.2709313149908913
0.3624088760088827
0.4161280365459593
0.411339256913404
0.341658643845616
0.2224956831488178
0.09555417619496538
0.02868458634878496
0.1101902910212908
0.4376549609020272
1.102537864876475
2.172189825179361
3.673696073469736
5.580127961755849
7.806170396977016
10.20966852759211
12.60467466559324
14.78272768630583
16.53721198625213
17.69269628234843
18.12817360757039
