# RCS in m**2 for a L=5 cm PVC cube at 22.5 degree aspect angle
# frequency = 92.25 GHz, 
# theta = linspace(0, 6.2832, 1441)
# phi = linspace(0, 0, 1  1)
16.82760046842467
16.1946979526811
14.82856385339168
12.87715683956859
10.55057520348807
8.090131534796051
5.733182957778284
3.680029704574731
2.068476601677014
0.9602702023119898
0.3408744757012496
0.131959791799742
0.2132620374115997
0.4490201658163782
0.7136314245059958
0.9117224947811714
0.9895230013490601
0.9363285342300297
0.7770974910388365
0.5590340727002465
0.3358090081315125
0.1532909832279831
0.03969398987808904
0.001746996755574755
0.02680076991207746
0.08942277721721292
0.1601243852018702
0.2136626206260645
0.234849091619772
0.2207182685653083
0.1790224788243759
0.12405365256569
0.07132185467671633
0.03278915080759932
0.01392537010121045
0.01320112785166207
0.02380617190517268
0.03677400357826464
0.04435160191605438
0.04252121643322095
0.03195945131520692
0.01728917925670411
0.005027471007785355
0.001031193760363932
0.008319566996678596
0.02598403479483451
0.04948259914268818
0.07215568259103163
0.08740548056614039
0.09080639591908569
0.0814663487918923
0.06222438897864796
0.03867992377258662
0.01740113671279959
0.003910345340007897
0.001091784766056961
0.008490685255585821
0.0226755552018126
0.03849388920990876
0.0507749302362166
0.05592165402876444
0.05290520289678931
0.04338320480708715
0.03096388131937637
0.01990464797630388
0.01369557752955101
0.01398367613716171
0.02016133244331837
0.02970491483610728
0.03910592697046191
0.04505725875466766
0.04549524360637468
0.04017266590597795
0.03061119661963587
0.01949158799478018
0.009717762229109583
0.003486670627643486
0.00166162390118949
0.00363476322390087
0.007684598266734637
0.01167133246955231
0.01381175982432913
0.0132634184038375
0.01033604787267323
0.006280588249222295
0.002758512403848318
0.001196555716776465
0.002258660544923199
0.005617458370169127
0.01009055478051801
0.01408201836624908
0.01616003963783249
0.0155661685305722
0.01247939424796426
0.007949844852397575
0.003531961886895509
0.000751850646587678
0.0005931037154210513
0.003174990704627428
0.007726859879008987
0.01285905120548932
0.01703153962654145
0.01906017872538607
0.01848847177697602
0.01571162285459365
0.01181690754804442
0.008205569561129779
0.006125715281770638
0.006274998767904718
0.008595487150023406
0.01232154769825669
0.01625040155147642
0.01913905670886789
0.0200930289066153
0.01882197970883882
0.01569017700293714
0.01155760569828501
0.007476754027239182
0.004354832334945554
0.00269028846555733
0.002465786271590315
0.003218791660146967
0.004252746830144692
0.004906381970297382
0.004786152851307951
0.003884801339028091
0.002553044447741045
0.001344267160678604
0.0007930255561220854
0.001209288084253274
0.002559406752722366
0.004472753057260095
0.006367861259191825
0.007650116686660951
0.007911851040834871
0.007067579062089935
0.005378295021039789
0.003361287974879846
0.001617282000288786
0.0006355506733477173
0.0006405008424317017
0.001529730406511807
0.002920366353146638
0.004285292322414201
0.005131904173498038
0.005164033705487374
0.004375802312029542
0.003048029714571374
0.001653046718184051
0.0006996900528059256
0.0005707968562085308
0.001403463512996922
0.003049277486509059
0.00512324271939832
0.007123926206471834
0.008584043659154054
0.009206030916925532
0.008939532438721554
0.007984067311932665
0.006715330026348385
0.005565077407050664
0.004891011214109885
0.004876520710662218
0.005488239401036749
0.006500353841888426
0.007573134155489616
0.008359880289133094
0.008607687352416673
0.008222844936937987
0.007285320800073588
0.006010885594205415
0.004677583473583873
0.003540970880572423
0.002764624178767456
0.002384640659937324
0.002316485556588088
0.002397260680139853
0.00244737131416181
0.002330957530009887
0.001995907935025493
0.001483239196410708
0.0009050841246776377
0.0004013162339300432
8.976628936679598e-05
2.724664652256349e-05
0.0001928323177596385
0.0004980339937995385
0.0008189638928105365
0.00103938807986771
0.001090260884895419
0.000973098435603349
0.0007600173370009984
0.0005708440354523184
0.0005345768355155443
0.0007472431648830873
0.001239150309893888
0.001961179523574313
0.002794605769079084
0.003581058001968983
0.004164271514226989
0.004432492278195389
0.004348060146867163
0.003958281386452208
0.00338330855056573
0.00278537301934906
0.002327393704756531
0.00213254879746402
0.002254849959243024
0.002667378482022636
0.003271310005708892
0.003922342446603792
0.004466638112536054
0.004777975352334037
0.004785754284588134
0.004489096765944847
0.003952783603534975
0.003288607091035071
0.002626725958175986
0.002085131012345945
0.001743903752856655
0.00163083830744755
0.001719758997007366
0.001941852091669325
0.002205518674067315
0.002419371365396971
0.002513271173802619
0.002451859731017861
0.002238910062030657
0.001912221860383999
0.001531061594891749
0.001160619510894457
0.0008563273544227575
0.000652760024806786
0.0005584340040844598
0.0005573938596057823
0.0006161799150438992
0.0006938635234644957
0.0007525233082522944
0.0007656029843285582
0.0007223453662567129
0.0006278594223684628
0.0004997089500916827
0.0003616405464745875
0.0002369445788090292
0.0001429573532983845
8.771965392969855e-05
6.943119140412712e-05
7.84224339653957e-05
0.0001008621255889227
0.0001227715670539423
0.0001336376803387738
0.0001284765598482986
0.0001081920989382747
7.82734107608665e-05
4.65148874036723e-05
2.036384785357319e-05
4.780129771132285e-06
1.079162479563183e-06
6.975081938130184e-06
1.769140132345366e-05
2.770958398623168e-05
3.259333017018205e-05
3.035680204828899e-05
2.195539217524526e-05
1.09450091314784e-05
2.217441099637299e-06
4.001909733070208e-07
8.346829632435988e-06
2.610569179740115e-05
5.072122048875784e-05
7.691523869524261e-05
9.846472380464621e-05
0.0001099154700596607
0.0001081946618293187
9.357664733155715e-05
6.985889851092065e-05
4.361775127623322e-05
2.262090710716607e-05
1.390194841547649e-05
2.192264895535502e-05
4.726229794682124e-05
8.624010589549726e-05
0.000131570172084218
0.0001739424383950506
0.0002041555430379894
0.0002153437421236275
0.0002047344734071313
0.0001744993554746688
0.0001314541422417752
8.568932379138986e-05
4.831094094802034e-05
2.893947998191624e-05
3.340680504909101e-05
6.229400589039352e-05
0.0001106300155146953
0.0001688509512625965
0.0002248765488294366
0.0002667784854218363
0.000285482272904536
0.0002768784928466581
0.0002427792539608841
0.0001906601988139534
0.0001319275953758211
7.941742873404833e-05
4.450187492198358e-05
3.455241253834501e-05
5.130279507058573e-05
9.054428506687044e-05
0.0001431905876630449
0.0001974336434130927
0.0002414816301002922
0.0002662299084346504
0.0002672022048256657
0.0002453317361436321
0.0002064296514478562
0.000159521256149113
0.0001145261537201287
7.98386830118504e-05
6.053904181972641e-05
5.75620178843867e-05
6.804687677244404e-05
8.663290269367112e-05
0.0001073327717757131
0.0001253230723269018
0.0001381709761159731
0.0001460858502529217
0.0001511853946278097
0.0001561204547269371
0.0001624539556714407
0.0001695650880740162
0.0001744155687922951
0.0001724506811817473
0.0001594198800671045
0.0001335682969342211
9.737379848802755e-05
5.821691327775217e-05
2.741014444020656e-05
1.761413710370054e-05
3.922618459177576e-05
9.663716337795123e-05
0.0001855722241203551
0.0002925070828867856
0.0003966934534208267
0.0004746641588310994
0.0005059988371689823
0.0004797516334758062
0.0003982787635774826
0.0002786331664075975
0.0001498546702113557
4.673975489243655e-05
1.427314207364621e-06
3.482547612041366e-05
0.0001502042079681563
0.0003308591750702844
0.0005427846572114231
0.0007420434009215333
0.0008851319770099921
0.0009396288249934111
0.000892702107816923
0.0007546148656436682
0.0005565901685780206
0.0003431872283024592
0.00016124162956527
4.823347322536593e-05
2.331394238491907e-05
8.329641487441767e-05
0.0002047376833013251
0.0003513121407063004
0.0004844623257139876
0.0005739488996847108
0.0006054437575116941
0.000582948855651395
0.0005254819101979648
0.000459402292870987
0.0004087817295915535
0.0003871804895565263
0.0003934376691323452
0.0004128519763432861
0.0004233222561027954
0.000404278876301779
0.0003454879547532139
0.0002522797438344477
0.0001454740955425903
5.560475120796316e-05
1.313977176161224e-05
3.79146685110325e-05
0.0001312977700180085
0.000273949718227646
0.0004302464946572409
0.0005582755605965988
0.0006224347794944012
0.0006043612243453594
0.0005090448868732765
0.0003633107310534521
0.0002074949776783706
8.267179755118609e-05
1.755552834387558e-05
1.965278902732561e-05
7.358134028673011e-05
0.000147404231471401
0.0002048892118842985
0.0002196431885937171
0.0001859075877205063
0.0001222097580494952
6.596038700142685e-05
6.049789659080623e-05
0.0001386594140811614
0.0003085527852522296
0.0005467542985607727
0.0008021007548276831
0.001009353305268972
0.001109253761321774
0.001068316114704985
0.000891843575738167
0.0006254571291139792
0.0003437097473785512
0.0001289271558386986
4.655383688558077e-05
0.00012483046462562
0.0003455140807889658
0.0006490510182493044
0.0009528414386578431
0.001176926124655473
0.001269074511940374
0.001220821125881331
0.001069190294302803
0.0008834433300533133
0.0007409801420776647
0.0007006036208079171
0.0007819854458321006
0.0009585439853059135
0.001166292406522916
0.00132586199406413
0.001370093002395445
0.001268136692238023
0.001037155411648747
0.0007375183034077287
0.0004530354219649638
0.000262421399842055
0.0002123700812945417
0.0003013167599161524
0.0004800813813499117
0.0006694004089808233
0.0007884568962332936
0.0007842751587399354
0.000651490328474939
0.0004348969407420938
0.0002134133730698798
7.061048744482219e-05
6.243986724674706e-05
0.0001940749442441068
0.0004151325853783594
0.0006363546436818259
0.0007628611585172091
0.0007328454474207971
0.0005474566925300361
0.0002798659272034819
5.822591773276371e-05
2.584548660164631e-05
0.0002909561890174732
0.0008827221323909873
0.001729741780825295
0.002670715939501277
0.003496385413542826
0.004011918774774874
0.004099661847028714
0.003762278965624794
0.003130070854486387
0.002427843243388964
0.001909438374062192
0.001779739075373473
0.002127800540025244
0.002893875307478813
0.003881705654914521
0.00481404474312553
0.005414831205513708
0.005492254066321812
0.004996778387605877
0.00403433551619095
0.002831182645730126
0.001660963162327595
0.0007588636075689996
0.0002512767389107644
0.0001249527770648001
0.0002461907969266458
0.0004232228313020808
0.000489522916824576
0.0003774486706576779
0.0001539168041366079
2.3395102579026e-06
0.0001539702526448809
0.0007907323464999443
0.001954016904424272
0.003494913544842223
0.005089738217061013
0.006323156727205702
0.006818273809801075
0.006372266342485081
0.00505108791431572
0.003204832794405644
0.00138902747107985
0.0002063144684707084
0.0001135894448351157
0.001255171778424801
0.003381833978349208
0.005893287850627985
0.008007540221275955
0.009015849201115445
0.008551620711987659
0.00678689017034758
0.004481734516696826
0.002847840053256487
0.003242792611638571
0.006763208219766224
0.01384655616953825
0.02400551342306097
0.03579172690903017
0.04703748293656274
0.05534652968504165
0.05873354745381688
0.05626051946387241
0.04849543110304548
0.03765031285122987
0.02732127142890903
0.02184894069754226
0.02540646815320484
0.04101673240410059
0.06971458632480114
0.1100664291596615
0.1581851003537034
0.2082728365356953
0.2536083963313494
0.2877849657268277
0.3059532079553356
0.3057896498000258
0.2880073818703652
0.2562597254923196
0.2164682475495829
0.1757103689500157
0.140877643212846
0.1173965240501751
0.1082499986991773
0.1135086986804839
0.1304327353370075
0.1541258072820198
0.1785746885527488
0.1978602953707818
0.2072877668267407
0.2042266046502521
0.1884905429917093
0.1622335686003599
0.1293990547618332
0.09486042167821218
0.06346088019643827
0.03911214356206123
0.02416533574310651
0.01912280660784751
0.02272830495605341
0.03238116906235818
0.04476210397688805
0.05652810534700182
0.06493483352784242
0.06827292120984862
0.06605472966188511
0.05894544484601327
0.04847997915432263
0.03664896669394536
0.02545145782089425
0.01650505125288844
0.01078412932336767
0.008519150979000231
0.009257187403840036
0.01204754554327935
0.01570055582452853
0.01905625130164688
0.0212083016520304
0.02164543073223002
0.02029324587093219
0.0174629003834704
0.01373031407474327
0.009780449435228638
0.00625314805500996
0.003621678409425131
0.002121509668720037
0.001739484984126214
0.002253334589939403
0.003307474806558341
0.004503806015785784
0.005487084676365624
0.006008593772785307
0.00595838184786335
0.005364983062930207
0.004367470444273463
0.003169791171723909
0.001989480177732063
0.001011971972099471
0.0003583634734172673
7.138573972743191e-05
0.0001190772100815703
0.0004126663562436316
0.0008328275465933687
0.001257543199146966
0.00158615455445111
0.001754999987443807
0.001743391316221063
0.001570190629072898
0.001283238233062603
0.0009451149674600221
0.0006184807448262148
0.0003540358918968632
0.0001829124753783338
0.0001142847184154215
0.000137501268888645
0.0002277189192808114
0.0003531055321970803
0.0004820013623267162
0.0005886236307144789
0.0006565146976817791
0.0006795709157787906
0.000660874306885271
0.0006101417081966542
0.0005404795470622685
0.0004653397982659444
0.0003961164271987441
0.0003407690263887371
0.0003034206987075884
0.0002847634850154278
0.0002829145751446451
0.000294441662126872
0.0003152370987702991
0.0003411704572130854
0.0003684160243127126
0.0003935762019605167
0.0004137196660025251
0.0004264424997089156
0.0004299867077205689
0.0004235144473274141
0.0004073266575728023
0.0003830359914875992
0.0003535573823906547
0.0003228157211167301
0.0002951875331544263
0.0002747949848235978
0.0002646949767329475
0.0002662392045126192
0.0002786778927020557
0.0002992064018082641
0.0003233812598034807
0.0003459422033415541
0.0003618040288347044
0.0003670792836628428
0.0003598453777512803
0.0003405708353203012
0.0003119956094167574
0.000278591112585022
0.0002456306353739154
0.0002181094436760606
0.0001997301373053882
0.0001921905905405085
0.0001948943425913815
0.0002051692711717962
0.0002189196893675055
0.0002315638672060758
0.0002390226710319614
0.0002385650951501376
0.0002292790872415303
0.0002121290936547582
0.0001895605263588769
0.0001647947829602308
0.0001410238567163091
0.000120640087211547
0.0001047977203453099
9.331771992991003e-05
8.499197216383405e-05
7.815370759037019e-05
7.134839357875823e-05
6.388490703950832e-05
5.610153570765057e-05
4.924488416370359e-05
4.498391521836376e-05
4.470239829707708e-05
4.880938792922665e-05
5.628044150930471e-05
6.466555465604584e-05
7.060124461605489e-05
7.080749597852025e-05
6.329302064800027e-05
4.84559749933374e-05
2.971961109152669e-05
1.339134038125562e-05
7.630592883062806e-06
2.064022758634928e-05
5.841052808833726e-05
0.0001225550200331313
0.0002088332733263675
0.000306864617668038
0.0004013616776329058
0.0004748154912939585
0.000511191817220038
0.0004999594449439898
0.0004394615554967368
0.0003387545601000434
0.0002172688964292908
0.0001020519824476978
2.295391560805324e-05
6.604825896495324e-06
7.040418633642316e-05
0.0002178828276747021
0.0004366314465685879
0.00069944841930255
0.0009686674088781208
0.001203008346085609
0.001365496849075601
0.001430797037653763
0.001390380434672723
0.001254183115320909
0.001048485258666689
0.0008103478672645147
0.0005798257145010062
0.0003918613641509393
0.0002696600053042368
0.0002210757102334405
0.0002388032942242712
0.0003041479535825965
0.0003933059389138137
0.0004843838821730378
0.0005632062309589872
0.0006263750967752346
0.0006807842493054205
0.0007396994303625376
0.000816762569123086
0.0009195751653096526
0.001045048679069863
0.00117790425664346
0.001293146584517738
0.00136195772014989
0.001359564938432482
0.001272842374583669
0.001105538477213833
0.0008793070193932606
0.000630100813643723
0.0004005211524335272
0.0002300397397334914
0.0001455730272961981
0.000154926863749501
0.00024492471198515
0.0003847426882459647
0.0005337143645976394
0.0006514463221122165
0.0007076441899351262
0.0006890120320106623
0.0006015109317354456
0.000467446915557771
0.0003184686486559649
0.0001864278509721704
9.488202847235336e-05
5.351575693138751e-05
5.690645606589302e-05
8.784539801633563e-05
0.0001239000897557277
0.0001451125710244292
0.0001404195637681797
0.0001108700672256992
6.873276001229919e-05
3.295455455080571e-05
2.247922969545939e-05
4.964588079697261e-05
0.0001157658469341134
0.0002102594495443648
0.0003135771223000649
0.0004029094385140131
0.0004589083694927103
0.0004711615491945726
0.0004408890529733502
0.0003799679650943211
0.0003068156411061378
0.000240414981783801
0.0001946029380958275
0.0001743384653902466
0.0001750867449170474
0.0001854156645803747
0.0001917939844757053
0.0001838565990050354
0.000158358577965734
0.0001204750869192595
8.205116419232191e-05
5.742670342436105e-05
5.834661815350667e-05
8.969550607558114e-05
0.0001475294538055633
0.0002201063455679494
0.0002915244379472455
0.0003467675580318711
0.0003764078787528228
0.0003793949378892152
0.0003629897974824717
0.0003398417143877523
0.0003233143004039448
0.0003225578724832658
0.0003391239218170674
0.0003662485881871315
0.0003910636345746962
0.0003990428000379329
0.0003791713108486082
0.0003280681140878697
0.0002517257168092496
0.0001641845081046964
8.361507774164426e-05
2.699416760440889e-05
5.178989892258555e-06
1.988975999604303e-05
6.355231524875102e-05
0.0001219914383485388
0.0001790044082472799
0.0002213047250815936
0.0002421932609765033
0.000242852669401548
0.0002309174450886315
0.000216935456979966
0.0002101017359322026
0.0002146644670466985
0.0002283795149559342
0.0002434199790705593
0.0002494665181576436
0.0002378349906153263
0.0002051653132869556
0.0001553585989344955
9.906515331001338e-05
5.079361612481501e-05
2.459724108819912e-05
2.970365631533522e-05
6.754826056228587e-05
0.0001311582812028511
0.0002070304004255358
0.000279023324448076
0.0003328086265488025
0.0003596878916568347
0.0003584203381525458
0.0003347847570607746
0.0002988487837643796
0.0002613532280259846
0.0002300510112715478
0.0002075666511832426
0.0001912061987345021
0.000174861751833654
0.0001521815236141912
0.0001198648313747606
7.988011846970976e-05
3.973409182767192e-05
1.070341751736734e-05
4.393903005857984e-06
2.887686616260912e-05
8.55384011235503e-05
0.0001677302239161737
0.0002617765606395039
0.0003499569908523963
0.0004148966730612601
0.0004437699295287897
0.0004314470853594346
0.000381498642211062
0.000304965781521618
0.0002172515251054062
0.0001342107634230639
6.839218366722199e-05
2.668596149798173e-05
9.696752331868497e-06
1.295423115826655e-05
2.932085567508545e-05
5.174697386925235e-05
7.539747354653027e-05
9.859304485242604e-05
0.0001222781886735362
0.0001484389911367502
0.0001780997294012738
0.0002097273295033507
0.0002387141059500948
0.0002582274870768406
0.0002612032305771056
0.0002428718245886513
0.0002030282537153817
0.0001471801991309393
8.609531581889889e-05
3.375942013090516e-05
4.100903412456777e-06
7.435113045007268e-06
4.750688746769857e-05
0.0001200015621038579
0.0002130102328916443
0.0003094047501766915
0.0003905024739664941
0.0004402809868830094
0.0004489079034687711
0.0004149293825029306
0.0003454885241623895
0.0002545833769460677
0.0001599005190722126
7.894602676905342e-05
2.538352713354316e-05
6.56181516114839e-06
2.249313069163454e-05
6.655554533764217e-05
0.0001275441821579463
0.0001924145074817621
0.000249158001784329
0.0002889474927846266
0.0003073383189283404
0.0003042921050066726
0.0002832821938616613
0.0002498075691817075
0.0002098798076748856
0.0001687841895838787
0.0001305329173762087
9.774750638105056e-05
7.214858680952873e-05
5.504408393630946e-05
4.776871898659379e-05
5.165709306606122e-05
6.768471047634897e-05
9.579638496694225e-05
0.0001342006538616879
0.0001789487513594141
0.0002240826068423803
0.0002623348184427491
0.0002864543449478379
0.0002907936878391524
0.0002728032454391314
0.0002340277583412195
0.0001803298343631838
0.0001210509287152217
6.748030860196424e-05
3.054079350204925e-05
1.857311111282246e-05
3.54010996216564e-05
7.929671666770699e-05
0.0001430639966311844
0.0002153040099089602
0.0002825330482033012
0.0003319042913698743
0.0003537783717121601
0.0003436797762039734
0.0003033383551888113
0.0002403491858109754
0.0001667335292732563
9.657656343039726e-05
4.328771126811025e-05
1.693302590828904e-05
2.232566276518155e-05
5.812934044197647e-05
0.0001171856659355269
0.0001879629093611711
0.0002568631343373337
0.0003108095330407966
0.0003398002642885993
0.0003387164721840642
0.0003081690594203273
0.0002543067633706747
0.0001875096738716665
0.0001203209803191579
6.508600041361467e-05
3.161815089048767e-05
2.547141902561272e-05
4.700210810821935e-05
9.146709788554271e-05
0.0001499965023031984
0.0002113889200639332
0.0002641772065348856
0.0002987877351124407
0.0003091917657544367
0.0002939333237969946
0.000256267700089255
0.0002034466962716768
0.0001452983566957172
9.235493028812049e-05
5.396433123055941e-05
3.659249423722028e-05
4.272834597398212e-05
7.054207069159357e-05
0.0001143140328165539
0.0001655413446262685
0.0002145846128972431
0.0002523943056450727
0.0002721816374469321
0.0002705491772732825
0.00024810339592742
0.0002091614736647955
0.000160939171798616
0.000112170447689613
7.144627578211406e-05
4.566672646847166e-05
3.882891225003659e-05
5.134613386019235e-05
8.008383921027473e-05
0.0001190107311251219
0.0001604117497402522
0.0001963048452342178
0.0002199712164165992
0.0002271017622869995
0.0002165500120064401
0.000190409397323027
0.000153549755379058
0.000112595294929213
7.466056004704363e-05
4.604447123505891e-05
3.109221452784009e-05
3.149595410413865e-05
4.611752908471678e-05
7.131879783966818e-05
0.0001017315245496604
0.0001313346846087081
0.0001545344748525231
0.0001671541353197875
0.0001670850228015246
0.0001545354834081048
0.0001318911067007599
0.0001031495202588282
7.319204428044804e-05
4.690648773820273e-05
2.839590712887083e-05
2.036331977941817e-05
2.374477223043434e-05
3.764419495126125e-05
5.953439817376789e-05
8.568117623676557e-05
0.0001117452442069355
0.0001334298842677494
0.0001471255778225097
0.0001505152651862453
0.00014294079459687
0.0001256467229980976
0.0001016635902865281
7.543139331142639e-05
5.216799548403583e-05
3.698446376984853e-05
3.393838729477275e-05
4.516193717061977e-05
7.023411720695751e-05
0.0001059871844697676
0.0001468683073650619
0.0001857993391732438
0.000215532843772379
0.0002301291980695733
0.0002263925070478687
0.0002048170272861011
0.0001698211059595827
0.0001291192503389114
9.226596593153448e-05
6.866374310321155e-05
6.538264870851963e-05
8.535670244032235e-05
0.0001263664214192977
0.0001812281501166173
0.0002390607177482209
0.0002876227336415473
0.0003161809910603716
0.0003180313987282108
0.0002924104996243652
0.000244964072167123
0.0001867075712837522
0.0001316782865597018
9.360375008790744e-05
8.263042476592735e-05
0.0001027199313431621
0.0001504940031348538
0.0002158533639344013
0.0002843386003526627
0.0003405996296020658
0.0003722325844429313
0.0003729137774077267
0.000344113670198319
0.0002948065608334567
0.0002393436973441121
0.0001937848312256114
0.0001719125294148532
0.0001817024227472766
0.0002233152745162678
0.0002890866452701407
0.000365489936870113
0.000436699187296816
0.0004884900463303724
0.0005118191523374863
0.000504842027572903
0.0004730284924326305
0.0004273516244107918
0.0003810952729441123
0.0003462104224114211
0.0003302750865233859
0.000334759352805423
0.0003551117306043281
0.0003824634923071472
0.0004064050790144728
0.0004179309045256707
0.0004117874122465295
0.0003875131473846723
0.0003491040967334517
0.000303399369201167
0.0002581235797579827
0.0002198893190063128
0.0001929949015589652
0.0001792458136999623
0.0001786286979348321
0.0001903188234524123
0.0002135757546567262
0.0002480493338306654
0.0002931656614491393
0.0003472695502335495
0.000406514298796921
0.0004646321342920896
0.0005137860416882038
0.0005466321772945766
0.0005591884902184614
0.0005534169678324566
0.0005387297690534098
0.0005312969493750528
0.0005510626464276331
0.000616738988868622
0.0007400932935163833
0.000921065899189395
0.001145289688870825
0.001385408796205968
0.00160571207667517
0.001769982315602396
0.001849818252121387
0.001832012019689535
0.001722115383639559
0.00154375154772511
0.00133322703234142
0.001130499625272911
0.0009700133606554216
0.0008722046667878383
0.0008393437264725825
0.0008563047835164387
0.0008956767896691007
0.0009261183714825325
0.0009212923856460887
0.0008666973380017387
0.0007630502675243768
0.0006248261612126124
0.0004752709223900598
0.0003391148283806181
0.0002358282509352295
0.0001747005807225829
0.0001537641886331118
0.0001619003632807577
0.000183470890125925
0.0002035200940495437
0.0002118797159109261
0.0002049443404727982
0.0001849204928895987
0.0001572495344335478
0.0001276132793084806
9.99685243674902e-05
7.643385387334058e-05
5.912641067359433e-05
5.290765508334201e-05
6.759294939872035e-05
0.0001181365206869693
0.0002219344968484972
0.0003935487566028405
0.0006384161885540224
0.0009472913716075004
0.001294520866183955
0.001640485440015738
0.001939232375412609
0.002149039484927855
0.002243838033913169
0.00222108602260654
0.002104502271090952
0.001939700313043365
0.001783562432250045
0.001689773870203167
0.001695148225715192
0.001809444721753277
0.002012846713747035
0.002260962819490547
0.002496506237836536
0.002664532139177598
0.002726274614222902
0.002668161951988765
0.00250401004148862
0.002269015006641377
0.00200885308324017
0.001766535267193497
0.001571320863172881
0.001433051641556653
0.001342620965929776
0.001278537449763794
0.001216378605117978
0.001138303522430964
0.001038979636984298
0.0009267337076077315
0.0008194699736878339
0.0007376210259306843
0.0006967340137887444
0.0007024421938094728
0.00074954909796994
0.0008251501539092785
0.0009143403460680063
0.001005767576819076
0.001094657359732863
0.001182409211668636
0.001272324876990462
0.001364430084940895
0.00145180719198388
0.001520960030115652
0.001557459433853087
0.001554978324594527
0.001525411620071713
0.001503768880756901
0.0015465084550325
0.001719086923636283
0.002076622821324333
0.002642149713671836
0.003389824531795616
0.004241398998111641
0.00507862595166987
0.005772503714370322
0.006222677575472183
0.00639462476221066
0.006343447448704908
0.006212949514447306
0.006205545548903145
0.006527717320979909
0.00732429634847512
0.008620709075987576
0.01029278566767215
0.01208024853754147
0.01364444200563692
0.0146645083901324
0.01494430692432699
0.01450275228379846
0.01361442971528915
0.01278044279997698
0.01262473041222573
0.01373301775459102
0.01647161093946596
0.02083138215030765
0.02635079887717612
0.03214248788327743
0.03704707078271987
0.03987763829418538
0.03972006476141304
0.03620827079389981
0.02970772493143155
0.02135016472595314
0.0128847064612633
0.006363257884770187
0.003722368038224015
0.006333175980644749
0.01463436602779242
0.02793640669360669
0.04444447720311245
0.06154305679287938
0.07625441499062793
0.08582932664722255
0.08832201600537469
0.0830261332013429
0.07068557586461953
0.0534185615728489
0.03434868972074551
0.01703830376840788
0.004794854104849367
3.614437927591116e-05
0.003799935227715728
0.01553337006181356
0.03318253649781695
0.05358924544590943
0.07307585421072893
0.08815857801190158
0.09617814910288711
0.09579189755602527
0.08718491763995348
0.0719918860287226
0.05295482460195648
0.03337737213597497
0.01649466623253161
0.004902272994008061
0.0001101897041399483
0.002342020392443718
0.01057146272835928
0.02278712706404708
0.03642738887412819
0.04886866581146367
0.05789954255861513
0.06207867856090816
0.06091615687478695
0.0548757143590432
0.04520427200253764
0.03363518230245614
0.02204802220273512
0.01212545680022598
0.005100145378894257
0.001598726123313998
0.001613897174679987
0.004589717397281817
0.009585836304197374
0.01547986061565063
0.02117344848321898
0.0257540870835819
0.02860713543653184
0.02945480157168001
0.0283408369506577
0.02556935870670035
0.02162073922746101
0.01705964861409853
0.01245877416658077
0.008332394980379415
0.005097405740804252
0.003044528190222393
0.002327627047135526
0.002956646795213441
0.004799798360482109
0.007591515827574218
0.01095269996532236
0.01442140359644688
0.01750366828289975
0.01973201143421234
0.02073523085115619
0.02030260898760648
0.01843225636233837
0.01535205897127994
0.01150339903126957
0.007484954184492398
0.00396578596608994
0.00157190716636609
0.0007757606092282836
0.00179957850700001
0.004558709313719774
0.008657848257440112
0.01344099831024556
0.01809854669825189
0.02180366300194705
0.02386521528755136
0.0238640148692113
0.02174366645556616
0.01783993121456844
0.01284077511896354
0.007670348766900854
0.003332869107996064
0.000721773871144718
0.0004491865584041508
0.002713246241425207
0.007241814143778494
0.01331881396808696
0.01990259192613337
0.0258045256983418
0.02991555267064722
0.03141826596176816
0.02996374221114313
0.02576086739086313
0.01956617110879728
0.01256250391481976
0.00615444057506298
0.001701159736643177
0.0002514273793917121
0.002317708027724292
0.007747683788477432
0.01571913370645685
0.02486300382304227
0.03351174991188886
0.04000830148892642
0.04304286067550698
0.04193237663995852
0.03679412637870555
0.0285613173370955
0.01884327578625001
0.009628577869688137
0.002906606978907446
0.000253164606174466
0.002490480382043365
0.009473345704896342
0.02007397529253337
0.03235957246578115
0.04396426582423143
0.05255276748258542
0.05632187457372042
0.05439828387200699
0.04706902822212844
0.03576692591989656
0.02281283602002215
0.01094202360082869
0.002732163256984247
2.52815755390781e-05
0.003500770384752428
0.01248510703465272
0.02505913858640629
0.03846560919637925
0.04970881847804301
0.0562541807058996
0.05662461588250035
0.05078090564833342
0.04015590493161185
0.02733663095052296
0.01543150424592495
0.007299197822727467
0.004789548546516271
0.008237893193404717
0.01633116893466341
0.02642702339398178
0.03526933323021914
0.03993574854631588
0.03875894746376547
0.03197484135893643
0.02186041445567335
0.0122624900087076
0.007591396885616991
0.01148166349674037
0.02549252670529284
0.04823071423824944
0.07525809449443956
0.09991253852800393
0.1150341451077973
0.1151814323526809
0.09884336384964661
0.06995005948531016
0.03808013741461786
0.01705299995117437
0.02188190989841306
0.06464708275806705
0.1501694186936197
0.2727485888592108
0.4149623122544712
0.5497587698757724
0.6456378991447115
0.6749306604777976
0.623363570102359
0.4992545600970147
0.3398339639453149
0.2126110174576294
0.210266287188757
0.4389799275008737
1.001218823612492
1.975143203168609
3.395349747805498
5.236613481477131
7.40801206927631
9.754857304757024
12.07396148433127
14.13879531168703
15.72874572183228
16.66304097735043
16.82761133883691
