# RCS in m**2 for a L=5 cm PVC cube at 22.5 degree aspect angle
# frequency = 89 GHz, 
# theta = linspace(0, 6.2832, 1441)
# phi = linspace(0, 0, 1  1)
16.63804055604816
16.45824309398878
15.5883898681954
14.11880987322028
12.1986797135644
10.0150204008403
7.766971300922791
5.639592225392262
3.781379634437618
2.289021793389324
1.201246603755266
0.5020742061959538
0.1321619207887605
0.005476575016187
0.02771818934585099
0.1131065673751319
0.1966529208842183
0.2403062419343331
0.2327036368852836
0.1836317478951242
0.1151987307356268
0.05221053040358663
0.0140185729421105
0.0095143709474491
0.03594137702810679
0.08121687181107605
0.1286281207357595
0.1623066702506941
0.171895663217817
0.1551953474235165
0.1182502578532465
0.07308484333545695
0.03389113652194087
0.01285169605781972
0.01676765999358252
0.04536529320604207
0.09163466615315027
0.1439775467923261
0.1894647148694674
0.2172622415503178
0.22128533951176
0.2014366937759451
0.1631869484855475
0.1157500213121923
0.06943230394905298
0.03295107968986467
0.01142323938858059
0.005522472922536688
0.01191339308325988
0.0247202306486605
0.03752437139167026
0.04527359023983804
0.04556999476688975
0.03903066776730822
0.02870387680886132
0.01880637711627751
0.01321900933037285
0.014216319996676
0.02179688979324362
0.03377509021403825
0.0465480294779607
0.05626167213008981
0.0599908124635091
0.05657382601920111
0.04686594573797131
0.03337780849310155
0.01943845820830137
0.008175512440153999
0.0016290393394142
0.000262086123516782
0.002989061120026711
0.007677503704504931
0.0119332496625975
0.01390588588827585
0.01285618253330497
0.009322406290487978
0.004853915951854154
0.001420494708016879
0.0007044092974479797
0.00350922541252304
0.009471492979079191
0.01715996809397425
0.02451864216733675
0.02950575729566594
0.03072065852309762
0.0278253336472273
0.0216339891079775
0.01385352656403973
0.006565104508314327
0.001613857573430794
9.230709605804174e-05
0.002071372799757919
0.006646109950998211
0.01226690779293544
0.01724158302993664
0.02024670970467218
0.0206925528784094
0.01884031354446885
0.01565021819944343
0.01242446464472101
0.01036665110448893
0.01019982532944658
0.01195810434738449
0.01500687747978399
0.0182729738373036
0.0206001577728024
0.02111443138476221
0.01948317301257699
0.01599457379204394
0.01144132652481619
0.006857302816611079
0.003196539168132292
0.00105806428472326
0.0005398304746615147
0.00125961737844291
0.002525704644663794
0.00359467674273822
0.003927629646721178
0.003363318178014349
0.002154379382827881
0.0008626159658150999
0.0001507440367168697
0.000543519461097194
0.002235754316404867
0.005009092999628124
0.008282447332985953
0.01127854790409988
0.01325256038798409
0.01371222847945219
0.01256036716514869
0.01012061776306197
0.007038736415340741
0.004093959189275133
0.00197762122048958
0.001106234829779468
0.001520969093168644
0.002900970528092953
0.004680066450303839
0.006228451604540334
0.007042270268182052
0.006886341162779933
0.005848702004219697
0.004297328188259567
0.002755580580250969
0.0017381979013339
0.001597168400906397
0.002423017596726583
0.004026999718324195
0.006006173477380478
0.007866206845575754
0.009165590142675586
0.009636542782690709
0.009249913572123663
0.008207367840814031
0.006868769454740773
0.005639130914688578
0.004848896905773275
0.004664150089197655
0.005049662969646923
0.005792459621006934
0.006574994813567442
0.007074638626879404
0.007057327779900935
0.006441201743579984
0.005311574488412336
0.00388782815195695
0.002453498454444219
0.001273303349165361
0.0005213878422269771
0.000240763925591945
0.0003442167705942532
0.0006532245007803503
0.0009614831141868772
0.001102515725969338
0.001000994056583039
0.0006933745022566627
0.0003125281361183413
4.261679670469846e-05
5.827984407928363e-05
0.0004666239342820833
0.001269194222894286
0.002354936941359534
0.003525999316546909
0.00454891382643307
0.00521699761698857
0.005406729028897187
0.005112176933123677
0.00444943740903906
0.003628675390341544
0.002902482738399636
0.002502870360634362
0.002584010454493206
0.003184202051932826
0.004216514796053078
0.005489256929764649
0.006751826974222348
0.007752113777641539
0.00829347018820103
0.008277019738295229
0.007720011230738291
0.00674723542970727
0.005559195312469965
0.004384842500507349
0.003431377139516336
0.002841207758691627
0.002667179764053837
0.00286810043005996
0.003325690811162246
0.003876781161779825
0.004352306852784008
0.004614359587801716
0.004583103863976596
0.004248087450077489
0.003664355828324173
0.002933609970388769
0.002178320038189898
0.001513371553553533
0.001022616794385942
0.000745097501440841
0.0006720461120644192
0.0007549442943344311
0.0009212091659057885
0.001092999666957762
0.001204989056991831
0.001216918971226867
0.001119009121349914
0.0009296629241089559
0.0006873084854949597
0.0004386724945049025
0.0002265390647947269
8.051050599633603e-05
1.154899868208682e-05
1.204394922431046e-05
6.009630805263177e-05
0.0001268008853356331
0.0001843103626942714
0.0002126721481148482
0.0002039831277484511
0.0001629819809413282
0.0001044307825340163
4.817302336038133e-05
1.323486126566027e-05
1.259854273412379e-05
4.982309853496652e-05
0.0001182493412883224
0.0002028533944899909
0.0002841097042570192
0.0003430009841433313
0.000365563442905066
0.0003464326388636231
0.0002901818445242282
0.0002102992031035234
0.0001262177303848784
5.897406627274304e-05
2.649765521891857e-05
3.968285488109844e-05
9.990237408852491e-05
0.0001986206349283961
0.0003190406722381018
0.0004395248410384171
0.0005378885047389638
0.0005959196049178497
0.0006029228863548628
0.0005579140196128139
0.0004697692700031182
0.0003555353516622577
0.0002371906845607117
0.0001374461971205157
7.550275084288617e-05
6.350086893493601e-05
0.0001042781533984446
0.0001909262905012966
0.0003080948679255996
0.0004348705574452579
0.0005485321934056201
0.0006287223529488215
0.0006610638578518041
0.0006396954974129199
0.0005683250763241271
0.0004594370462534618
0.000332121626197422
0.0002086540759649278
0.0001105379397773411
5.473571408418493e-05
5.068477013847522e-05
9.865423327256544e-05
0.0001897189953919868
0.0003073137757691865
0.000430195177786625
0.000536169893531732
0.0006060118521473681
0.0006269111506697578
0.0005947500575121605
0.0005148803047879756
0.0004011825232931971
0.000273683030527297
0.0001548517653406573
6.56867167742788e-05
2.180428678573551e-05
3.060557263394717e-05
8.985042646639204e-05
0.0001880160578033546
0.0003063840567873278
0.0004224542507586516
0.0005141652221616169
0.0005640011919781802
0.0005623590938891323
0.0005094024030111303
0.0004150498083812843
0.0002971218731245921
0.0001778910387759585
7.980608714096164e-05
2.104842695022204e-05
1.197778325104418e-05
5.31080080504933e-05
0.0001350149315650507
0.0002402888862801308
0.0003470668342205031
0.0004335389929314428
0.0004823535373918712
0.000484174857552931
0.0004394757981762313
0.0003582691700322917
0.0002578946216622193
0.000159095544008385
8.165546791176442e-05
4.011477665280173e-05
4.087056883937185e-05
8.106386943416467e-05
0.0001496080433612737
0.0002300402263227291
0.0003045029590971744
0.000357914675494137
0.0003812686933034603
0.0003733573168193106
0.0003405356720979951
0.0002945145832873684
0.0002489343633451023
0.000215650465331988
0.0002015963853923155
0.0002072404755874398
0.0002269393212221334
0.0002511786361462144
0.0002699169058467258
0.0002762095344234989
0.000268842133496994
0.0002532521254015993
0.0002402329801049284
0.0002427189629410752
0.0002714507948300816
0.0003308254094013943
0.0004160986029073274
0.0005132103115913279
0.0006012709885213729
0.0006575666599380136
0.0006637815896151389
0.0006118298082126682
0.0005075966019901501
0.0003712650920705266
0.0002338019602633191
0.0001301441949764936
9.063566719570918e-05
0.0001328067231384597
0.0002557763977615434
0.0004389332769621194
0.0006455638159530527
0.0008308928411322625
0.0009525629849398181
0.0009810917069733914
0.0009075397792834652
0.0007462878811311114
0.0005319092637814952
0.000311008063053265
0.0001308037986004352
2.749674392709231e-05
1.744408898280094e-05
9.352649350852839e-05
0.0002276537975852771
0.0003787202453424648
0.0005038029592823893
0.0005695239173693998
0.0005603985200260185
0.0004819048550255766
0.0003575243717328107
0.0002208756206186549
0.0001052148206373265
3.377699079107376e-05
1.365712154941562e-05
3.52146417103534e-05
7.695978853878207e-05
0.00011427454080694
0.0001289560031650602
0.000116337580506964
8.744829094477171e-05
6.521410521715108e-05
7.593894924426012e-05
0.0001386102039858425
0.0002559055058886054
0.0004101912443260266
0.0005663900920550682
0.0006815017963009808
0.0007183338222592033
0.0006589160755756655
0.0005135054721129028
0.0003214431864626489
0.0001428529250948535
4.282722734461842e-05
7.237254608369994e-05
0.00025169904578775
0.0005612314025846084
0.0009436398904800198
0.001317124163921786
0.001596662717474769
0.001717402703055839
0.001653334674712492
0.001425565439469257
0.001097204172459797
0.0007560387118264434
0.0004898493833027395
0.0003612753341325083
0.0003900940964085538
0.0005481442140188788
0.000768627730706501
0.0009671903045313679
0.001068242646645931
0.001028680324618439
0.0008513223033628094
0.0005840206712504917
0.0003045476327417507
9.576420728855713e-05
1.925465527293216e-05
9.552416601362508e-05
0.000297298472251545
0.0005581700911939213
0.0007938098869765838
0.0009289838405566591
0.0009215485308701033
0.000775450998525256
0.0005384733727101238
0.0002852849013805758
9.153079497759429e-05
7.840654307872766e-06
4.2661406010589e-05
0.0001603123837598686
0.0002953717319387951
0.0003789479740614274
0.000367744131977554
0.000265767892546764
0.000129898334836944
5.603387940806408e-05
0.0001488544636923485
0.0004841825824222656
0.001076197077620915
0.001861307875402623
0.002705528324479276
0.00343563893611405
0.003885818298258059
0.003946654826697886
0.003601231452417366
0.002935957795276516
0.002121432550146231
0.001367258706364995
0.0008634460131428542
0.0007254378858617175
0.000959698097421135
0.001461235439979803
0.002044527782763529
0.002499998305016014
0.002658718415979672
0.002446118334452917
0.001907769948646278
0.001198205135305679
0.0005357859750985153
0.0001363499253180393
0.0001458558906977299
0.0005929915629398083
0.001376538960068064
0.002292541388837583
0.003093145134707965
0.003559528790190946
0.003566320304083766
0.003117529727481601
0.002342264893210687
0.001451825224776755
0.0006717138342546733
0.0001707467977327254
1.081489526720622e-05
0.0001342384413155047
0.0003942453726399371
0.0006187126089681749
0.0006860023217794311
0.0005861394710946777
0.0004436227606615403
0.0004898928131749472
0.0009896526544184991
0.002141567169965926
0.003985640371441674
0.006350124744678848
0.008862868191600745
0.01103325843632155
0.0123886177140178
0.0126305613937281
0.01176414280413023
0.01015607334071712
0.008492807227975527
0.007637208213372501
0.008408916772748186
0.01134313868287356
0.01649130613705322
0.0233257218118562
0.0307867892103512
0.03747820459666992
0.04197413804342788
0.04317074843138952
0.04059441587803541
0.03458287641616867
0.02627988545866396
0.0174272759227358
0.009990508059289895
0.005696502244843696
0.005593030920315142
0.009744073773563615
0.01714883357010929
0.02592622277123086
0.0337419740274499
0.03840330778213347
0.03848460880799672
0.03384495097206382
0.02590213303243842
0.01757623922626817
0.01288298225474733
0.01623301733670975
0.03156025811956903
0.06144921610999914
0.1064280911494107
0.164603499740127
0.2316992779864453
0.3015347874333357
0.3668593672628006
0.4204138654062663
0.4560206536324822
0.4695270432590375
0.4594193521288661
0.4270257637431606
0.3762621330543975
0.3129864947225584
0.2440866417958636
0.176461705307308
0.1160632427014462
0.06717515745794024
0.03200535944382431
0.01064511748466857
0.001365947539282548
0.001168667403226699
0.006459093397726213
0.01372897045479736
0.02011493232464441
0.02375857760852612
0.02392857929817604
0.02091705878520671
0.01576263729925505
0.009876772633647174
0.004660045411928076
0.001186566050902931
3.737396403766704e-06
0.001078711239139621
0.00387587932181127
0.007534193571430975
0.01109318654392347
0.01371417452608642
0.01485107251846826
0.01433894491103694
0.01239339816479356
0.009527494902261725
0.006415036716885774
0.00373230327369689
0.002014457024249581
0.001554223966522473
0.002360070767296698
0.004176470856088706
0.00655659482086925
0.008967699901546954
0.01090468124486546
0.01198991745279372
0.01203817675770742
0.01107891005417733
0.00933478184923414
0.007163912889514841
0.004980940232348187
0.003173563059244874
0.002030831824744412
0.001696132610816258
0.002151298766942495
0.003232162897377168
0.004670105420191331
0.00614947178761084
0.007368971785597255
0.008095393910059765
0.008200797623068813
0.007677671854405944
0.006631266649645096
0.005252758546966601
0.003778961464476553
0.002447514053423106
0.001455486670503802
0.0009282395660039255
0.0009030254897638325
0.001329154479252944
0.002083005890858333
0.002994327508881767
0.003878395448474911
0.004567989264671943
0.004940459018857147
0.004935000181780104
0.004558509892075796
0.003880050154132555
0.003015228492478891
0.002104199573620181
0.001287112845730137
0.0006810663733183019
0.0003624008468858942
0.0003566359047499694
0.0006370913986604368
0.001132200845270934
0.001739460267386607
0.002343657325146235
0.002836152834739688
0.003132180112603705
0.003183366601945235
0.002983955853975583
0.002569884523024266
0.002011131868743327
0.001398966989274578
0.0008302413716240313
0.0003913586391825824
0.0001444556858723047
0.0001180534126273996
0.0003034338431412046
0.0006572139242161919
0.001109580821722129
0.001576529407628238
0.001974389303675579
0.002233689688284881
0.002310463467875908
0.002193044554650731
0.001903147193374114
0.001491501038352038
0.001028336859155127
0.0005910138997045709
0.0002504230201221536
5.894055436847598e-05
4.163049920881599e-05
0.0001925529303422524
0.0004765003885645334
0.0008358907715674985
0.001201495266250029
0.001505063196979901
0.001691454811410846
0.001728272731962767
0.001611046246560091
0.001363272142440963
0.001031300147152718
0.0006751728956630169
0.0003571465790228984
0.0001301575536300841
2.837259596482363e-05
6.159228377894026e-05
0.0002144446211656404
0.0004504078049393819
0.000719631816869849
0.0009690973180256423
0.001152783934898395
0.001239996752450219
0.001220176827975936
0.001103576294226025
0.0009176098689054067
0.000700148114965606
0.0004911660330195619
0.0003247312459753385
0.0002228537581086091
0.0001925813864284268
0.00022656617297861
0.0003067521099173525
0.0004099786865918274
0.00051413327018057
0.0006030875737099174
0.0006694674284325941
0.0007146212157953005
0.0007460783229502665
0.0007733462972267989
0.0008034652542776307
0.0008375692171494552
0.0008695934599526557
0.0008875224960846936
0.0008769083726730331
0.0008255776605006155
0.0007283519122810669
0.0005902155528777755
0.0004269678344325679
0.0002629369959074095
0.000126235769012625
4.26234298956422e-05
2.952254603047266e-05
9.175899697313003e-05
0.000220162036933506
0.0003934427947081338
0.0005829294396276748
0.0007588790344537353
0.0008968936815595624
0.0009826145476032238
0.001013585869271064
0.0009980062330502226
0.0009507104951251982
0.000887779491562625
0.0008214243480756838
0.0007567135745898596
0.0006911614797553896
0.0006172636865556196
0.0005271896624725784
0.0004180028147823429
0.00029561016471096
0.0001759380624248557
8.248838725570674e-05
4.07455617284222e-05
7.076495175142206e-05
0.0001801231579231779
0.0003594338239931121
0.0005820757025234159
0.0008088363606682561
0.0009964533564650478
0.001108128621358554
0.001123224369941884
0.001043272473371425
0.0008924856282922461
0.0007122282923699177
0.0005505339834398693
0.0004496225267000994
0.0004343372741828837
0.0005051666309227436
0.0006377286970610375
0.0007891244451199612
0.0009096710612865249
0.0009567759398195099
0.0009072071833691977
0.0007641363242352031
0.0005569252746749135
0.0003335312258987976
0.0001474163186169528
4.278658471211571e-05
4.218876444062827e-05
0.0001400919164814563
0.0003043678067389257
0.0004853245147325702
0.0006297419147705309
0.0006959045665390492
0.00066526126897875
0.0005473575695953614
0.0003765316054358703
0.0002014479645198725
7.053561422777429e-05
1.769071986716082e-05
5.253617790380388e-05
0.0001581187463919367
0.0002967342183407623
0.000422071198783892
0.0004938806122731953
0.0004907361889929467
0.0004167847442253479
0.000300458376411385
0.0001854383836850515
0.0001166749018267433
0.0001257285551798746
0.000220131186576181
0.0003800687797020966
0.0005636178501312143
0.0007189684012149427
0.0008000933897694787
0.0007808905930284629
0.0006635079463271
0.0004782521024996117
0.0002748658966557557
0.0001079750393594744
2.097206858816313e-05
3.331120381081258e-05
0.000135113141698972
0.000290626285553175
0.0004495687017984957
0.0005626134468916676
0.0005964269986034223
0.0005433829499712124
0.000423214608953808
0.000276071696808415
0.0001493003629742952
8.225853504336726e-05
9.388889471524528e-05
0.0001770375265190627
0.0003012014799532959
0.0004227598668414142
0.0004993111108181317
0.0005034600457929401
0.0004316822596607984
0.0003053827567852574
0.0001638924251098581
5.169436449722929e-05
4.058698691368572e-06
3.565159688467903e-05
0.0001358956771610103
0.0002724638753642172
0.0004017863858617077
0.0004831319174706844
0.0004917037167995011
0.0004265753431732869
0.0003108100531839741
0.000183849851430183
8.866619911120769e-05
5.769931390881082e-05
0.0001023309803978422
0.0002091229536654821
0.000344124462007453
0.0004637696783294986
0.0005289022103015731
0.0005173843418311069
0.0004312223794178511
0.0002960011145184282
0.0001527093637707632
4.472932439439176e-05
4.075699035499371e-06
4.131993947221006e-05
0.0001423936027167059
0.0002732179640630947
0.000390769162951202
0.0004567750429116289
0.0004499949016988222
0.0003728709160935935
0.0002506731639868795
0.0001234499281348678
3.31909305105511e-05
1.06052111987639e-05
6.535523968131718e-05
0.000183050733091442
0.0003296910618691454
0.000462280331864085
0.0005419443919181587
0.0005457922676479905
0.0004734718302037745
0.0003467300430143059
0.0002022243536345926
7.982247521960857e-05
1.030268266064568e-05
6.314863221332337e-06
5.925630237844345e-05
0.0001430232147213133
0.0002232763653716648
0.0002690680608620571
0.0002631935941988934
0.0002078755022685578
0.0001239889736226324
4.422735906587467e-05
2.282716756015481e-06
2.15611548411961e-05
0.0001070661611250335
0.0002429966417944752
0.0003967718577139054
0.0005285012931018672
0.000602696266914803
0.0005989718831751151
0.0005181968034541495
0.0003824718652795411
0.0002287404969953756
9.817800250170274e-05
2.431158401888722e-05
2.36427646354773e-05
9.126925027918636e-05
0.0002028615971051059
0.0003223150142056261
0.0004125470291476375
0.0004464019535118106
0.0004143664297904726
0.0003268753133596739
0.0002106447644521798
0.0001003912046641329
2.823669264660027e-05
1.425793488108085e-05
6.069434887385911e-05
0.0001516043420691053
0.0002579579762587821
0.0003464297779691777
0.0003894650809212012
0.0003735083318864161
0.0003029903843157193
0.0001990729354526634
9.351523411178817e-05
1.943009337252314e-05
1.751625299739804e-06
4.994918365192712e-05
0.0001551960524786194
0.0002926154018151832
0.0004280817631585111
0.0005273413387848005
0.0005653343925528726
0.0005327374086271657
0.0004382389958478662
0.0003060601329129434
0.0001692593012860355
6.100419657256422e-05
5.952872493926321e-06
1.417655719254626e-05
7.912603165240554e-05
0.0001799977842403157
0.0002877091386408198
0.0003728631131669198
0.0004133467876400082
0.0003998365919182797
0.0003375126712141241
0.0002440402288274378
0.0001443131501390541
6.349302351094234e-05
2.034928050340988e-05
2.264302647731817e-05
6.55636802776253e-05
0.0001336468574620445
0.0002054655871676454
0.0002596597428503836
0.0002808048342567384
0.0002634102296446642
0.0002131792548452605
0.0001451586686998655
7.949936924596901e-05
3.586564357227282e-05
2.812553017650226e-05
6.060097920720558e-05
0.0001268831346869452
0.000211479947187665
0.0002937477013660739
0.0003531893412729504
0.000374657363629265
0.0003522446672930466
0.0002908022160945928
0.0002048769871753791
0.0001152046005820747
4.383097430083542e-05
8.802315792891011e-06
1.994130515925557e-05
7.651768042561379e-05
0.0001673782567359886
0.0002735087836806087
0.000372341375691104
0.0004427798772895311
0.0004698914781386841
0.0004481151661975741
0.0003823096939967719
0.0002866572358574185
0.0001813866320517539
8.845294264677776e-05
2.683327724105778e-05
8.63993694103021e-06
3.679828142500512e-05
0.0001046968499624565
0.0001977999633429302
0.0002968941363611335
0.0003820714530604633
0.0004368089166399363
0.0004510912445216933
0.0004231753789845029
0.0003595814162927126
0.0002734773500639428
0.0001818017652893677
0.0001018598138740478
4.79193147088117e-05
2.870015771216787e-05
4.596027496630761e-05
9.454240021175812e-05
0.0001637400774778818
0.0002395707522445463
0.0003075809618497869
0.0003555748052943825
0.0003756371493347795
0.0003654048514275856
0.0003281051091232405
0.0002716228870441604
0.0002068135658467586
0.0001453277742396955
9.755278998183039e-05
7.082521394913604e-05
6.836886930661684e-05
8.901426122518645e-05
0.0001277031713222107
0.0001766287269638295
0.0002267572814756249
0.0002694345651684152
0.0002978418782352328
0.0003079734343745773
0.0002991345961579255
0.0002738071940611768
0.0002370315311503712
0.0001954101484807409
0.0001559343291191266
0.0001248246979784737
0.0001065876951544812
0.0001034190617816714
0.0001149773633725455
0.0001386018337733801
0.0001698604979681476
0.0002033200215066797
0.0002334813653325245
0.0002555984754339967
0.0002664074959265321
0.000264546421747697
0.0002506963788165711
0.0002274145492439608
0.0001986296071182423
0.0001690234810971458
0.0001432573901288749
0.0001252355962478822
0.000117509953815237
0.0001208968676908345
0.0001343790449471885
0.0001552962074062406
0.0001797983271875068
0.0002034894085197735
0.0002221625811844824
0.0002324911148165408
0.0002325749047158496
0.0002222649678467236
0.0002031523037456596
0.0001783117207444581
0.0001517345842526483
0.0001276605040587226
0.000109781675695378
0.0001006474614797924
0.0001011785181955266
0.0001105341702224944
0.000126260727735795
0.0001447545862326294
0.0001619287517279043
0.0001739896662266194
0.0001780990468308261
0.0001729321863883309
0.0001588970517137581
0.0001380510883534298
0.000113681522013569
8.969965017760621e-05
6.986921133841654e-05
5.710666059338914e-05
5.293307292936763e-05
5.721076724806291e-05
6.819726263292624e-05
8.290284166380513e-05
9.768492702174476e-05
0.00010897705286468
0.0001139476767568675
0.0001110617461911873
0.0001003253831883537
8.328172938197537e-05
6.268911828656263e-05
4.196996453397128e-05
2.458253759544746e-05
1.335414420954821e-05
9.991774836642413e-06
1.477815051588229e-05
2.65421021693566e-05
4.288830941179839e-05
6.064621811943549e-05
7.641953179779401e-05
8.721202546159517e-05
9.091573494409612e-05
8.67259789763291e-05
7.527146996095542e-05
5.854037184239774e-05
3.959761075122846e-05
2.211288172111069e-05
9.75199475452817e-06
5.576020800866981e-06
1.148771600182178e-05
2.783813060919178e-05
5.327578243313863e-05
8.485076076220927e-05
0.0001184451989488551
0.0001493996818616956
0.0001733119155247684
0.0001868850202750012
0.0001885974000982393
0.0001791522331016874
0.0001615249422546041
0.0001405676568875879
0.0001222510455164357
0.0001125968046356151
0.0001165811809065672
0.0001370913059330101
0.0001742983353257966
0.0002254717431885792
0.0002854284835777289
0.000347347243858
0.0004041310672565574
0.0004496188128653218
0.000479855074493587
0.000493789818616015
0.0004934155872715364
0.0004833980598644635
0.0004700692378851634
0.0004601336199018947
0.0004593851165801903
0.0004715213092679081
0.0004974938365576036
0.0005354066405465188
0.000580925083257236
0.000628198249918483
0.0006710382221302189
0.000704072744675922
0.0007237827573855502
0.0007291330349356171
0.0007217730010040788
0.0007058447316648545
0.0006872114061922381
0.0006726543726488367
0.0006687278690312086
0.0006807632670262123
0.0007118317075598753
0.0007621786410490055
0.0008287106237938478
0.0009052237942837959
0.0009829050009005644
0.001051391296341939
0.001100138933412927
0.001120068213949588
0.00110533692537524
0.001054481563690073
0.0009713347057066267
0.0008649037075500851
0.0007484112966724603
0.0006373241804901172
0.0005469669139167369
0.0004897834596091242
0.0004728722550335478
0.0004965930516893213
0.0005539245498506452
0.0006315836903474032
0.0007122505719769836
0.0007775971020905703
0.0008117249454521128
0.000804166085525739
0.0007518356079666992
0.0006597096850336053
0.0005398267607995512
0.0004089407862921969
0.0002855551226449186
0.0001864241966951561
0.0001237879653971273
0.0001036164471665254
0.0001250769910858858
0.0001813913542877336
0.0002616513179264676
0.0003530765005141329
0.0004433238641141707
0.000522200557659846
0.0005827511658545398
0.0006215583949937019
0.0006385591948891717
0.0006366767627351603
0.0006214489785575548
0.0006007746659194936
0.0005847508173064354
0.0005851712361676916
0.0006145060350479439
0.000684099864671644
0.0008017499662860165
0.0009689977630479291
0.001178877637016574
0.00141508588976454
0.00165335192432963
0.001864823288669622
0.00202179070924753
0.002103928242439294
0.002104373460505882
0.002033073401689582
0.001916257691702314
0.001792098324840238
0.001702256480394592
0.001681413871926265
0.001747515513952396
0.001895024160781844
0.002093663670618842
0.002293763675335888
0.002436973216700372
0.002470522250792702
0.002361418546852817
0.002106715947151368
0.001736942655186722
0.001311272559599893
0.000905175124020268
0.0005937403686799156
0.0004340438786240196
0.0004520740603762066
0.0006369694270800889
0.0009442892612774673
0.001307379675031334
0.0016537697067742
0.001921465754942636
0.002071589915074918
0.002093620522193328
0.002002337013566989
0.001828960454334253
0.001609335266692804
0.001374431453173955
0.001145648061312593
0.0009374254794347026
0.0007647279984573746
0.0006522105932384982
0.0006395767740242169
0.0007796015518702011
0.001126222936561599
0.001715632614324654
0.002544906525575472
0.003557252334888801
0.004639934239567505
0.005640919704822666
0.006403338125275861
0.006809727607504056
0.006826269223929152
0.006531340326255818
0.006116392751384829
0.00585386797451367
0.006033883131172244
0.006883318094496946
0.008488049571903994
0.01074222272248114
0.01334252023224345
0.01584159310815346
0.01774999528796706
0.01867326138996727
0.01844475720605884
0.01722123189756885
0.01550661395080665
0.01408377792953407
0.01385854330593669
0.01564208968370005
0.01991936007928544
0.02665742591766815
0.0352164450263989
0.0443883659177112
0.05258873746338971
0.05815784445027921
0.05973544162312078
0.05660542581600114
0.04895425966382543
0.03794657935462051
0.02560671659504393
0.01448565716493879
0.00719626214245287
0.0058729057929075
0.01169501301587648
0.02456222115364224
0.04300464304837051
0.06436705196051894
0.08525235570115189
0.1021136486515433
0.1119403731621427
0.1128384550101392
0.1044399993405368
0.08802236740109448
0.06631042630124795
0.04301493954426408
0.02216297171465559
0.00735792937428588
0.001137115808760165
0.004501020623280749
0.01674723377618717
0.03561681094091258
0.05771350972202422
0.07914551767599551
0.09621103448985929
0.1060614391291433
0.107161935251783
0.09951671510774543
0.08459709765014049
0.06502171797703506
0.04403617769954532
0.02493036982772035
0.01045923874702053
0.002422589236169829
0.001415779731977991
0.006827951487607255
0.01703655373672649
0.02977205497026113
0.04254796138961318
0.0531059495132183
0.05975867085266765
0.06162130646605037
0.05866640235375994
0.05163803432703849
0.04184461735720205
0.03088463786978115
0.02035206985947531
0.01159352859273761
0.005524957098416985
0.00255381639371478
0.002584848372402969
0.005108821534399702
0.009337806602969347
0.01435939291487025
0.0192859387237675
0.02336910304449295
0.0260779518876621
0.0271325866989438
0.02649742723302405
0.02434845808980762
0.02102357157130725
0.01696247841713307
0.01265234303580673
0.008571288401120175
0.005146639430910614
0.002713991207657386
0.001487355642170155
0.001540021019302081
0.002794949051963904
0.005030495889584249
0.007903702342829192
0.01098692244284175
0.01382304446585744
0.01598359922863724
0.01713188554476835
0.01707469837274473
0.01579507943333186
0.01346089636975235
0.01040507266962344
0.007076587870784473
0.003975327639826011
0.001571307554803318
0.0002324816249795956
0.0001623908891377311
0.001367273774501572
0.003652312903438499
0.006652899599592389
0.009890512823005262
0.01285135651116236
0.01506464243371063
0.01618205798083851
0.01602809392028391
0.01462963566432875
0.01220998826770969
0.009153568992245448
0.005944582625333037
0.003094048661138887
0.001059445246060025
0.0001777088199246153
0.000613140192471899
0.00233310144537789
0.005112214897116776
0.008562582958242547
0.01218880014510225
0.01545907000951495
0.01787930103124161
0.01906824590791644
0.01881563476753104
0.01712236918651514
0.01421140557682901
0.01050898615594366
0.006597169179451875
0.003136316167745177
0.0007738434335345151
4.101156344390643e-05
0.001258240212984849
0.00446182156117974
0.009368196213063741
0.01538249231731868
0.02166640806931323
0.02724890484783619
0.03118490077542468
0.03272231989717284
0.03146644917921795
0.02749676574711126
0.02141757566915148
0.01431090436960863
0.007600531606736089
0.002820450627301359
0.001338849118493377
0.004066354489829722
0.0112195699279783
0.02218426971866723
0.03553485343610707
0.0492088292847981
0.06085216671918078
0.06825477586309231
0.06983417833218043
0.06504012998106457
0.05460811085482989
0.04057367877546379
0.02600558682381179
0.01449593117562838
0.009454905247073127
0.01335419358509788
0.02707412991267067
0.04951082390285427
0.07754818651032463
0.1065013819279644
0.1309205377280764
0.1457218717531126
0.1473401143489693
0.1347372241881152
0.1099455839839378
0.07801675334591694
0.04625346590417958
0.02286093132959042
0.01516881947478889
0.02785271262060251
0.06150591413332792
0.1119631681372467
0.1706400474250433
0.2259858412189482
0.2657688477622254
0.2799377321848027
0.2632973356885012
0.2174736526390577
0.1515191413194342
0.08079649358634923
0.02421436806061346
9.764851460322951e-05
0.02155242223463615
0.09233910761251271
0.2043689743862221
0.3376277594653548
0.4633115974962878
0.5496603499049252
0.5701756503036541
0.5124229544833501
0.3858762226158052
0.2268082814810384
0.09859543074523523
0.08647251894404052
0.2869611756398505
0.792931854268113
1.676225583610838
2.971635231347507
4.663293944017083
6.679614035040794
8.894015168174619
11.13638599356482
13.21252602967784
14.9266761998839
16.10906576876239
16.63803322219273
