# RCS in m**2 for a L=5 cm PVC cube at 22.5 degree aspect angle
# frequency = 88.75 GHz, 
# theta = linspace(0, 6.2832, 1441)
# phi = linspace(0, 0, 1  1)
16.01406923934508
15.87399243808044
15.06150778450871
13.66205018143434
11.8190412646753
9.713587171452357
7.539439344590315
5.477398661400126
3.67321724404123
2.222521916229838
1.164479490053926
0.4847882485738671
0.1265044426358595
0.006199233152722112
0.03191370625287017
0.119607934032759
0.2052753170633302
0.2511180937385258
0.2454725407252778
0.1975395077927516
0.1288391729468936
0.06381592766644137
0.02182011725199447
0.01211861151466297
0.03262123390501807
0.07204894722370773
0.1144593828436031
0.1445763972105932
0.1523714513662967
0.1356942478621424
0.1004077835061913
0.05820681358052947
0.02289747606087476
0.006288942326279429
0.01485614765921784
0.04804553933871859
0.09858846515978591
0.1546240895749468
0.2029495691184157
0.2324685562831529
0.2368972946124966
0.2160656933260006
0.1755562872184213
0.1249013592031938
0.07490653807887301
0.03489127699936643
0.01056302028640175
0.003047130779552931
0.009215935243661818
0.02310322248909984
0.03791556352503543
0.04802393453029941
0.05038343905691749
0.04504260397029788
0.03469158113402908
0.02347247838593117
0.01548724557533119
0.0134618507927329
0.01796212912063096
0.02735062032624547
0.03843152282949332
0.04754054796684079
0.05170571184769812
0.04952463172890002
0.04150020112889578
0.02977861951884278
0.01739963561358355
0.007328005715386588
0.001577632611498668
0.000689614746035649
0.003705641723523349
0.008611005268225187
0.01307664837801593
0.01524997377215472
0.01433715400567441
0.01080484227841143
0.006154196611007296
0.002360042389360443
0.001170920857095025
0.00350063615834985
0.009104732202911784
0.01663917885973412
0.0240721435133138
0.02931388012662084
0.03085922615263883
0.02824538108671959
0.0221869033812443
0.01435315340387788
0.006867429427290507
0.001686451595291612
4.808253899876524e-05
0.00215245943770461
0.007159209853606149
0.01348750707874528
0.01931590250673783
0.02312181723340886
0.02409819917223123
0.02233169474799691
0.01870148377656632
0.01454996401243737
0.01123539719303733
0.009713907117337581
0.01027197375388843
0.01248489141065336
0.0153969465209866
0.01785351859609607
0.01887472533158372
0.01795038635516799
0.01517144369064542
0.01116651407750254
0.006876883479630737
0.003250503817874345
0.0009553407823686378
0.0002020609738543683
0.0007243164886713951
0.001913124992163341
0.003052926877073711
0.003576224272300873
0.00325337541820224
0.002257780156412396
0.001090094904626689
0.0003910600674322191
0.0007080522409835469
0.002292559488593148
0.004994519934780034
0.008286989730814428
0.01141212234187787
0.01360165958078622
0.01430414305694741
0.01334643210628486
0.01098522245251738
0.007830796292452898
0.004671543321429704
0.00225137309111801
0.001067407398511327
0.001245545731091649
0.002528217899537581
0.004371766142334294
0.006121702153589698
0.007209757913749146
0.007316133570480938
0.006449665301761217
0.004927803115825971
0.003267027352943742
0.002020027092548553
0.001610055357891657
0.002210305758932257
0.003701952368839209
0.005717952399005619
0.007756008520705014
0.009324449929966856
0.01007747547662343
0.009901268053966458
0.008929871069177524
0.007489927445822351
0.005996027584769033
0.004827314790200319
0.004224552060538013
0.0042334137604298
0.004708154359318013
0.005370224252409616
0.005900695441496422
0.00603702474072801
0.005647254490930774
0.004759797704948869
0.003545098391772835
0.00225624618904678
0.001150294394703139
0.0004139059203037768
0.0001150893936839853
0.0001943276314305433
0.000494524198047257
0.0008191737755207474
0.0009992420991072962
0.0009481015496002084
0.0006884164857507832
0.0003432532088215663
9.534315179427086e-05
0.0001272443575031421
0.0005605888375658703
0.001412541592856526
0.002582567927532453
0.003872916194296764
0.005038043903654404
0.005848470174413597
0.006152237359038544
0.005916776346311298
0.005240283191919534
0.004329150225695961
0.003448285571403902
0.002855844321750986
0.00274028480120151
0.003174796878947543
0.004099987912259035
0.00533843828613681
0.006637529387270327
0.007728061246864999
0.008385508131821451
0.008479012560981391
0.007996891260983727
0.007044350225535394
0.005815256037172931
0.004545332224639248
0.003459659868784745
0.00272487593362925
0.002418726578181196
0.002520475796615474
0.002923954467152748
0.003468310815610696
0.003977627367891271
0.004300591731404746
0.004340973634878386
0.004072740157274096
0.003539202606606342
0.002835765773678875
0.002084540446196041
0.001404799198721467
0.0008878032946702378
0.0005808171800905267
0.0004822659723999337
0.0005486025572478009
0.0007094441811022196
0.0008867212769486525
0.001013186507678911
0.001045833645010381
0.0009721960025851935
0.0008085221183227154
0.0005918270468470749
0.0003678848277923136
0.0001788902579587856
5.364358388004338e-05
2.208623421487742e-06
1.58998509459922e-05
7.18906858188116e-05
0.0001408297661634473
0.000195231530628125
0.0002164631476473953
0.0001987882558555662
0.0001496090846288476
8.632689135818278e-05
3.080945031806345e-05
3.001596078623648e-06
1.546169751094324e-05
7.001457201101245e-05
0.0001573080789840376
0.0002592352321279823
0.0003534514459075666
0.0004190066898104318
0.0004412460507405827
0.000415522262565891
0.0003482454300882599
0.0002555232070689683
0.0001595095745192627
8.349980375745721e-05
4.677378353480652e-05
6.042295252598503e-05
0.0001249415030652556
0.0002301121357136048
0.0003571291064629997
0.0004825251123519883
0.0005828760933342846
0.0006395792391288816
0.0006424605206308471
0.0005917065200077136
0.0004976767065889279
0.000378832206418416
0.0002580399687737857
0.0001581945544282501
9.790952079358464e-05
8.813386333155299e-05
0.0001302559124916394
0.0002160464384151265
0.000329370713881807
0.0004493078215279521
0.0005539591331557168
0.0006245028071300477
0.0006484347369264841
0.0006217097248195149
0.0005492533598090854
0.0004439245675887877
0.0003241311054225781
0.0002104974749192943
0.0001222446740697773
7.387613625193238e-05
7.274743352001227e-05
0.0001179098926430684
0.0002003907484335708
0.0003048411892656207
0.0004122442343861421
0.0005032808364209831
0.0005615410903283461
0.0005764713862811912
0.0005451143279445947
0.0004725756032302489
0.0003711846856124765
0.0002583436839914345
0.000153431786413605
7.4540104453834e-05
3.516880084443664e-05
4.187590251486003e-05
9.302820016830677e-05
0.0001790100134942364
0.0002839043159162444
0.0003881874943218748
0.0004724163177705184
0.0005205840439838713
0.0005232773188112059
0.000479430103925611
0.0003967077405779406
0.0002901977805098299
0.0001796773193211429
8.593730887389605e-05
2.682532052645217e-05
1.375053231620092e-05
4.93575739658054e-05
0.0001268683451352371
0.0002312608220624365
0.0003420878005742608
0.0004374785007878131
0.0004984551458639921
0.0005127921657382651
0.0004775801865016559
0.0003998581313680901
0.0002952902847466696
0.0001850711006965937
9.15240646603113e-05
3.353501191318583e-05
2.265267971997567e-05
6.07031887800653e-05
0.0001394740716910751
0.0002425522130707482
0.0003488798078487091
0.0004373309207672801
0.0004911346610669132
0.0005013434922224216
0.0004685083938669153
0.0004020936566081918
0.0003179950922901955
0.0002346867846884699
0.0001689629739028812
0.0001323007922700681
0.0001287377495993725
0.0001547404028002896
0.0002009277555777856
0.0002551881647203107
0.0003062685581607324
0.0003467588918780427
0.0003746637466057591
0.0003932699513471024
0.000408887650781553
0.0004280577938556743
0.0004541677868468228
0.0004854411036066573
0.0005144548063736543
0.0005299820258354888
0.0005204875054979186
0.0004785243034635556
0.0004046018520258305
0.0003091856720418202
0.0002120305349935165
0.0001384858429975118
0.0001135223175614188
0.0001548438864202026
0.0002669646520407984
0.0004379713725924346
0.0006402418410183543
0.0008354017813807103
0.0009824677246016815
0.001047563350249854
0.001012549970861437
0.0008804443383907617
0.0006758478137547011
0.0004400003885082511
0.0002215741375180511
6.523221339935056e-05
9.141457317502164e-07
3.663015365273055e-05
0.0001566901440468289
0.0003259046955677803
0.000498707924230766
0.0006308310479323425
0.0006902992777302922
0.0006650021723453212
0.0005645614536177866
0.0004164300808349698
0.0002572282598135675
0.0001220757706313024
3.504966832915739e-05
3.536419802640165e-06
1.809433075368326e-05
5.762218197074669e-05
9.806039871673108e-05
0.0001216434464929208
0.0001235708935197491
0.0001137506211896153
0.0001129457652427155
0.0001444445281671548
0.0002240339138169405
0.0003518214018562659
0.0005089037489407818
0.0006606808657004669
0.000766309121789839
0.0007915624567850851
0.0007214040934480348
0.0005677385362095831
0.0003695762048743217
0.0001845387818931184
7.366506782565566e-05
8.36784263559953e-05
0.000231863204489947
0.0004985515698863635
0.0008300315951093769
0.001151553761200386
0.001387550054658141
0.001482812717268108
0.00141894470439837
0.001220475192094901
0.0009486361006445774
0.0006841755777547259
0.0005038336733800407
0.0004576936647316409
0.0005540541993090134
0.0007566386472231718
0.0009953572115472152
0.001187436390999762
0.001262879478987492
0.001186116308363527
0.0009674921806430228
0.0006606285103021567
0.0003462749114618673
0.0001077769320298105
5.507527306421741e-06
5.844313470692508e-05
0.0002386888061413799
0.000480738381314143
0.0007025634676705239
0.000831787544383377
0.0008283735397945014
0.0006965617821125488
0.0004819427345407342
0.0002547207033920205
8.485338464171515e-05
1.746767678715189e-05
5.728218750057649e-05
0.0001677548253087381
0.0002858320859997222
0.000347676368802247
0.0003166313362997428
0.000203386937633626
7.02339805532448e-05
1.63125422871562e-05
0.0001470794510321582
0.0005369040483971966
0.001196856363097572
0.002059035866564081
0.00298455801689618
0.003794688459968613
0.004317695065699611
0.004438429590651787
0.004134836805834742
0.003489954594322684
0.002673931715522999
0.001899648278380407
0.001364231166219652
0.001192894791851505
0.001402438436398299
0.001895633197656414
0.002489527788896493
0.002969688929478627
0.003154943480343061
0.002953097664713621
0.002390476729014322
0.001605848294405589
0.0008098765585359202
0.000221760342175752
2.457213327788784e-06
0.0002048405131118772
0.0007564229121622881
0.001480762922015508
0.002151129689643924
0.002560158010563226
0.002583859577439035
0.002219325324379383
0.001584212759275336
0.0008773184091414465
0.0003127482434674401
4.891370459223294e-05
0.0001356584109061297
0.0004985484004777304
0.000966724315778897
0.001336942926352998
0.00145364425938487
0.001277962961996907
0.0009203747010125173
0.0006217085320603423
0.0006836836170057341
0.001366711926051796
0.002786512031978047
0.004844326822065834
0.007219590242943017
0.009436171118984699
0.01099286595541595
0.01152522205990657
0.01095372950786831
0.009568848254943977
0.008019316133969648
0.007189682871964763
0.007988406222339293
0.01109187717991056
0.01671165533706318
0.02445113258530416
0.03330370705475171
0.04181050657758019
0.04835695119899595
0.05154634464949587
0.05056800696677705
0.04545999875677213
0.03719490501133652
0.02754881413896396
0.01876476314600569
0.01307382769034835
0.01217924485440128
0.01682177460357545
0.02654059029667895
0.03969679036947409
0.05378467676044592
0.06597027443511302
0.07375820798711157
0.07564075076752379
0.07158126408439724
0.06321069605368043
0.05367235615295304
0.04712189966757862
0.04796196345189688
0.05995638471687521
0.08539492670853162
0.1244776989270847
0.175053855766494
0.2327750791501662
0.2916589222021397
0.3449563041081399
0.3861885839431232
0.4101520905680642
0.4137241481901205
0.3963394104722072
0.3600352323457762
0.3090914741100164
0.2493328306085299
0.1872159108181749
0.1288815792672071
0.07931650709506077
0.04176072181527935
0.01744260877705674
0.005658782160568915
0.004137923258545212
0.009622991526015652
0.01853006769771701
0.02757137464672329
0.03423918864785486
0.03708392347853382
0.03576544281856994
0.03090013460237867
0.02375897451887904
0.0158981412941548
0.008791037939226976
0.003542912475323239
0.0007210496050529385
0.0003205666553288175
0.001851193989458285
0.004510071792497876
0.007393882836900623
0.009701260701795869
0.01088587467991994
0.01073623526457003
0.00937402322989688
0.007183343309204855
0.004694043435346722
0.002448535930255339
0.0008826952332527634
0.000242965064932242
0.0005532044768528907
0.001632236241000991
0.003152347192066962
0.00472314672314435
0.005979319350367359
0.006654790791235432
0.006629207761300872
0.005939811724190703
0.004760055322065265
0.003352419279511052
0.002007262370280057
0.0009816533385941109
0.0004502172931141994
0.0004762580068279731
0.001007849086299938
0.001896676232810583
0.002934301030657416
0.003897097866898493
0.004590657470223833
0.004884926165056079
0.004734472775210686
0.004181030673179742
0.003339531706136457
0.002371428336558543
0.001451452925919153
0.0007345034067631526
0.0003284631808390509
0.0002778555200539025
0.000560047081192065
0.001093927630019976
0.001758486668643662
0.002416985794309954
0.002942562252286344
0.003239957642780469
0.003260226762990689
0.003006436334231718
0.002529697581107839
0.001917288009210309
0.001275198683111163
0.0007085758856368594
0.0003036477414979424
0.0001140819770081948
0.0001535296528942832
0.0003957906671824962
0.0007815302299035226
0.00123031194551152
0.001655502891212129
0.001979378597133279
0.002145846717357804
0.00212887210590694
0.001935294827228517
0.00160197363915889
0.00118797192854854
0.0007633789222255813
0.0003968054768937781
0.0001437024115398191
3.754163878980639e-05
8.508051478886231e-05
0.000266439844883748
0.0005397542917453738
0.0008493215954715632
0.001135932739099763
0.001347222068346796
0.001446469584055038
0.001418324295328574
0.001270475876781887
0.001031372838570472
0.0007441447094808766
0.000458486124445909
0.0002213657163484334
6.898341542713779e-05
2.0626672708858e-05
7.611536504727036e-05
0.0002167563883284947
0.0004096399897887802
0.0006143446358828463
0.0007907041196529703
0.0009061192584434737
0.0009411797028978711
0.0008924368318753089
0.0007720936338886904
0.0006047411253970751
0.0004219464818309085
0.000255785069412564
0.0001328625833414071
6.959276483320657e-05
6.997894914438151e-05
0.0001259433341252188
0.0002200533299026958
0.000329862359196797
0.0004329203888095773
0.0005112331371787715
0.0005543342166168155
0.0005603891882684694
0.0005352750778325977
0.0004899927063216787
0.0004372713528194076
0.0003881444792979762
0.0003494976666604478
0.0003229956086830598
0.0003057063414624809
0.0002919991288472978
0.0002761789424716129
0.0002550273929609927
0.0002294210416899362
0.0002046262865574268
0.0001890534239458216
0.0001918136419791695
0.000219774969614808
0.0002749155664599818
0.0003528019798829925
0.0004426985514902409
0.0005293778607852757
0.0005962911924043849
0.0006293190620482963
0.0006200974108773673
0.000568138261050937
0.000481081143305479
0.0003729861777825485
0.0002611008124598669
0.0001619500494693773
8.77665893215102e-05
4.422105366463499e-05
3.003352528321504e-05
3.853834862257578e-05
6.067854326042574e-05
8.848704364850549e-05
0.0001179393920068386
0.000150250994671637
0.0001910960840169623
0.0002479193508889525
0.0003261506374726557
0.0004254918596932224
0.0005376491547801073
0.0006464824029090071
0.0007309375770026816
0.0007702192301359025
0.0007500653320390389
0.0006682098095957752
0.0005373901307481756
0.0003845795340220058
0.0002462205482381764
0.0001601216918154051
0.0001559870352194891
0.0002469139789750189
0.0004243285529756588
0.0006580334962970689
0.0009018162277799001
0.001103777913685527
0.001218835663301952
0.001220405134848777
0.001108171597199668
0.0009095801506396711
0.0006743275096234365
0.0004629082085999455
0.0003318113188618489
0.0003192099136569965
0.0004346396342870684
0.0006557364137921809
0.0009329290724753957
0.001201116178644083
0.001395534567032996
0.001467653381207616
0.00139709116856442
0.001196361368043518
0.0009072197003904303
0.0005897225481167758
0.0003066825839862528
0.0001080632595144816
1.921711616404464e-05
3.616267576175608e-05
0.0001289481451239603
0.0002519377757071294
0.0003579022948162332
0.0004117784103803646
0.000400144344559906
0.0003337906989521964
0.0002427883459730185
0.0001657626515150868
0.0001367523265303812
0.0001737210112112403
0.0002723091370347597
0.0004066987216465766
0.0005374068514510739
0.0006235462016228538
0.0006358171399209841
0.0005661652445577855
0.0004310337137697137
0.0002671078412829009
0.0001207468927884708
3.425460002339319e-05
3.308349700035321e-05
0.0001179889340004834
0.0002644963122296191
0.0004299591938857253
0.0005660630067731268
0.0006331574444403469
0.0006119073085340073
0.0005088312437376172
0.0003540610205866044
0.000191959492958232
6.757705618257557e-05
1.306730917967077e-05
3.822326959642779e-05
0.0001280710725804444
0.0002481238114298396
0.0003557196034359637
0.0004137260158908694
0.0004024006269162998
0.0003256471197073672
0.0002097167013359253
9.479501081144706e-05
2.211720095534931e-05
2.070479867990652e-05
9.784986381998283e-05
0.0002364067043264322
0.0003996930905273749
0.0005425045421639195
0.0006247631412729772
0.0006235623731462766
0.0005398642419213399
0.0003978464628795892
0.0002371256242036229
0.0001004444452047393
2.071719714791613e-05
1.143402902448069e-05
6.350172128620157e-05
0.0001492952425624981
0.0002325177867149702
0.0002806051117481907
0.0002756221060704923
0.0002201372308429596
0.0001362047897802266
5.782723430849979e-05
1.942280734616357e-05
4.396666536799774e-05
0.0001347976763480871
0.0002736711797983018
0.0004257910657926824
0.0005502022337845482
0.0006123018873027435
0.0005944986288449264
0.0005016024866971419
0.0003593765426160874
0.0002065580111962462
8.305840446008073e-05
1.796190594370531e-05
2.113452713678109e-05
8.09940472312104e-05
0.0001690574588386315
0.00024977589636414
0.0002923361836792928
0.0002808061013100678
0.0002192256954166924
0.000130198606626882
4.743622248610056e-05
4.579684100363221e-06
2.408466102291251e-05
0.0001094629669522243
0.0002435828923313285
0.0003933411884958409
0.0005195076648180039
0.0005883332768412228
0.0005817100675409761
0.0005024285841518078
0.0003731098754910437
0.0002293090091821717
0.0001087375366380537
4.015775281272094e-05
3.531529334957222e-05
8.620823789464327e-05
0.0001684809876338863
0.0002497660040234504
0.0003001420869968796
0.0003015654893345867
0.0002532836314737306
0.000171581332098479
8.421797976017712e-05
2.121965518795982e-05
5.057042785824824e-06
4.337342453668963e-05
0.0001264113374270286
0.0002299458590720095
0.0003228685242461706
0.0003768783543666908
0.0003754431995978339
0.0003190986615665426
0.0002256134538309347
0.000124802422809138
4.96989713893778e-05
2.661167488403876e-05
6.716000961703177e-05
0.000164579381046067
0.0002953502936132015
0.0004258336653209081
0.0005216472530406646
0.0005573392819322335
0.0005234159565198724
0.0004287942072222283
0.0002979449230226751
0.0001639419030696002
5.906287571949387e-05
6.102797945032603e-06
1.246743133781561e-05
6.89039311118397e-05
0.0001529465737930914
0.0002359161975066172
0.0002914715098068549
0.000303140318655758
0.000268646534978209
0.0002000485269604799
0.0001196694929547943
5.310871647568403e-05
2.158009192184344e-05
3.558146380956033e-05
9.191610966131098e-05
0.0001746784337059867
0.0002600173248672749
0.0003230180083334747
0.0003450138700685958
0.0003189610235193383
0.0002515271850633723
0.0001613910157184573
7.40752703080992e-05
1.499633205353308e-05
2.458461298183199e-06
4.262932027189208e-05
0.0001277754561436718
0.0002382372523217514
0.000347473790475282
0.0004289651996658252
0.0004629349319210038
0.0004413889717483004
0.0003699110329576233
0.0002661188274693039
0.0001550479604086228
6.280889254140468e-05
1.011235674859746e-05
7.42114349297804e-06
5.269072889889659e-05
0.0001323247592004486
0.0002249694007218184
0.0003069662169969423
0.0003582498749038447
0.0003670190658390259
0.0003322479840394719
0.0002633891472028431
0.0001776060792473044
9.518652839509087e-05
3.452851178999718e-05
7.749033521768127e-06
1.813511076614709e-05
5.983202238141313e-05
0.0001197935304265062
0.0001813524540613662
0.0002285344015382184
0.0002498839427359603
0.0002410695133667453
0.0002055286738071032
0.0001532482163393492
9.797283042810606e-05
5.362242208046742e-05
3.087391972996204e-05
3.465006888544216e-05
6.315119072308985e-05
0.0001085297235811894
0.0001590579202235188
0.0002020391435764545
0.0002269901017610093
0.0002280639176319796
0.0002053286924184894
0.0001646165608416665
0.0001159769760249061
7.124683889305298e-05
4.119871083928466e-05
3.307296155214028e-05
4.896650173972581e-05
8.545546749890976e-05
0.000134453900606244
0.0001851492251232515
0.0002264293895929872
0.0002494085772534444
0.0002492897926469478
0.000226371657183731
0.0001858546871370208
0.0001366427976380822
8.932539001391289e-05
5.392735719061629e-05
3.775539463248378e-05
4.397103847110058e-05
7.101811775615025e-05
0.0001130560983679558
0.0001613142601981644
0.0002059226404750324
0.0002380000063498007
0.0002514173733599261
0.0002439240547731635
0.0002175213829421243
0.0001778994895573997
0.000133177621381451
9.225271708945602e-05
6.296211996307022e-05
5.062143079483226e-05
5.705454554237992e-05
8.037050129223826e-05
0.0001154689039809068
0.0001551522383247972
0.0001915947911610099
0.0002178789378576911
0.00022929019353212
0.0002241376623943555
0.0002039493094890289
0.0001730562608473219
0.0001376471810371941
0.000104527171300921
7.978696803842413e-05
6.768378430741633e-05
6.99116551172149e-05
8.537953692416994e-05
0.0001105466882170212
0.0001401758241659333
0.0001684082189107498
0.0001898763403275442
0.0002007059793643096
0.0001991799008723435
0.0001859706733603027
0.0001639200521890439
0.0001373993917887048
0.0001114401225679381
9.076322161249581e-05
7.886525857297749e-05
7.74546352505604e-05
8.616722891262391e-05
0.0001027308038367225
0.0001234590178834379
0.0001440126211660652
0.0001602389860919328
0.0001689610390392389
0.0001685290344424557
0.0001590808205284033
0.0001424625276488639
0.0001217987363096443
0.0001008543771911024
8.329398187907948e-05
7.198617319517322e-05
6.848559922611161e-05
7.277914323214555e-05
8.334592876409438e-05
9.749881123522302e-05
0.0001119530665221216
0.0001234541898626233
0.0001294233636013106
0.0001284144344123615
0.0001203549220183301
0.0001065127058065963
8.920414001581725e-05
7.132034088968424e-05
5.575078319724308e-05
4.484230545113727e-05
3.998362622476193e-05
4.137922317434277e-05
4.806392222194957e-05
5.814912427588478e-05
6.919865378180343e-05
7.873058056340341e-05
8.46562330006333e-05
8.566632594170299e-05
8.140352183630256e-05
7.248054585631482e-05
6.032860480941749e-05
4.687204629306364e-05
3.416784183281168e-05
2.405258367673687e-05
1.783354155420691e-05
1.612935553285244e-05
1.880960940838936e-05
2.510305943181178e-05
3.375040900992548e-05
4.327312886303278e-05
5.220380533605398e-05
5.93080754561342e-05
6.373234430617421e-05
6.509316703990881e-05
6.347516632717561e-05
5.938338739794127e-05
5.364021269404178e-05
4.726945270091115e-05
4.136236534339786e-05
3.695438814311358e-05
3.493383519563429e-05
3.596699249598465e-05
4.044797174740426e-05
4.848100679975244e-05
5.991031307941093e-05
7.433956109701364e-05
9.119691376481787e-05
0.000109793901877691
0.0001293987143532211
0.0001492663407134781
0.0001687004251616793
0.0001870791309131751
0.0002038950299773117
0.0002187911941070758
0.0002316354741893056
0.0002425624839284921
0.000252056173850979
0.0002609715979961498
0.0002705350991865419
0.000282252142871599
0.0002977264226443897
0.000318373514131009
0.0003451858684843504
0.0003783379341241714
0.0004170807154052457
0.000459588463520043
0.0005031375754438053
0.0005444243718615699
0.0005799906013073563
0.0006068373035750425
0.0006229474808298989
0.0006276323909928648
0.0006217700283320857
0.0006076484644397486
0.0005885638691735833
0.0005684069345306736
0.0005508403344310909
0.0005388567859178826
0.0005343258504012405
0.0005377310507451271
0.000548285202754935
0.0005641995279849957
0.0005830953716860472
0.0006025006801377832
0.000620307009065362
0.0006350847099319739
0.0006463405126685341
0.0006545025499222107
0.0006608129482845661
0.0006670998481737936
0.0006752898406176773
0.0006870280265783491
0.0007031504475138911
0.0007232156005664733
0.0007452250553662379
0.0007656691048309379
0.0007798272771520645
0.0007826299314637655
0.0007696709669699331
0.0007385581235136158
0.0006899532168694092
0.0006282670524897449
0.0005615603488113207
0.0005005221128386217
0.0004565439842864621
0.0004394549630267737
0.0004548897839311853
0.0005024317235219187
0.0005748879525056432
0.0006589073114681261
0.0007372570509096278
0.000792172412537638
0.0008090714531880999
0.0007800652516244181
0.0007059855318338732
0.0005966672169843388
0.0004693250469772038
0.0003451337984241135
0.0002450136414282892
0.0001855731254946609
0.0001759605513860289
0.0002165376192747187
0.000299440756249044
0.0004106970880538672
0.0005334107479821376
0.0006509307799167473
0.0007495094691460422
0.0008197733011420141
0.0008571781685371934
0.0008615998840660548
0.0008366911844897953
0.0007891592663526655
0.0007288433561088434
0.000668391371404425
0.0006230075815961466
0.0006091879460623945
0.0006424594076800388
0.0007338366527761808
0.0008861367466971345
0.001090957020020518
0.001327902647898281
0.001566515175916789
0.001771807156840613
0.001911789924586171
0.001966084168560591
0.001932638155724804
0.001830367122908647
0.001696805056726498
0.001579922718990116
0.001526090410337525
0.001567207150148418
0.00171011941486741
0.001931998149613361
0.002183660692773513
0.002400057275699075
0.002516549235008592
0.002486096661312789
0.00229334443623579
0.001960802633047305
0.001545759759513349
0.001127548399703545
0.0007890569187686187
0.0005963693921144643
0.0005829987943973316
0.0007421638351989031
0.001029527798010062
0.001375390524952127
0.001702770793527259
0.001945749191074673
0.002063657200836985
0.002047013529309823
0.001914234225854806
0.00170160765508521
0.001450405029076011
0.00119615337228578
0.0009635259799760474
0.0007683807491202051
0.0006254329784584431
0.0005569789547291863
0.0005977256298951846
0.0007919003443096535
0.001181251044779401
0.001786956424073351
0.002590759509321966
0.003524747674398272
0.004474420257876025
0.005300132057563803
0.005873297186586419
0.00611850873237278
0.006049798562540148
0.005787088133190995
0.005542995322994832
0.005578388812756773
0.006133256854249494
0.007350384089468953
0.00921283368661936
0.01151873610477483
0.01390509220069685
0.01592765536626059
0.01717784506729055
0.01741547616227603
0.01667649089598748
0.01532411015094807
0.01401681474492051
0.0135870351699783
0.01484896031590337
0.01837328320531883
0.0242864917661447
0.03214288703919016
0.04092800228989042
0.04919272632041592
0.05532672218315789
0.05790278546647926
0.05603878355971332
0.04967533709652452
0.03971280105765105
0.02793896196432165
0.01676540785935183
0.008782552346511489
0.00624609775681107
0.01056996951910035
0.02195825722376845
0.03925954443869854
0.06007696388888711
0.08114963368479536
0.09893771943601971
0.1102714227372206
0.1129925170135456
0.1063974704460345
0.09143009122272866
0.07055967602741472
0.04735155817658293
0.02584100365065643
0.009789934713989494
0.001991187697041673
0.003766251896827914
0.01472303016605977
0.03283875453332228
0.05485267696291172
0.07685992779304711
0.09503871732322323
0.106312195032625
0.108881856075569
0.1024909201741237
0.08841210233290726
0.06914742713078149
0.04794086535188163
0.02816337989933736
0.01273620443648902
0.00364495072949473
0.001675957312481366
0.006364666367088004
0.01617716567165179
0.02885770235400505
0.04188061656104364
0.0528927804069981
0.06010207816182071
0.062512122404072
0.06001171447944147
0.05329275398478456
0.04364503996066314
0.03267738100278897
0.02201894452219791
0.01305058152784094
0.006726769414082514
0.003479599568070695
0.003231455326951196
0.005481742117834045
0.009448142720890477
0.01422860400286909
0.0189486746351143
0.02288190306024767
0.02551979489578054
0.02660063879438772
0.02609703740350594
0.02417707501110545
0.02115020573909864
0.01741342525938557
0.01339762404196594
0.009526998376620218
0.006181479564204697
0.003670950018493048
0.002210198443138655
0.001900132273579387
0.00271596997621322
0.004504344967986219
0.006992517875992144
0.009815725330929361
0.01255627879896261
0.01479988703430822
0.01619036640925519
0.01649058237256922
0.01561996096919479
0.01367571878131021
0.01092477611457136
0.007767982989920224
0.004678403769927043
0.002129154717233821
0.0005134338520701962
8.123228598532225e-05
0.0008944606365603441
0.002815436562426286
0.005527300048195133
0.008586826676678382
0.0114942129796009
0.01377929954967727
0.01507281717602428
0.01517190767157211
0.01406672001792756
0.01194200566025717
0.009145005822924773
0.006127580664500355
0.00337234158294659
0.001318093654481345
0.0002906651977327504
0.00045620420443635
0.001797936968898851
0.004121478119393817
0.007087430618050862
0.01026111103899444
0.01317746919698761
0.0154080732743533
0.0166198883861706
0.01662409778004982
0.01540346116949865
0.01311920217780047
0.01009570162434597
0.006782080465399924
0.003699791560652447
0.001372628407665313
0.000255860835914827
0.0006632384984211837
0.002708255665931003
0.006264202409353296
0.01095805566195514
0.01619583115759188
0.02123403814261478
0.02527834185013177
0.0276162582315285
0.02774884814429171
0.02551335057605364
0.02116083398905665
0.01537568736370158
0.009210110716084848
0.003947546608634048
0.0008888107261008234
0.001109146918460374
0.005213608476090925
0.01315035549214046
0.0241225840510838
0.03664469352733136
0.04873561652059773
0.05825965868157256
0.06333531121685479
0.06276918597794391
0.05639989385885954
0.04528241044461533
0.03164360435303049
0.01857222734944218
0.009492988409780537
0.007476689602606217
0.01453243490559671
0.03102501368643768
0.05537306734819818
0.08410638688974705
0.1123841330110985
0.1348419828924057
0.146725309233064
0.1450045143313997
0.1293018851596714
0.1023275907828361
0.06971122955362938
0.03912297438179613
0.01884652039838577
0.01596816645918235
0.03461697779534855
0.07461509661521348
0.1309153209202057
0.1940863237643678
0.2519101953596642
0.2917859520463334
0.3036689656577619
0.2827638210754534
0.2314431811458365
0.1597561158853452
0.08416676956673771
0.02463584085493494
0.0003319949798727524
0.0248677937889736
0.1020803111426782
0.223484252209901
0.3681891903566065
0.5060820439400799
0.6037216211641117
0.6326589264129224
0.5783452825472866
0.4481193660495804
0.2762503045633261
0.1244311092943825
0.07672484760999933
0.2292287583642712
0.6752997139268672
1.488372921360652
2.705952007372804
4.316010705426655
6.251659754737812
8.391579238975018
10.57099610806636
12.60052563766913
14.28820308408682
15.4664811474146
16.01405762295918
