# RCS in m**2 for a L=5 cm PVC cube at 22.5 degree aspect angle
# frequency = 86 GHz, 
# theta = linspace(0, 6.2832, 1441)
# phi = linspace(0, 0, 1  1)
9.91416326138129
9.627284956481782
8.901136791595745
7.811513931052685
6.47226517410213
5.01965719463539
3.593732582385347
2.319671213823551
1.292076372157447
0.5646710700911546
0.1466644780767977
0.006184317238717235
0.0797170890438747
0.2856345669826682
0.5392125076789159
0.7664372082075059
0.9144094011273431
0.956793163689084
0.8938588777095622
0.7477667042671363
0.5544460399965913
0.3540870849275969
0.1822063021940775
0.06301901725048548
0.006129321347656939
0.006791733769861037
0.04921170999168577
0.1117584976542994
0.172698607635265
0.2151032166626138
0.2299162236187824
0.2167401791000651
0.1824443530109812
0.1382248020267867
0.09602176481353286
0.06527348138906731
0.05076479329610494
0.05198737926720841
0.06400107838216477
0.07938770173133999
0.09067083337616368
0.09249133953180777
0.08298353952882782
0.06404271212646497
0.04050854364848355
0.0185790676663684
0.003949158768244095
0.0002071659191466193
0.007914923289347026
0.02457473598989538
0.04543896721407344
0.06488363041826754
0.07793557911854165
0.08153013536748359
0.07517391970183943
0.06087572260359112
0.04241569075265944
0.02420064831901894
0.01004609696060055
0.002228768714844017
0.001048092961246381
0.004974514495961924
0.01130051784063402
0.01706792514177706
0.01998253652019545
0.01905729684119813
0.01481079770164442
0.008997362989265442
0.003972979930914334
0.001911031758208822
0.004104152069900027
0.01055899908713629
0.01998870549717749
0.030191617019028
0.03868710216800599
0.04341781402062467
0.04330832572715564
0.03852816581385094
0.03039636180878368
0.02097009311908153
0.01245108324121742
0.006585041172621911
0.004229222102279236
0.00519670619304275
0.008409628444295797
0.01229571519002209
0.0152994481772829
0.01635153975939704
0.01516121956454842
0.01225615993640188
0.008768896068661608
0.006050439225100585
0.005230560625126986
0.006860305992042593
0.01074024633962205
0.01597666265763912
0.02124280596963009
0.02515986869712814
0.02668388807506257
0.02538474005918097
0.02154371210966334
0.01604778775975195
0.0101217456837513
0.004982948286767081
0.001518787431838732
8.035652745019896e-05
0.0004425462113719505
0.001931135198912675
0.003669716058704112
0.004866456805001959
0.005053128592001034
0.004209282010548295
0.00273971679454731
0.001321345503292163
0.0006708271242813688
0.001306999548135554
0.003379986514123214
0.006615448298652173
0.01038688500272193
0.01389100771417397
0.01637088933216602
0.0173214411721538
0.01661772073209777
0.01453411800215119
0.01165204836043553
0.008687891719549931
0.006294686000929219
0.004893261699357811
0.004579843313135115
0.005131658714609141
0.006102276975357797
0.006974587678983706
0.007322498616659893
0.006935674535735988
0.005871677157047645
0.004424206595996145
0.003022903876950366
0.002095327724159676
0.001935208095248698
0.002614461910170613
0.003963287535567695
0.005621563482359681
0.007144332949344573
0.008128717100241167
0.008325398634053805
0.007703871291736427
0.006453863238012061
0.004925862457887521
0.003528984560669677
0.002616534774990275
0.002391710845929763
0.002857873544704615
0.003826133936498113
0.004974631927027159
0.005941264988503391
0.006422992831748155
0.006254520986813584
0.005446031010196164
0.004171192543908099
0.002713386415342673
0.001384664085558019
0.0004426318902249137
2.715897829587421e-05
0.0001327712250160596
0.0006224152704131688
0.001275896375555053
0.00185819601418205
0.002187449017645246
0.002184228195391389
0.001889494532221599
0.001447975471390891
0.001063119713927568
0.0009368959721777816
0.001212099959549588
0.001931586121264244
0.003025705622173265
0.004329587418291015
0.005624784430310226
0.006693868323151268
0.007372898715109918
0.007588877504921282
0.007373543720479369
0.006850239463442766
0.006200004456026587
0.005614553460937628
0.005249905570265679
0.005191217270222414
0.005436694766095045
0.005903885743947846
0.006454691719898332
0.006932097846007932
0.007199121675565758
0.007170028257813134
0.006827500542906372
0.006222163929495554
0.005456043542815214
0.004655674435963002
0.003941151522181208
0.003399774527438994
0.003069432747896527
0.002935070253839498
0.002937886172785282
0.002993976472572163
0.00301706813910707
0.002939313048189834
0.002726211566117662
0.002381464990701549
0.001942659300702898
0.001469131541495229
0.001025950703409491
0.0006677384958202529
0.0004271383967937185
0.0003091807678141346
0.0002932156058243961
0.0003405897913820902
0.0004060754401835666
0.0004495329488273577
0.0004453302261957386
0.0003870174721040773
0.0002868707594798472
0.0001706391770165665
6.936529864836275e-05
1.045011914563428e-05
1.029170368994749e-05
7.022781852995839e-05
0.0001765760964254282
0.0003044963308918402
0.0004245167904390101
0.0005100022675786344
0.000543689751590668
0.0005217156739451115
0.0004543173549764837
0.0003631808976908013
0.0002761307542954659
0.0002204893407516818
0.0002167874184045657
0.0002740315536149229
0.0003877774848994708
0.0005411006241394045
0.0007083669962083791
0.0008607581139338488
0.0009723206304712127
0.001025215330437687
0.00101326170182909
0.0009428029282138709
0.0008311116731106194
0.0007026286939757694
0.0005837891754091239
0.0004979856248779547
0.000460916165044397
0.0004780232220783976
0.0005438448565608652
0.0006435706592921172
0.0007563582084314729
0.0008595819327395345
0.000933230200724377
0.0009636250473109303
0.0009456274948345814
0.0008832399142007495
0.0007883665636404846
0.0006782450920578061
0.0005719026265570735
0.0004865862276061308
0.0004346777084565663
0.0004216334540247197
0.0004453750919828904
0.0004970406012900754
0.0005629762315176121
0.0006275114786348766
0.0006758781583781108
0.0006970070477900022
0.0006853286935700696
0.0006416015968011425
0.000572536363291114
0.0004894455827244154
0.0004059078304262291
0.0003353299791941306
0.0002884570254488803
0.0002715176890983882
0.0002851331916789918
0.000324378170142395
0.0003796980741371133
0.00043868421339367
0.0004883972944899263
0.0005176275219425125
0.0005190112329555602
0.000490318137694296
0.0004348895732447055
0.0003611211080025601
0.0002810000746858946
0.0002080096051407685
0.0001547195037391502
0.0001305115890526983
0.0001397961883598057
0.0001811060197474923
0.0002471377258638465
0.0003259104389120462
0.0004027851605164519
0.000462969786287652
0.0004942212888695232
0.0004891954158415691
0.0004469495575024635
0.0003734408964942725
0.0002807058584065961
0.0001849809423972603
0.0001039182591681766
5.338770289288724e-05
4.449363534019438e-05
8.12664800036821e-05
0.0001595764174848258
0.0002674749939666393
0.0003870121737725059
0.0004972710570780733
0.0005781183558666345
0.0006139816871157806
0.0005969841079932951
0.0005288122357031431
0.0004207240109867259
0.0002920538851908789
0.0001667515357265498
6.911697215923544e-05
1.922369857448545e-05
2.895643380660662e-05
9.944037953377722e-05
0.0002204872608371688
0.0003721603706196308
0.000528255348217413
0.000661273810653997
0.0007473457121035263
0.0007711029138466567
0.0007285520037134479
0.000627942145656252
0.0004881893555946886
0.0003352006815403765
0.0001967975087614792
9.728549754724233e-05
5.281770792289974e-05
6.848573739681149e-05
0.0001377343647562865
0.0002442108451569426
0.0003656000056605776
0.0004785480879783451
0.0005635448596353514
0.0006087759733261255
0.0006118852557715593
0.0005795090304129111
0.0005246947675963907
0.0004629364036361384
0.0004079197280333783
0.0003680168055281723
0.0003445726290307194
0.0003323491875298843
0.0003219352302664477
0.0003035695616061513
0.0002710914352832957
0.0002250411325055861
0.000173570035300029
0.0001311701633305368
0.0001150147875861127
0.0001399830364813939
0.0002136460292265149
0.0003326497546823262
0.0004816750417582479
0.0006354972346404998
0.0007640398671162091
0.0008391637030171794
0.0008416674593336572
0.0007667251730018577
0.0006260588678377211
0.0004463282272299792
0.0002635522964723759
0.0001151324564862805
3.103785510076906e-05
2.662711581139153e-05
9.881238310577279e-05
0.0002266997396971973
0.00037667377981587
0.0005106687266174777
0.0005955768093275521
0.0006113158905866544
0.0005555117208159753
0.0004433981405462235
0.0003031989174464608
0.0001680458383420161
6.682317822498362e-05
1.654322118098959e-05
1.828394772936775e-05
5.805072689144936e-05
0.0001122187922781247
0.0001559279455660706
0.0001720241517028769
0.0001576213795871124
0.000126170049183783
0.000104183800279744
0.0001231820007618091
0.0002091475221064894
0.0003725647513574285
0.0006021797252118578
0.0008647171895219736
0.001111144568475909
0.001288434958300987
0.001353487197776292
0.001285709514775231
0.001094435452955426
0.0008186367398080457
0.0005188386250557925
0.0002625504920231241
0.0001073587265541665
8.600147256509535e-05
0.0001975759811050689
0.0004077510871256857
0.0006578998968261856
0.0008810151288552376
0.001020146917516632
0.001044087424018285
0.0009559697578532537
0.0007921401167876542
0.0006115589675474564
0.0004785011372511386
0.0004435394363422703
0.0005282592934490688
0.0007182273284139003
0.0009664038955298157
0.00120611253224584
0.001370013982909828
0.001409614750535791
0.001309400528202002
0.001091621937795999
0.0008101105762575397
0.0005345925761851763
0.0003305521127573397
0.0002402094889558856
0.0002706339247097637
0.0003925365517276538
0.0005502030358333328
0.000679668482116964
0.0007295500306481877
0.0006779513952430846
0.0005400019300648127
0.0003634296122488327
0.0002130567972220481
0.0001490134496636556
0.0002053858144225179
0.0003764266570234574
0.000615289251434281
0.0008465915449359037
0.0009897602549350972
0.0009863931568725964
0.0008232659902257397
0.0005431098742607218
0.0002387861157911219
3.094284505899436e-05
3.478916695657088e-05
0.000324841498797075
0.0009081783333965051
0.001714851091782229
0.002609527402257306
0.003422519441154517
0.003993053253468801
0.004212530991568908
0.004056139653406821
0.003592798552414423
0.002969950472848405
0.002376305025228261
0.00199149720747374
0.001937244704133406
0.002242719939910305
0.002834849932734526
0.003556449886039019
0.004208078982237128
0.004601865752001492
0.004612601028167219
0.004211594789111572
0.003473530331551752
0.002554260237692914
0.001645866430863626
0.0009225114212585663
0.0004920615941115604
0.0003691642099609844
0.0004771477891741571
0.000678644358270527
0.000825648489295732
0.0008133427344923929
0.0006205598343099352
0.0003229146254009412
7.286460284194089e-05
5.114227968261204e-05
0.0004030728473093525
0.001179740122508979
0.002303300708406252
0.003570240645211974
0.004695545705811465
0.005388491807079288
0.005439686814901997
0.004794382348891501
0.003587826927356026
0.002127926397265377
0.0008247904033958204
8.23366810698387e-05
0.0001796767679570022
0.001176686774654615
0.002873913038774417
0.004845361539840973
0.006543541833053993
0.007454963538339294
0.007268174211375556
0.006008698699607254
0.004096442977652854
0.00230089073366164
0.001590780628354448
0.002904921795990438
0.006893500181700221
0.0136943677015547
0.02280670054283356
0.03310585520728018
0.04302082297016485
0.05084407545911629
0.05512358412577776
0.05505150023109589
0.05075972946607915
0.04344504136607618
0.03527560765113193
0.0290748795149407
0.0278310518179907
0.03411485780722332
0.04952098231776096
0.07424926973976216
0.1069179999102971
0.1446637641319152
0.183526287437866
0.2190579150285647
0.2470555905456859
0.264278768781897
0.2690227119410852
0.2614346221414426
0.2435142141890719
0.2187872275628337
0.1917107038263133
0.1669232305096571
0.1484598034648839
0.1390876164843252
0.1398627937343753
0.1499974194587203
0.1670365972939081
0.1873267389780219
0.2066661870115714
0.2210283433748248
0.2272281589245498
0.223424698869753
0.2093664378600473
0.1863687444416122
0.1570316442399508
0.1247580326637076
0.0931840583025719
0.06558910171968098
0.04442482965795302
0.03100623513657269
0.02541232542535275
0.02659486812728716
0.03265828912927765
0.0412481952295606
0.04997406908063209
0.05679224284804615
0.06028776717300897
0.05982486539529311
0.05554680806512777
0.04824960846320784
0.03916170651335146
0.02967933024677438
0.0211074837453713
0.01444859248751138
0.01027082338701649
0.008666860339992271
0.009298154804467124
0.01150868036173145
0.01447658035690359
0.01737498426201159
0.01951199453266204
0.02042927127295165
0.0199477350529392
0.01815936977546481
0.01537453040757555
0.01203966099349386
0.008642077018863352
0.005622837844929323
0.003308505028729532
0.001872326804391381
0.00132658357569077
0.001543222583862274
0.002294928292705594
0.003306751691910458
0.004308185180339965
0.005076445384827271
0.005465854505295863
0.005419343909863649
0.004964087414155095
0.004193473994243428
0.003241329670821942
0.002253450070798783
0.00136173166102191
0.0006647956107023277
0.0002173580305547837
2.816806577724121e-05
6.61529278541185e-05
0.0002717807832196604
0.00057113818741226
0.0008898860946671295
0.001164852620481439
0.001351769539475139
0.001428622513932986
0.00139482448188128
0.001267279219230194
0.001074311399798419
0.0008491502841163839
0.0006239271833021697
0.0004250970161714166
0.0002707696123326161
0.0001699061732383181
0.0001230882343917149
0.0001243886883193995
0.0001637091026140628
0.0002291113328905605
0.0003086764802810685
0.0003918167282424606
0.0004698667779723032
0.000536204917326014
0.000586038562617939
0.0006161177544371968
0.0006245348809479084
0.0006107138770860847
0.0005755969632682311
0.0005218747706398779
0.0004542380750382056
0.0003793190442750122
0.0003053647092290373
0.0002414686286950671
0.000196486154175548
0.00017772833042364
0.00018967568442468
0.0002329436805175338
0.0003037311900786195
0.0003939600257753411
0.0004920864892796713
0.0005846315728554792
0.0006581155672594922
0.0007011993657601588
0.000706655744687743
0.0006727155847086822
0.0006037478651660237
0.0005098105100520902
0.0004053450113796937
0.0003069660633338798
0.0002308474819544266
0.0001900042319333175
0.0001920150710877419
0.0002375533000640536
0.0003200508903028227
0.00042657751725967
0.0005398885681155331
0.0006412278220033628
0.0007135773608430828
0.0007446052146027671
0.0007289445121133626
0.0006692182115584866
0.0005757012713737997
0.0004645779201223657
0.0003550468297243894
0.0002658285714831893
0.0002117030137528721
0.0002006893900073485
0.0002324635201082078
0.0002983663947916226
0.0003830160842218304
0.0004672762760645109
0.0005320275915030748
0.0005620511603787505
0.0005491593286309138
0.0004940336499710044
0.0004062788567512562
0.0003026107775789409
0.0002034890500445404
0.0001289210131393729
9.417013806818892e-05
0.0001063339734108476
0.0001625661065472741
0.0002503571010099257
0.0003499371099924571
0.000438369618373571
0.0004945116014883974
0.0005038299577389065
0.0004620199700471963
0.0003764636535886248
0.0002653012062646517
0.0001539534972916652
6.991353083301477e-05
3.676798062991798e-05
6.872107628664124e-05
0.000166941402530513
0.0003185113029123043
0.0004984872281335727
0.0006746842331960483
0.0008143136186753659
0.0008911041765190367
0.000891350010210787
0.0008175063248428444
0.0006884743626943166
0.0005362239448017731
0.0003995463486960009
0.0003159382854855626
0.0003135187819494607
0.00040463219663485
0.0005826093941672224
0.0008224582390348115
0.001085492928637606
0.001326878857899425
0.001504667090536972
0.001588177077069101
0.001564146551127309
0.001439140814270232
0.001237727103374574
0.00099698722879415
0.0007584574114043383
0.000559401079022069
0.0004253785053643076
0.0003656931294614367
0.0003726952608097411
0.0004249486628989589
0.0004933611104002031
0.0005487673376560038
0.0005690499580553224
0.000544113404623387
0.0004776281502017804
0.000385175502508203
0.0002894815066882038
0.0002140101778525996
0.0001766127919724356
0.0001849503215020542
0.0002347041166157898
0.0003110779280444765
0.0003930568682919369
0.0004591929708602869
0.0004934109412550931
0.0004892144286752647
0.0004512115346135164
0.0003935977121634581
0.0003360057100758663
0.0002979668896548813
0.0002933710768725304
0.0003265551247414671
0.0003909814585005069
0.0004708825970465015
0.0005453885903666083
0.0005940116009208831
0.0006019990714788846
0.0005641320216007276
0.0004859678613696923
0.0003822706466418545
0.0002730541701528835
0.0001784275698366464
0.0001135801012652704
8.526816095545438e-05
9.069172659352522e-05
0.0001189547742834091
0.000154590721159498
0.0001821089018327994
0.0001902503646546643
0.0001748012437865648
0.000139230913432987
9.311648273409015e-05
4.890365589726599e-05
1.80407083510312e-05
7.644485155343705e-06
1.864894947361182e-05
4.592569143746968e-05
8.023476467974738e-05
0.0001113231030901407
0.0001312309182358463
0.0001366646401143787
0.000129824920990323
0.0001174133465956126
0.0001081594129665418
0.0001097182522563378
0.0001258866581944503
0.0001550654743062352
0.0001904615697751994
0.0002219777455617486
0.0002392653360800112
0.0002349549115723854
0.0002071219790424308
0.0001601903309843496
0.0001039704359974863
5.111664452836444e-05
1.371613525163855e-05
4.045481655705095e-08
1.239137542994215e-05
4.669571358912329e-05
9.394022583082176e-05
0.0001430072202223177
0.0001840436324013148
0.0002113259975398586
0.0002247846176607845
0.0002296841989301161
0.0002346243817787711
0.0002484220400067335
0.0002768558409991933
0.0003203267552628525
0.0003730946547367918
0.0004244533423968547
0.0004614693376040981
0.0004725730087379683
0.0004509037910604584
0.0003964940493572265
0.0003166039708304472
0.0002241281945354047
0.0001345343445520354
6.209631791477871e-05
1.661572838639683e-05
1.39440831884003e-06
1.304356484030329e-05
4.305779840389087e-05
8.064773861532034e-05
0.0001159342960832696
0.00014256801422885
0.0001590100995728865
0.000168204347074765
0.0001757689230773154
0.0001874177706356687
0.0002064100372630127
0.0002319080155680128
0.0002588087869867054
0.0002790743256169067
0.0002842387673493924
0.0002682856196121679
0.0002300077280793725
0.0001740738620891636
0.0001104843721423057
5.2348871701865e-05
1.273905824455703e-05
1.31618628985397e-06
2.176939974459519e-05
7.075133799605083e-05
0.0001386390768638174
0.0002118733524172469
0.0002763197787104905
0.0003206421902013398
0.0003389172362070149
0.0003316543125773453
0.0003051044522255338
0.000269105723288991
0.0002340506908907921
0.0002079109964127129
0.0001941695012764804
0.000191173142778413
0.0001931043994439575
0.0001922128656242054
0.0001816360387990229
0.0001579535222016656
0.0001227410517780238
8.259715189822294e-05
4.762681926288199e-05
2.882016202396212e-05
3.492953585942118e-05
6.98258944021431e-05
0.0001309789772075344
0.0002095182867917662
0.0002919819141692669
0.0003631330029586487
0.0004093839593313377
0.0004218333779999017
0.0003981527831226094
0.0003430269319864626
0.0002669702205739897
0.0001838633602171439
0.000107952195694344
5.085527184999842e-05
1.954128998883369e-05
1.538021138456375e-05
3.463245858513963e-05
6.998239297388723e-05
0.0001126777055803263
0.0001546270798676073
0.0001899908799734479
0.0002158599296825078
0.0002320351008040566
0.0002400367278770596
0.0002418269884887037
0.0002387162913167902
0.0002307182608595475
0.0002167030512892618
0.0001951731129330133
0.0001654387458177397
0.000128762797786416
8.900479305971256e-05
5.255272669400682e-05
2.729266979317727e-05
2.09612006187653e-05
3.911337864084809e-05
8.334296292720124e-05
0.0001501626043201728
0.0002310381492094765
0.000313531640066722
0.0003835896300706923
0.0004282601442491429
0.0004385504385424304
0.0004115010774275945
0.0003511794469829136
0.0002681380622087825
0.0001776325068382642
9.663097748918869e-05
4.05772589001544e-05
2.027079453553203e-05
3.975517054769425e-05
9.552389560257501e-05
0.0001772285493891665
0.0002697969628362037
0.0003563884100879638
0.0004216684790800718
0.0004547259137221826
0.0004509139721003163
0.0004125294506103768
0.0003479842892148717
0.0002698694043871276
0.0001923729488328336
0.0001284121400613942
8.737414847154182e-05
7.357839924930452e-05
8.594356097449433e-05
0.0001187042479931224
0.0001630297015906178
0.0002090322610276401
0.0002478601790438091
0.0002732965222038125
0.0002826481117109969
0.000276796801066607
0.0002595452208570001
0.0002362410553856684
0.0002125518072313649
0.0001929983151416095
0.0001801718867625022
0.0001744838816802275
0.0001744147484409477
0.0001773103291845556
0.0001803435443110331
0.0001814335647469149
0.0001798760088084075
0.0001765496179976401
0.0001735814803012769
0.000173711414706461
0.0001793972284812504
0.0001919525237188287
0.0002109957025111786
0.0002342544941288484
0.000257912042598201
0.0002773414915922404
0.0002881536442207289
0.0002872322417917041
0.0002736015964351691
0.00024885705820798
0.000217071358580502
0.0001841387297466015
0.0001567099664292063
0.0001408741136471983
0.0001409126047454441
0.0001583114875385878
0.0001913374364302561
0.0002351946739800497
0.0002828035238571853
0.000326049544764673
0.0003573129331435112
0.0003708777554513069
0.0003641119483551076
0.0003380123442967593
0.0002971374582916347
0.0002488469080607838
0.0002019974111198765
0.0001653594737237017
0.0001460250425302732
0.000148055019859081
0.0001717349702059698
0.0002134668568863284
0.0002663541628005903
0.0003214845201893519
0.0003694223634730108
0.0004019706964570723
0.0004136286126972233
0.000402568487483718
0.0003709960569655572
0.0003247272013995685
0.0002721964640956897
0.0002229059350067197
0.0001857435980791427
0.0001674137652868782
0.0001712276191567516
0.0001965309429820296
0.0002388462054996806
0.0002906797923336554
0.0003428696714480248
0.0003862567464529768
0.0004132749038666382
0.000419313510173683
0.0004035039735787688
0.0003688293480598207
0.0003215556170005646
0.0002700757618259533
0.000223364695767839
0.0001893838463308974
0.0001736247895090757
0.0001782506365780658
0.0002016306380554799
0.0002387867246666177
0.0002823314970577749
0.0003238033985829012
0.0003552305516872873
0.0003705716339134328
0.0003667209806213432
0.0003440122675418021
0.000306097310736191
0.0002591282335999742
0.000210661207177845
0.0001681949771107501
0.0001378544095798169
0.0001233401960921469
0.0001253514540752277
0.0001416082803316636
0.0001673930021291148
0.0001965201906873167
0.0002225251658417782
0.0002398278963985208
0.0002446755821246211
0.0002356926384936323
0.0002139455640720492
0.0001825778404569882
0.0001460839509796308
0.000109415730936699
7.710317603436304e-05
5.253582894294488e-05
3.756404937773582e-05
3.24060194897984e-05
3.588483387041812e-05
4.585357477970858e-05
5.973224967069645e-05
7.497444918105634e-05
8.942165203760896e-05
0.0001014695188081322
0.0001100787793749076
0.0001146654877359749
0.0001149666916143299
0.0001109740363018994
0.000102914213711745
9.139389164195234e-05
7.747043121628234e-05
6.28188357384127e-05
4.967745579424687e-05
4.06383268986521e-05
3.826782575852688e-05
4.456445375853452e-05
6.044075601270865e-05
8.524298866498344e-05
0.0001166332746874393
0.0001507921517404229
0.0001829396739522317
0.0002082520780916356
0.0002228081907842624
0.0002245047721034217
0.0002135979330438416
0.0001928266408197128
0.0001669119654588978
0.0001416919564007286
0.0001228187486824751
0.0001145879799370717
0.0001189478580134735
0.0001350721043779582
0.0001595409208276622
0.0001872034865288535
0.0002123452286456468
0.0002301540727075637
0.0002377691217030005
0.000235053743448995
0.0002244899624131787
0.0002105545639040057
0.0001985003729628831
0.0001930376796054811
0.0001971105717499092
0.0002112987235799122
0.0002337837790972499
0.0002610664550687374
0.0002891678228112326
0.0003149241877862423
0.0003370787467354244
0.0003567740907790579
0.0003772152552443249
0.0004027559989591803
0.0004373295870577957
0.0004829891292647186
0.000538759516238916
0.0006002321391173412
0.0006601259002819106
0.0007097115681937182
0.0007406604495586956
0.0007471249911269181
0.0007270850993800048
0.0006831160696999366
0.0006218379839292829
0.0005526447507819808
0.0004855433651268354
0.000429236424512154
0.0003893699197491745
0.0003677815211641572
0.0003627722298238523
0.0003700559552428769
0.0003844511587686673
0.000401457621614624
0.0004183760763490671
0.0004347002109525203
0.0004517200296534114
0.0004715120068428359
0.0004958363951764103
0.0005252760576315379
0.0005590729346724236
0.0005956252187334434
0.0006336149019345606
0.0006731504329879299
0.000716623218679709
0.0007686883156175217
0.0008352176449383974
0.0009214232766074238
0.001029751142659484
0.001157916990218548
0.001298174392879321
0.001438079243239271
0.001562499474799311
0.001657025296583265
0.001711308955140549
0.001721740414517387
0.001692604781826521
0.0016348872916964
0.001563488463846414
0.001492988205416362
0.001433537656406141
0.001387811335871636
0.001350191655677743
0.001308471479766459
0.001247579885796523
0.001154545839494972
0.001023192927735144
0.0008570602522973792
0.0006697043878130267
0.0004821036858023277
0.0003179622102842116
0.000197818423923348
0.0001341019122809256
0.0001280649465120602
0.0001697902528194146
0.0002410984740263193
0.0003204161680713881
0.0003883668272278325
0.000432090865214762
0.0004474347793966572
0.0004383663187858715
0.0004139946477433749
0.0003845448881053219
0.0003577137469452478
0.0003368894510003546
0.0003217055014554387
0.0003109610440765325
0.0003064985674278816
0.0003165021074362046
0.0003565141211741627
0.0004472809329836315
0.0006095664193464739
0.0008569682334939373
0.001189463799573107
0.001589184364217877
0.002021279772986637
0.002439176189118141
0.00279447217944579
0.003048305618704015
0.003180968906285627
0.003197387409866067
0.00312593112240968
0.003010500072037672
0.002898309645566921
0.002825973697023893
0.002808505565973141
0.00283448821248799
0.002869094550244059
0.002864600599920773
0.002775550958304595
0.002574132722530635
0.002261072047671415
0.001869161085873788
0.001456638730653107
0.001093753331594292
0.0008442848635215583
0.0007489161503968097
0.0008139485072905322
0.001009602530752754
0.001277998024777731
0.001548644555809506
0.001756709304940384
0.001858975752908185
0.001842300255266735
0.001723071124174529
0.001537952137437703
0.001329645367114931
0.001132868353349561
0.0009660299518176211
0.0008309423467594427
0.0007216288293091191
0.0006378553949578921
0.0005985740954355041
0.0006482062693974794
0.0008519861379055176
0.001279264403433906
0.001978398651615073
0.0029509386010989
0.00413508767281807
0.005404749528804711
0.006591579306058387
0.007523671250474864
0.00807667373060122
0.00821914206823169
0.008040958508883382
0.007749272282052774
0.007629773701538813
0.007976706989940699
0.009007447523795571
0.01078451075309945
0.01316674862134135
0.01581313262781239
0.0182418061335605
0.01994352504509343
0.02052164784192483
0.01983045312863671
0.0180686423367583
0.01580104526661089
0.01388563629513298
0.01331424467734751
0.01498860253544737
0.01948043657447422
0.02683368970780168
0.03645217834177952
0.04713027059700939
0.05721315419106541
0.06489166896170576
0.06856746543916191
0.06721374699987276
0.06066334455823011
0.04974837110807068
0.03623955237348131
0.02260320802651712
0.01157438099449492
0.005662794451323014
0.006645510742898215
0.01517671076203936
0.03058302003096528
0.0509095068808264
0.07319338009354381
0.09396486831477627
0.1098358740790785
0.1181205021609635
0.1173222651445737
0.1074379307666929
0.08997794907532729
0.06773482327555361
0.04429633545238355
0.02344631367885666
0.008498435782666316
0.001749343869752846
0.004089344258013156
0.0148809236350061
0.03210015788554698
0.05270809731747445
0.07319058975581014
0.09016980032486617
0.1009469838015219
0.1039317368449684
0.09884648032163039
0.08670651557329083
0.06958949999359433
0.05022515842258927
0.03152385541265015
0.01609038204494864
0.005823187240496074
0.001673390577219952
0.003561763394518738
0.01048023022928947
0.02073376515963764
0.03226540841923421
0.04302040375991533
0.05125963208617416
0.05580201610366344
0.05614911271386863
0.05248600241207262
0.0455776751973368
0.03659010779732951
0.02686483146172709
0.01770585262597486
0.01018801305069021
0.005036773594833776
0.002566470905954913
0.002693610886736245
0.00499911199236921
0.008831314124058584
0.01342124484793812
0.0179991147112861
0.02188770287035301
0.0245752351612941
0.02575307309224974
0.02532895159316077
0.02341292499238215
0.02028732857437132
0.01636077441212171
0.01211820998531218
0.008062236229835025
0.004660927616159106
0.002293064337309412
0.001207389754802396
0.001490109625327146
0.003052269468879346
0.005635476507692706
0.008841932032647897
0.01218213062254931
0.01514214067568832
0.0172548396260067
0.01817329656878625
0.01772592821357884
0.01595184667638085
0.01310221548804024
0.009608100894237241
0.006019010820343369
0.002916549809759302
0.0008186801545643742
9.276269888608108e-05
0.0008870203604190253
0.00309836107319599
0.006381815701760904
0.01020050325467765
0.01391410653967722
0.01688407868591395
0.01858690011922776
0.0187088316729698
0.0172072260879975
0.01432536957412226
0.01055970787266084
0.006576066899514088
0.00309860841595004
0.0007780692649126131
7.538163001298898e-05
0.001170823515686145
0.003924312708278844
0.007890557064735083
0.01239408891990462
0.01664360103485051
0.01987777105309823
0.02150406543931826
0.02121495493828793
0.01905294463932517
0.01541101489158693
0.01096889365836335
0.006572003903318181
0.003072750127582527
0.001170979816865174
0.001272534078431633
0.003405312676060188
0.007204922613257151
0.01197596061674795
0.01682499623077925
0.02083262551582266
0.0232399437013502
0.02360843653447872
0.02191586263853695
0.01857175295194901
0.01434151865957652
0.01018887088450065
0.007074145479090783
0.005738713660835444
0.006533849672121336
0.009325016304441301
0.0135062348745754
0.01812255741567206
0.02208709673761589
0.02444162861760216
0.02461264923036184
0.02259231509804238
0.01899966510171075
0.01499117478655872
0.01202294524760301
0.01151128890213629
0.01445137453367412
0.02109304923731518
0.03075049432067288
0.04182854504878594
0.0520674370343344
0.05901715637969333
0.06062272876064449
0.05583230139020112
0.04506217165893797
0.03039415218474331
0.01539681190217604
0.004574344017064567
0.002469457120349031
0.01260501552831537
0.03646374864019347
0.07274481552300539
0.1171601265318882
0.1628413311834867
0.2014512591852717
0.2248432839471854
0.2269438683967663
0.205560845519381
0.16361934916145
0.1094660628444791
0.05605225633039083
0.01887002768725671
0.01301387094777199
0.04971849646411066
0.1331689075281037
0.2582117504871816
0.409814934055907
0.56441231263573
0.6936789942815356
0.7698112697101549
0.7720850064273117
0.6931167058894956
0.543808366138936
0.3556837482192984
0.1796726954385097
0.08094379037810813
0.1303820629728512
0.3933941017564128
0.9178088508897179
1.723247677362696
2.792871571513682
4.071241459492783
5.466413954233382
6.859168517008086
8.117273040991877
9.111510306349759
9.734267534753048
9.914166893806877
