# RCS in m**2 for a L=5 cm PVC cube at 22.5 degree aspect angle
# frequency = 88 GHz, 
# theta = linspace(0, 6.2832, 1441)
# phi = linspace(0, 0, 1  1)
13.88864076799581
13.80663549100308
13.11766035924826
11.89675054334695
10.27284483706509
8.410302485769027
6.485915634335035
4.665176571796452
3.081684818201151
1.822915348376792
0.9240537369268863
0.3705136896138343
0.1078218090614092
0.05662071247788958
0.1295132088640483
0.2466449951850978
0.3473533907537448
0.3962698429879265
0.3835013863703296
0.3197931631971137
0.2284114710801617
0.1360177162861448
0.06467778474406051
0.02664162252109445
0.02265763121122341
0.04366839375784339
0.07494886001037232
0.1012481281508928
0.1114390005467031
0.1014627953923346
0.07493756432605743
0.04148786306991144
0.01344013315376016
0.001938220980031813
0.01358909633832741
0.04854163689265998
0.1004418336546081
0.1581822601862012
0.208880500966705
0.2412261026350655
0.248289657355988
0.2290760070148068
0.1884914682151763
0.1358249394396002
0.08222071905715414
0.03788505633584161
0.009739797016663557
0.0001124831571353753
0.006704949376954946
0.02373359443500861
0.04383815354709197
0.06017820375602072
0.06814140847819165
0.06624589116182766
0.05608222386819793
0.04141132548913702
0.02676968761056054
0.01602706016019367
0.01131666293339244
0.01261114342629819
0.01799672925016547
0.02449409577523692
0.02912283373809859
0.02986180878100013
0.02621602570397987
0.01925311670505887
0.01113401809252009
0.004329973325542281
0.0007913846943779621
0.001338384595673338
0.005451821962529499
0.01150920198677731
0.0173644748453788
0.0210712049849245
0.02150866733520234
0.01871592936720007
0.01383720893921007
0.008710748292216961
0.005243955717723631
0.004781019554562202
0.007663482666396764
0.01311962029606531
0.01951021279128798
0.02484755552619174
0.02741980882212405
0.02632703015595722
0.02176445999779543
0.01497127624335219
0.007866101729987354
0.002485480277410643
0.0003949953917731787
0.002248786049905632
0.00762136246409356
0.0151512126674429
0.02294400944369775
0.02910826135024345
0.03226222722816095
0.03187180920054967
0.02833003847437819
0.02277409369056081
0.01670871149507117
0.01155896581026918
0.008285249827881978
0.007170251567801776
0.00782203811652412
0.009375223653410284
0.01081354034259284
0.01130435894434151
0.01044298259707388
0.008339699117944552
0.005535475189412341
0.002787824335815059
0.0008045245690141444
1.44735467191952e-05
0.0004468492557524427
0.001750657524891132
0.00333957430974422
0.004606982930950665
0.005137490225836414
0.004843989805748158
0.00398812997139318
0.003080703471548705
0.002697489147422089
0.003272954367911876
0.004939250128161733
0.007462779922561704
0.01029840779007551
0.01274389732503778
0.01414709268339396
0.01410095083279825
0.01256792261063669
0.009896925107566346
0.006727925059406048
0.003814932235976585
0.001819180571008693
0.001132570303596596
0.001782552884643019
0.00344119243927722
0.005533506006171885
0.007409339091024077
0.008529188179887785
0.008609040559080849
0.007686457131619845
0.006093340872330003
0.004346607152082248
0.002993194457835773
0.002453587138893786
0.002909568900936494
0.0042633836422886
0.006176182294822152
0.008170192054826214
0.009762337709307369
0.01059081567547174
0.01049969942548675
0.00956211076096837
0.008041220542563154
0.006303007802820487
0.004711155905007934
0.003532359901684889
0.002879419596200837
0.002702168018496227
0.002825895930753579
0.003019656297995007
0.003073786833721563
0.002861464518589996
0.002369207611012992
0.001689333742217803
0.0009807167620058104
0.0004123298032658595
0.0001080068961070069
0.0001098705327637336
0.0003699140768562762
0.000771089229714961
0.001169504250605398
0.001443681620896294
0.001535328439295875
0.001468993528322402
0.001344911919706764
0.001307781108817657
0.001500836153471744
0.002018953230513559
0.002874840327467403
0.003987902209136344
0.005199547221888636
0.006310176282854556
0.007128906720412148
0.007521334104917673
0.007444169589784557
0.006956809333479424
0.006207322047750983
0.005396997961540506
0.004732209795869954
0.004376311834816414
0.004412492397028765
0.004826847586332928
0.005514810435345036
0.006308015966718578
0.007014669144110523
0.007463845908759612
0.007542052346174156
0.007215324185311702
0.006532100942203753
0.005607354950243461
0.004594369825849542
0.003648624379758967
0.002896505746245518
0.002410733159638643
0.00220166861224164
0.002222210009151585
0.00238453287986779
0.002583770941550215
0.00272313113116702
0.002733351882786819
0.002584760271413883
0.002287887385726837
0.00188626687009554
0.001442107655103478
0.001019989527910393
0.0006724352422528609
0.0004300318397273551
0.0002980130236940354
0.0002590960111941131
0.0002810256821646602
0.0003264091224269896
0.0003621656974483059
0.0003665609609052222
0.0003322810544351074
0.0002656398241197537
0.0001825124046057425
0.0001024861268499777
4.302070391733359e-05
1.495614910708301e-05
2.037762360087209e-05
5.303942257506208e-05
0.0001009282811387193
0.0001500263843877901
0.0001881800284575663
0.0002080932144932378
0.0002086684951051688
0.0001946997663040126
0.0001749962118973524
0.0001596733045545215
0.0001572896273319749
0.0001726930738550087
0.0002059124778727288
0.0002524176312723242
0.0003044540053441529
0.0003532447524344823
0.000390984411040119
0.0004128491188303454
0.0004178862642164243
0.0004089972662483962
0.0003919520362164093
0.0003738869858097636
0.0003614021107678642
0.0003591050410374215
0.0003685833255334826
0.0003882406206425453
0.0004138769786450251
0.0004398191488919137
0.0004603670330856029
0.0004711656703473813
0.0004701298331751523
0.0004578770817440259
0.0004374303186206665
0.0004134478666422393
0.0003910868208378475
0.0003748461460911828
0.0003675743774469462
0.000369938803317039
0.0003803461260328651
0.0003954118668775923
0.0004107713989626537
0.0004220295033329343
0.0004256809876429163
0.0004198135870951163
0.0004044464094169477
0.0003814283486769618
0.0003539963501234624
0.0003261016631383156
0.0003016561594123403
0.0002838174774140423
0.0002744690228457199
0.0002739876550536381
0.0002812830103066627
0.0002940064235882812
0.0003090936701033257
0.0003231804138445946
0.0003331381710464191
0.0003364881847390188
0.0003316912317467457
0.0003183244477319435
0.0002971406659457903
0.0002699889285252452
0.0002396762496861028
0.000209685109137567
0.0001837865394769316
0.0001656538975918176
0.0001582215541763563
0.0001632388690661399
0.0001807499590689009
0.0002087870939000713
0.0002433657058571952
0.0002788191087292026
0.0003085420876125974
0.0003260000823079527
0.0003260665244899885
0.0003061597469341521
0.0002672328827412047
0.0002141289275568351
0.0001552258837985511
0.0001013342194890144
6.3852889110953e-05
5.256427771872079e-05
7.34119564400425e-05
0.0001267643017329467
0.0002066001963416911
0.0003009273763349905
0.0003935141757623044
0.0004667357608453794
0.0005050650525271894
0.0004985984575608428
0.0004456559523107369
0.0003540975688358077
0.0002407427169158921
0.0001286632442097342
4.306272755594945e-05
6.177470943544712e-06
3.23467259479305e-05
0.0001242917816606065
0.0002715271080993337
0.0004514491555932545
0.0006330745568336064
0.0007828347930972819
0.0008713259313356237
0.0008797421206976613
0.00080431107407315
0.0006579343118914367
0.0004683892947563979
0.0002731763106293223
0.0001122161209844754
1.961052221466093e-05
1.648145549131805e-05
0.0001062755800956757
0.0002737500675921799
0.0004879508309755643
0.0007085284319230688
0.000894133237007533
0.001010963646039825
0.001039603910595544
0.0009785858654807421
0.0008439912519366327
0.0006650860084768647
0.0004772870379476386
0.000314120130635095
0.0002000817594903101
0.0001461273342557566
0.0001488165165086865
0.0001930550829079218
0.0002575727289481774
0.0003215117065073755
0.0003702177443337108
0.0003986634861514722
0.0004115838511934883
0.000420422312180882
0.0004381286176571742
0.0004734196208375282
0.000526527183687238
0.0005877196739087353
0.0006393674616709916
0.0006610028867453247
0.000636031334618283
0.000557935865087931
0.0004340864188459159
0.0002856704628840365
0.0001433227810460855
3.961795009673255e-05
1.644018032688818e-07
3.600665738464989e-05
0.0001395425362956899
0.0002854749673490794
0.0004367563798395584
0.0005541472266932308
0.000606727486824717
0.0005805389584131747
0.0004825794248457493
0.0003389280914786403
0.0001874271845631299
6.674215100852264e-05
5.184518779793321e-06
1.241634057683452e-05
7.686453992727463e-05
0.0001696915127071333
0.0002543570469305454
0.000298935386311499
0.000287500313920771
0.0002267741865967213
0.0001457275793600339
8.771825381028535e-05
9.726059105405062e-05
0.0002051014473332042
0.000416253026315196
0.000704948590372267
0.001018557568412844
0.001289924827869132
0.001455132194375712
0.001471524349912758
0.001330889610897751
0.001063581903420279
0.0007319152837706203
0.0004143875601728875
0.0001849277766770215
9.314332291327212e-05
0.0001512275584315752
0.0003315554748248607
0.0005757108288102564
0.0008124091009034338
0.0009789700327320979
0.001039877380038828
0.000996671161191915
0.0008862887713173805
0.0007680663316169927
0.0007034929686395662
0.0007352527237206444
0.0008719637330629226
0.001083878785425143
0.001310958429071045
0.001481281510204998
0.001533898003504988
0.001439105310906521
0.001209340292936272
0.0008970618404415292
0.0005798921145768012
0.0003373164557228361
0.0002262993248683463
0.0002634738511733301
0.00041993756340131
0.0006303730230835223
0.0008141835416948588
0.0009017563768034661
0.0008575047359885465
0.0006921020082065305
0.0004593915981695521
0.0002387327594466612
0.0001080468956271844
0.000116446759271358
0.0002656665914536597
0.0005069634720896994
0.0007556171583816535
0.0009189777135524509
0.0009295712881153763
0.0007723235636070434
0.0004964326253391512
0.0002065807545298079
3.475219770980797e-05
0.0001002589795852529
0.0004699432588529885
0.001131109928255152
0.001987054713484294
0.002877852527064786
0.003621926256750012
0.004067291959065721
0.004136693667930398
0.003853510936794184
0.003339121694182296
0.002781208795479185
0.002381285252547561
0.00229607483790601
0.002590008411233536
0.003213432869740879
0.004013258819007643
0.004774276532648651
0.005278923327216986
0.005368825531454893
0.00498934128300244
0.004204065563015791
0.00317513568984193
0.002114619288884582
0.001222696086931389
0.0006313159892355348
0.0003708718952107847
0.0003704766092692499
0.0004915979555818581
0.0005840201871983443
0.0005455643213674865
0.0003651487458129603
0.0001335153427023676
1.586664022526409e-05
0.0001935217800406237
0.000792292890610192
0.00182140034319712
0.003144991444425502
0.004500166983128305
0.005560438612443986
0.006029695619166002
0.005739786152827534
0.004720650566401653
0.003217963427429231
0.001646153822562661
0.0004838437483377893
0.0001378933293743993
0.0008128761962757068
0.002427398904151434
0.004607891676970715
0.006770932641750923
0.008280457883849483
0.00864354525759259
0.007690144713265516
0.005683314542893023
0.003318620203137748
0.001597483309843733
0.001593032044286394
0.004159364658683428
0.009656179160024656
0.0177645722124743
0.02745988182222706
0.03716518617580805
0.04507562976346051
0.0495915482811939
0.04976887563737982
0.0456793742069285
0.03858376672135413
0.03085209556120634
0.02562452817651392
0.02625703304685399
0.03564906451790278
0.05559349973466503
0.0862797175346279
0.126068622947986
0.1716045983060902
0.2182610942294246
0.2608539402809565
0.294489306290964
0.3154002657345346
0.3215932335855129
0.313206462588296
0.2924797889517611
0.2633567742185768
0.2307924539652575
0.199886563310524
0.175017376926739
0.1591208441136892
0.1532573437688772
0.1565260632301786
0.1663349503986633
0.1789671943759055
0.1903196187591245
0.1966745529927482
0.1953681860803951
0.185220387596342
0.1666828776808368
0.1416793769067114
0.1131884482799157
0.08467350634847022
0.05944466962528336
0.04010846586838671
0.02817164170461995
0.02387065994169748
0.02623605329463125
0.03336273957898245
0.04281892691748033
0.05210956373528529
0.05910596899158876
0.06236664803236378
0.06130899592367346
0.0562072966644957
0.0480429067073234
0.03824584838550291
0.02838653524576276
0.01987895693278422
0.01374562267855174
0.01048193521527591
0.01002974119537683
0.01185340210251855
0.01509302028161845
0.0187559340441529
0.02190913626810619
0.02383656376153259
0.02413842622641736
0.02276161858509076
0.01996427143077628
0.01623051178466968
0.01215605195403938
0.008328306229862499
0.005225315222967535
0.003146709872444548
0.00218536174020571
0.002239237643805195
0.003055525810830584
0.004294708863560568
0.005600540314084013
0.006663005686384861
0.007263762253207315
0.007299882241849165
0.006783642201163267
0.005823107364164693
0.004589209758089205
0.003277375690605025
0.002070929630451874
0.001112210201489599
0.0004851527623867382
0.000210423168143988
0.0002515448044997524
0.0005296963214394153
0.0009428587106383524
0.001385572026067826
0.001765961084631313
0.002017789520040895
0.002106355433400896
0.002028566830529719
0.001808034175599824
0.001487153931975657
0.001117512621525738
0.000750833751916397
0.0004314574437614659
0.0001911841855557598
4.687282219298572e-05
4.686071625008483e-07
4.105600430432315e-05
0.0001482381536819472
0.0002961437776601627
0.0004573959836030436
0.0006066794041478572
0.0007234398266137761
0.0007936503259165206
0.0008106029036716954
0.0007748370641367212
0.0006933125967493935
0.0005779826317828293
0.0004440622913716569
0.0003080964242759157
0.0001859833725564115
9.1268258481643e-05
3.371108131728713e-05
1.832399269574101e-05
4.494357316770844e-05
0.0001083781345932056
0.0001991151538881518
0.0003045018003742096
0.0004103084480652816
0.0005024440424550395
0.0005687244830789337
0.0006003988602638876
0.000593277216039673
0.0005483373769034962
0.0004716769869576257
0.0003738040919645421
0.0002683133423263601
0.0001701458107682038
9.353876698913267e-05
5.004611247540524e-05
4.679863937719626e-05
8.535144869676265e-05
0.0001612669114981402
0.0002645534840529745
0.0003809518884512521
0.0004939399654186674
0.0005871308448146481
0.0006468486384908159
0.0006643110931367356
0.0006371944331386182
0.0005702135369713066
0.0004745747588939502
0.000366346298090431
0.0002639360203788153
0.0001850809202466703
0.0001438192106091352
0.00014797809821001
0.0001976542534176666
0.0002849500150319982
0.000395191414612349
0.0005093288075043174
0.0006072547291915463
0.0006714326391589525
0.0006901830058665225
0.0006600108024571814
0.0005864884140627472
0.0004835205081543703
0.0003710121217363991
0.0002712913049148754
0.0002050062848875457
0.0001871824243911274
0.0002241928982927597
0.0003122722018548598
0.0004378913918345289
0.0005799516746935044
0.0007134812138013451
0.0008141036375877343
0.0008624937997087896
0.0008479554489163493
0.0007705200738648507
0.000640974382308632
0.0004790863445836161
0.0003101390306165137
0.0001606280117535043
5.383925794817871e-05
6.182902124307726e-06
2.495718410721863e-05
0.0001078405440085538
0.0002441111007318589
0.0004172234242742153
0.0006080688733274095
0.0007981936215211865
0.0009723225615245547
0.001119685008846981
0.001234096674705918
0.001312926305256129
0.00135552246682528
0.001361652164804001
0.001330582078752247
0.001261139492181722
0.001152837678277491
0.001007755866235233
0.0008325817655094001
0.0006400859264510423
0.0004493740419306915
0.0002844545279808016
0.0001711627700418597
0.0001327250470968336
0.0001849777759049769
0.000332125821359761
0.0005641896859682378
0.0008568508139030356
0.001174089496053111
0.001473274620022578
0.001711915087737064
0.001854843084567533
0.001880299465920663
0.001783895860197891
0.001579363015363004
0.001296040470652651
0.0009735448999532904
0.0006546726093432957
0.0003780006105467775
0.0001715894560328991
4.901478176610652e-05
8.484860937250963e-06
3.483965793670291e-05
0.0001040373413919336
0.0001888607093349123
0.0002645840129035527
0.0003134458609104915
0.0003269935390730674
0.0003061714138650843
0.0002592738439432588
0.0001986137927701236
0.000136850122049358
8.388539533546033e-05
4.509071928695102e-05
2.108624799282866e-05
8.922216290184737e-06
4.116755643756175e-06
2.827255848152048e-06
3.461900460425096e-06
7.264994727219063e-06
1.77568641076316e-05
3.925995458548894e-05
7.503106637808376e-05
0.0001256049444872914
0.0001878996870069431
0.0002553530228515213
0.0003191330938837432
0.0003700249003874778
0.0004005215988715488
0.0004065153570962099
0.0003881524494548443
0.0003496510882718176
0.0002981156559454681
0.0002418176299621847
0.0001883131476705226
0.0001429976669128856
0.0001084015896824895
8.435197354395505e-05
6.885004375792158e-05
5.933144661593318e-05
5.385445880608528e-05
5.180943709003185e-05
5.402223675209448e-05
6.216581881805055e-05
7.778854188451581e-05
0.0001012797215574862
0.0001311967097876251
0.0001641583026431942
0.0001954396846952028
0.0002200708622173987
0.0002341335650996858
0.0002358395816890879
0.0002260635970616577
0.0002081393111842998
0.0001869602903789482
0.0001676275943328564
0.0001540587945028073
0.0001479334850923197
0.0001483047254717041
0.0001519919248420957
0.0001546068978999067
0.0001519462961219347
0.0001412986029613212
0.0001223054706680605
9.714105835363204e-05
6.992382997216539e-05
4.560019501492094e-05
2.857388001759298e-05
2.154904459336285e-05
2.484766948563991e-05
3.643263803796763e-05
5.258004467882598e-05
6.898209244896192e-05
8.194378527930485e-05
8.932584595943556e-05
9.094928559601293e-05
8.839862162795932e-05
8.429740670172759e-05
8.131500025128726e-05
8.122803386690715e-05
8.433091559571481e-05
8.935775995167184e-05
9.394357852928304e-05
9.545249496055608e-05
9.190154207446049e-05
8.269043076397958e-05
6.891636208119207e-05
5.314432853947223e-05
3.875459890806893e-05
2.901689583674344e-05
2.620269364147258e-05
3.098757609226391e-05
4.231138720745143e-05
5.772266722853488e-05
7.408549214934787e-05
8.843883164665182e-05
9.872726324838353e-05
0.0001042219733464828
0.0001054870675030744
0.0001039587525457389
0.0001012938786951928
9.86878040929408e-05
9.642946831314686e-05
9.380781412725241e-05
8.941366965514762e-05
8.17679544034734e-05
7.001206218085197e-05
5.449460627460236e-05
3.700344418124571e-05
2.056396218173089e-05
8.796335436431227e-06
5.046069475595508e-06
1.145336430045303e-05
2.827201985752293e-05
5.359609936654873e-05
8.364248389459937e-05
0.0001134402435848062
0.0001378872983825722
0.0001527962117759007
0.0001557515944846171
0.000146562620221542
0.000127185202898328
0.0001011873230805642
7.291170434907855e-05
4.650566475045285e-05
2.515576486051126e-05
1.058052594690248e-05
2.971185262855789e-06
1.287985067239858e-06
3.806802060963224e-06
8.740396793112994e-06
1.47399939545735e-05
2.114869222840514e-05
2.796371863458872e-05
3.554803212616214e-05
4.42028868799558e-05
5.378237215579685e-05
6.347043068203745e-05
7.182477736515788e-05
7.708018783950292e-05
7.763858085799167e-05
7.261646392018445e-05
6.225954182679994e-05
4.810900369945866e-05
3.283983163179558e-05
1.978086113622029e-05
1.22007242691984e-05
1.257148071795374e-05
2.193834367944619e-05
3.958508743467847e-05
6.308984127873913e-05
8.872963026896588e-05
0.0001122102320710258
0.0001295167567050504
0.0001376753146106407
0.0001353371419661027
0.0001229669652902684
0.0001027025000083304
7.78604883521777e-05
5.225368333254135e-05
2.948177462853608e-05
1.23421985909316e-05
2.442850826653659e-06
1.421971376186343e-07
4.703896313814901e-06
1.464896158816799e-05
2.815883939214185e-05
4.342779654919404e-05
5.889476366442894e-05
7.330863081496824e-05
8.566890193897912e-05
9.512598474139929e-05
0.0001008751561122462
0.0001021545107501811
9.837376315977511e-05
8.932437801808518e-05
7.544907100014083e-05
5.803354144045491e-05
3.9236437428293e-05
2.191934407513077e-05
9.247473789217404e-06
4.095109082950128e-06
8.422954213328614e-06
2.273116319801671e-05
4.575686834909931e-05
7.44909402707353e-05
0.0001046022638701116
0.0001311548010799665
0.0001495368808412155
0.0001563988962605485
0.00015038976843477
0.0001325397150611267
0.0001061868625509159
7.639096280269554e-05
4.903390851481962e-05
2.966877343720494e-05
2.243118921572374e-05
2.918838941171351e-05
4.912558365073884e-05
7.8847636848109e-05
0.000113019754760989
0.0001453480966314679
0.0001698227448754509
0.0001818119009594634
0.0001790203421638726
0.0001618652275286885
0.0001334174282262684
9.880838974199681e-05
6.423420040147728e-05
3.581636646514217e-05
1.844664691537199e-05
1.491950491707347e-05
2.544974623455374e-05
4.769709815725831e-05
7.723613247807398e-05
0.0001084291078748148
0.0001354458483127876
0.0001533345866525817
0.0001588778356056923
0.0001511030121656662
0.000131407071775658
0.0001032216713635632
7.136473085733731e-05
4.118077431660694e-05
1.758113888858445e-05
4.248729915573565e-06
3.038143472307202e-06
1.37307975190511e-05
3.412463424044906e-05
6.04765918019446e-05
8.81483212006868e-05
0.0001124026078185611
0.0001291569094603197
0.000135680216220362
0.0001309496907449293
0.0001158112344326971
9.281011494168359e-05
6.574800629776268e-05
3.90806355223241e-05
1.719745859591062e-05
3.704805216229532e-06
8.740004708444314e-07
9.266735324346981e-06
2.763163383187274e-05
5.310014489101434e-05
8.161054851887092e-05
0.000108566581083641
0.0001295522165857131
0.0001410674983048063
0.0001411260301631368
0.0001296217717151851
0.000108394145009134
8.100390115221205e-05
5.215549967313581e-05
2.698752289798531e-05
1.017874174443562e-05
5.144290092643075e-06
1.339201436911328e-05
3.418390420186621e-05
6.45608830261312e-05
9.978815198863869e-05
0.0001340739601989062
0.0001615936779435201
0.0001774853130445755
0.000178801175460147
0.0001651063088037256
0.0001386687048816683
0.0001041927815225264
6.807545622370497e-05
3.727913937074551e-05
1.813291291665373e-05
1.509090853817569e-05
2.984031113130143e-05
6.085823473566109e-05
0.0001035243464636739
0.000150889088678002
0.0001948106355217648
0.0002274700592333045
0.0002428469609481357
0.0002379293462747447
0.0002134130651177325
0.0001737436260843793
0.0001264009617569731
8.063293814413723e-05
4.573343256948264e-05
2.92926755048257e-05
3.56707220280996e-05
6.504734831892649e-05
0.0001132213274180218
0.0001722940433536038
0.0002320061249355459
0.0002816976901837511
0.000312245342711866
0.0003179113875252894
0.0002974926180730819
0.0002546643537384976
0.0001973571189393954
0.0001363483755893097
8.32027581024355e-05
4.813539736224399e-05
3.801718960627791e-05
5.507668823373413e-05
9.646572086556749e-05
0.0001547694336144781
0.0002194699572204556
0.0002789022927001127
0.0003224375364154408
0.0003424699001840074
0.0003356791032074851
0.0003035954118344698
0.0002520905370717049
0.0001901481594779802
0.0001281424587241011
7.587468498230124e-05
4.094554780254681e-05
2.754389112587367e-05
3.602752871441701e-05
6.319814631906759e-05
0.0001031569341990791
0.0001485537550330443
0.0001919226628582023
0.0002268137014564276
0.000248647353707684
0.0002551117828082738
0.0002461771295060374
0.0002238491061325491
0.0001917093011460234
0.0001544500344986741
0.0001173731357609979
8.58943454427217e-05
6.507476591438577e-05
5.903782497453815e-05
7.037543729423566e-05
9.958365815164268e-05
0.0001446228954809403
0.0002008354031760868
0.0002613306594816656
0.0003178519613455498
0.0003622461946871812
0.0003880312248201125
0.0003920330401212547
0.0003754671659599525
0.0003442165845022999
0.0003080742801004693
0.0002789600464810815
0.0002684274312910041
0.0002849742262827043
0.0003317387901942178
0.000405240944746423
0.0004955845318137226
0.0005880796624059276
0.0006663262122676093
0.0007156638713422629
0.000726684135188708
0.0006975942167778108
0.0006349892580645223
0.0005526360396554314
0.0004686598221449195
0.0004015053156512374
0.0003657827948055275
0.0003688995609101088
0.0004093354580818104
0.0004768979479860237
0.0005550650374189584
0.000624682440899059
0.0006682605719415327
0.0006737214576810621
0.0006369914382304216
0.0005624078105893214
0.0004615794950556957
0.0003504890956508707
0.0002459066776956964
0.0001621779237977852
0.0001085598345339404
8.826997619180975e-05
9.880837031686061e-05
0.0001334629286767722
0.0001833429332057832
0.0002394226119413986
0.0002939095703474969
0.0003409978021382685
0.000376785477595074
0.0003988365883569366
0.0004058582779427023
0.0003975047268221854
0.0003747507491234917
0.0003404899118286992
0.000300029380142368
0.0002611540249359883
0.0002333760565550331
0.0002263558093658488
0.0002477583811555877
0.0003011180359302268
0.0003843004421107706
0.0004892730622070674
0.0006033146198347898
0.0007116426278323414
0.0008006947201339014
0.0008615925555369981
0.00089225425089772
0.0008981370474753571
0.0008907988312102551
0.0008847914291477276
0.0008936978402419198
0.0009262133922958646
0.0009834715828495229
0.001058311949525153
0.001136740628543002
0.001201177816261601
0.001234849480376907
0.001225742298339553
0.001169683121612367
0.001071236232481529
0.0009427111523820451
0.0008012331856704266
0.0006650456693034567
0.0005498090912845505
0.0004660084746528947
0.0004176910348532032
0.000402953040456032
0.0004156568680772301
0.0004477141735919522
0.0004911746559860153
0.0005396516617329053
0.0005886999395859651
0.0006352918252188874
0.0006768326374548844
0.0007102445727923876
0.000731595195537614
0.0007366510249360523
0.0007220770872171131
0.0006873761371511643
0.0006364340538137282
0.0005786696987813364
0.0005288198403778611
0.0005055840362807718
0.0005287354144660769
0.0006155617938234029
0.0007769680289192454
0.00101430360378361
0.001317238465827945
0.001663863977080267
0.002022582867922163
0.002356469193256108
0.002628527158270256
0.002808304775673472
0.002877264730107401
0.002832909438478679
0.002689827656083594
0.002477574054501084
0.002235589199205079
0.002005658100386795
0.001823409623024624
0.001711413520238393
0.001674302710256577
0.001698511066797349
0.001755824552164796
0.001810525639193877
0.001828337433120124
0.001784664320061155
0.001670408134954825
0.001493402228481542
0.001275689808779806
0.001047066884878725
0.0008375968481521441
0.0006705976328461339
0.0005590729031728582
0.0005059665898866877
0.0005079188970381724
0.0005607499309068005
0.0006640721821568681
0.000822676272243125
0.001043661082174091
0.001329667354248083
0.001671174787336944
0.002040918017488783
0.002395138982088299
0.002682143677989953
0.002859558142722408
0.002914252895084379
0.002880402791674426
0.002846752027785457
0.002948449732135536
0.003340360976855735
0.00415590777284337
0.005460949008129309
0.007214056697132247
0.009250360756807454
0.01129602037586387
0.01301923977315938
0.01411162842026077
0.01438021768282433
0.01383083269549662
0.01271428092898287
0.01151620372794942
0.01088201081091541
0.01148315095046556
0.01384920831846387
0.01820170213165422
0.02433712223058637
0.03158651271773597
0.03889077683854897
0.04497146535560761
0.04859291763016788
0.04884643795395894
0.04540677655006074
0.03869295706096458
0.02988076115188251
0.02075475909308756
0.01340503793598077
0.009821820806714066
0.01147340445712781
0.018945791710836
0.03173190773380621
0.04823790721508666
0.06599421663517033
0.08208763890533359
0.0936829877477327
0.09858669935395865
0.09570575895708948
0.08531087046368523
0.06904835908333742
0.04968989661160154
0.03064076296111078
0.015334260908684
0.00658208011472728
0.00605300437600568
0.01394255381165944
0.0289315988625561
0.04841473007446162
0.06898865816902328
0.0870591468142992
0.0995063154929198
0.104226429239398
0.1004948936547878
0.08905959372811151
0.07195971694536502
0.05212773209227409
0.03283485082100088
0.0170933796354605
0.007153345179266882
0.004138623066759124
0.007921774580245932
0.01722217932444567
0.02990244693362356
0.04340629285940231
0.05522580687953893
0.06333468556668641
0.06650169281559598
0.06442738520046673
0.05771880635847601
0.04769317298171248
0.03608691629287707
0.02472047754587072
0.0151750395728468
0.008560954216586413
0.005384001695051299
0.005536314383130446
0.008395992463809324
0.0129988011840003
0.0182443529445998
0.02309880847075085
0.02674878205059766
0.02870039307100598
0.02880119512666073
0.02720541480446248
0.02429319014057315
0.02056933970267575
0.01656108237371629
0.01273978617877636
0.009465324234788859
0.006967382139940424
0.005347402212541403
0.004601701129412622
0.00464833123730046
0.005354061212897788
0.006553128920737518
0.008060413881160496
0.009676903202452935
0.01119774529159449
0.01242082739984049
0.01316464770097193
0.0132890869571844
0.01272089053682
0.01147358512284757
0.009659399507905404
0.007483966616634186
0.005225539339963832
0.003195756289776335
0.001691866651051915
0.0009438261935842104
0.001071432364400886
0.002056355862587026
0.003737652515782809
0.005834415668917037
0.007988818462121891
0.009826732859389687
0.01102359832273128
0.0113608953711841
0.01076737582336906
0.009331598950702404
0.007289459779303428
0.004981436708105241
0.002792765584674597
0.001086854059020311
0.0001410275266373116
9.960023294237902e-05
0.0009514341500732321
0.002535218433997329
0.004570491061554958
0.006710367924002055
0.008601177515694461
0.009943917950506696
0.0105399461960691
0.0103201311335743
0.009347860202689051
0.007801214159365344
0.00593647942555762
0.004044086164886321
0.002401909200883947
0.001237965602428465
0.0007039317702818888
0.00086472943171353
0.001700678584405356
0.003119003630231985
0.004969984393099545
0.007065077070206681
0.009188690209582507
0.01111397720085361
0.01261387613655786
0.0134801077664805
0.01354610272962635
0.01272018915871812
0.01102008407937399
0.008606478956915169
0.005798731500263569
0.003069475865507327
0.0009988904990583837
0.0001968484613313216
0.001189617991407925
0.004294080001680354
0.00950251246920502
0.01640529442444234
0.02418301533849944
0.03168999776639062
0.03762132568285748
0.04076246803621065
0.04026614413606852
0.03591510379525342
0.02829849429623241
0.01884600698767857
0.009689364790668589
0.003331888347116763
0.002182662528650552
0.008011415058301243
0.0214511063926695
0.0416490801963815
0.06620153462844437
0.09138955833229598
0.1127904038750747
0.1261089174710637
0.1281669922717002
0.1177844819209055
0.09639332238247171
0.06814560440039787
0.03946726787641672
0.01799042999586875
0.01107729526992892
0.02412524449342611
0.05905112169146814
0.1133153097147364
0.179755579448563
0.2474590829166133
0.3036421821442543
0.3361841612493942
0.3365146215153534
0.3020917916543994
0.2379551508519733
0.1568224551591177
0.07740193311745881
0.02114783663098161
0.007764337433851909
0.05040105180435493
0.151518063103625
0.300540432960097
0.473972237404367
0.6387856266769796
0.7583889756452958
0.8009731193540656
0.7483349682425346
0.6038038134603479
0.3972852366645812
0.1859399260532835
0.04949235498711085
0.08057686140608383
0.3706821291767676
0.9939295465610254
1.991666956217998
3.359477008312187
5.041621830729235
6.931106565042366
8.879398521049325
10.71363132058429
12.25692811194923
13.35341470028808
13.88862776885616
