# RCS in m**2 for a L=5 cm PVC cube at 22.5 degree aspect angle
# frequency = 92 GHz, 
# theta = linspace(0, 6.2832, 1441)
# phi = linspace(0, 0, 1  1)
17.41841698189424
16.76341135671723
15.36301743817831
13.36700232312744
10.98737101893827
8.467463473156705
6.046896084910941
3.928539644090309
2.253042130237854
1.085117467874045
0.4130564830767571
0.1608580614197827
0.2097512619186519
0.4243841178419985
0.6783932507392624
0.8746019270493751
0.9567071426538371
0.9111921385132801
0.7604166324048345
0.5496101878918275
0.3313570816651474
0.151368367940319
0.03846485157968538
0.0004196018000284413
0.02567258525299099
0.08957054231677601
0.1628640325971049
0.2199596815173565
0.2448565411184038
0.2335793878109217
0.1929821892999962
0.1368433883214741
0.08070103281170433
0.03708395612261073
0.01242267154240207
0.006289755433389725
0.01284289233663746
0.02372200922009714
0.03130240544338051
0.03123120224524312
0.02352064930599123
0.0120042544202972
0.002497334746988925
0.0004008816207276495
0.008593795644762285
0.02631201626406679
0.04933757189387195
0.0713769474622966
0.0861180431032202
0.0892745980209721
0.07994588708065146
0.06087370430488151
0.03755611234937047
0.01652912967525088
0.003384460645980707
0.00115260746039289
0.009530705013177784
0.0251560169640175
0.04279062901069086
0.05700237246400527
0.0637991301173147
0.06172347775061223
0.05209553571094781
0.03839230060700955
0.02500701017223356
0.01582077923836871
0.01303716978009868
0.01663193876065969
0.02454026203295361
0.03347095472927612
0.04004414464213081
0.04186769920039165
0.03821296108960294
0.03011063762248666
0.01987695727080875
0.01026907881317737
0.003574544002163909
0.000932964578839629
0.002093537867757204
0.005652093179019415
0.009647721158607831
0.01229041563826666
0.01256185631797089
0.01049593497165353
0.007064890702126698
0.003739259457464391
0.001898745054408673
0.002309043649746803
0.004850015741946232
0.008578267376870095
0.01209001164588131
0.01404494116143511
0.01365916069729111
0.01099578498210194
0.006951855007564868
0.00295383674103678
0.0004700721486950032
0.0005095772877383298
0.003278847798713146
0.008109067281229215
0.01367378614638004
0.01841910483401527
0.02106179468375751
0.02098730092558803
0.01842559196283133
0.01435167095097498
0.01015280738819893
0.007177097636441272
0.006314408263820166
0.007737756205682396
0.01088401068485086
0.01466432234958529
0.01782786042377077
0.01935472184992653
0.01875210115408643
0.01616772743156839
0.01229619476254338
0.008123685498728038
0.004604554529595259
0.00237705323127647
0.001607213154108493
0.001999561048512859
0.002956468552667847
0.00382058572434602
0.004111930024976593
0.003680258791400665
0.002726236631163564
0.001695223511556185
0.001088296858015683
0.001262224431746545
0.002289638434721709
0.003926115901631586
0.005692710476233663
0.007039696043112296
0.007534860651624604
0.007010139760972142
0.005616854457880511
0.003774446926135628
0.002030367839861131
0.0008823657727972424
0.0006195365871243954
0.001236730127341268
0.002446485307939377
0.00378269433757655
0.004759611044432429
0.005032879308064827
0.004511954779664946
0.003386945643368072
0.002065674636693633
0.001041632251690934
0.0007373373432672835
0.001371429319052814
0.002891072800802672
0.004987553558803631
0.00718861538091746
0.008996245242393416
0.01002793966293423
0.01011841654167516
0.009355492794372576
0.008040597578780522
0.00659209615055072
0.005420931546002209
0.004816917266288638
0.004877609087068071
0.005497255650302024
0.00641333074712839
0.007294089693107678
0.007837536997711683
0.007852779618931037
0.007302625844735431
0.006298115657190882
0.005051910458442293
0.003808213146236999
0.002772088392976668
0.002058788239239775
0.001675661847985203
0.001538599472174704
0.001513673249200604
0.001468173518082841
0.001314850910174194
0.001035239299149196
0.000677742888293739
0.0003332384816032261
9.814408970860547e-05
3.850913197475448e-05
0.0001666695373192981
0.0004377192637336676
0.0007657832615593099
0.001053833863185706
0.001227011796253347
0.001257997572328655
0.001177009809763098
0.00106262113821881
0.001017158428188458
0.001133953752688004
0.001466685628571568
0.002009846044339751
0.002696696778719918
0.003414175028990855
0.004031890111464753
0.004436076907594945
0.004559194912184445
0.004397757815263401
0.004013142549893692
0.003516026912695102
0.003038292576484844
0.002700657338418874
0.002584165080765167
0.002711752520723437
0.00304509898991976
0.003496604735923059
0.00395185934117705
0.004298010542482563
0.004449279496841182
0.004365647047732647
0.004058468390432785
0.003584777699472771
0.003031242771406714
0.002493012215385438
0.002051785304939249
0.001760174907774995
0.001632852771249387
0.001647913403959996
0.001755850200692597
0.001893776284406495
0.002000783029046529
0.002031278696102242
0.001962655604354126
0.00179770485212527
0.001560104176283019
0.001286606599134013
0.001017059900505073
0.000785322994143112
0.0006128684132308763
0.0005060804049360829
0.0004574682392849057
0.0004497019385743607
0.0004611940123207754
0.0004716554989505765
0.0004664043163073012
0.0004385117960861033
0.0003887553528818923
0.0003238233074185215
0.0002533407867172134
0.0001869381544138002
0.0001318391073301868
9.153757632902099e-05
6.57970576263622e-05
5.15531593217757e-05
4.435554860079652e-05
3.991238109380971e-05
3.519253991458039e-05
2.89221898333459e-05
2.145752475330302e-05
1.413422671721539e-05
8.457362476224472e-06
5.39618200523191e-06
4.995211335734408e-06
6.421959188881307e-06
8.362816554416306e-06
9.606932596224793e-06
9.598415621646361e-06
8.733737413695779e-06
8.315529044488982e-06
1.013592421436479e-05
1.583905283330746e-05
2.624595639237433e-05
4.086679627853626e-05
5.779385644079832e-05
7.40281773042173e-05
8.615393784999153e-05
9.133111409664024e-05
8.812875650240871e-05
7.721104115063125e-05
6.138215596675179e-05
4.520719930332404e-05
3.403525630006235e-05
3.271901760507832e-05
4.435139713188018e-05
6.927592247027386e-05
0.0001046923035016848
0.0001449722733711173
0.0001827139389773177
0.0002102874603631773
0.0002215858825812682
0.0002135616091547591
0.0001872007733973861
0.0001476044883564748
0.0001031901128765062
6.405918976910443e-05
3.984640060657235e-05
3.759390081640972e-05
6.001102943415682e-05
0.0001046218875743625
0.0001640021479371599
0.0002271177858187719
0.0002815282660949779
0.0003160380287540925
0.0003231040834723546
0.0003006716309795629
0.0002527656452974372
0.0001888885886205993
0.0001221191970263758
6.638908740840766e-05
3.355527434777642e-05
3.080578461990409e-05
5.904726901653066e-05
0.0001126266570459368
0.0001805330874555495
0.0002487018986523249
0.0003030643007676913
0.0003325571197037041
0.0003314484484497426
0.0003004838336730327
0.0002465592512560789
0.0001810257956614651
0.0001171041833763766
6.68863942796002e-05
3.880294572819231e-05
3.600831426989724e-05
5.609693532640304e-05
9.212879549118228e-05
0.0001346283244127994
0.0001740126431158748
0.0002028398428421978
0.0002171915923730726
0.0002170240871332713
0.0002054255588579584
0.0001870527207741642
0.0001664428019774001
0.0001465832487584351
0.0001283514307852418
0.0001109390293145
9.307780759179453e-05
7.456785438078905e-05
5.75325427758512e-05
4.679598434315517e-05
4.899682870253788e-05
7.066232928719927e-05
0.0001155820030115687
0.0001824062153650317
0.0002633401186516196
0.0003445960235987527
0.0004088614029835385
0.000439472349322501
0.0004252146263759075
0.000364520403092479
0.000267716778590244
0.0001562972305090627
5.903290809268651e-05
5.500826159733133e-06
1.853784660002343e-05
0.0001075199965671741
0.0002643663782173416
0.0004637228431145512
0.0006675716098408932
0.0008335840735688934
0.0009250917821122203
0.0009204619151942059
0.000819114295940002
0.0006425345763614743
0.0004297215914275198
0.0002280866381185084
8.195365176067868e-05
2.172436950716939e-05
5.651209013866633e-05
0.0001723030724588016
0.0003360482048816652
0.0005049695322612224
0.0006376409900001542
0.0007049938698966116
0.0006971215872322137
0.0006245637290567378
0.0005138901469063129
0.0003987345007138845
0.0003093464996404978
0.0002637698524297107
0.0002631948396946851
0.0002929674748239847
0.0003286341844369167
0.0003451077725343234
0.0003257200132020928
0.0002683329005829517
0.0001863247497828195
0.0001040925484815577
4.86923412364831e-05
4.021962380522361e-05
8.433894379028822e-05
0.0001695345933137955
0.0002701564635741474
0.0003544631233952132
0.0003948735091521927
0.0003773445082595827
0.0003061479518934541
0.0002027376268760476
9.862417656315541e-05
2.465351983625376e-05
3.962147118022197e-07
2.728723561785636e-05
8.821018213778449e-05
0.000153920823425064
0.0001944152613292151
0.0001912077967952485
0.0001462984885732809
8.404846780192452e-05
4.4788439188615e-05
7.159662999115165e-05
0.0001943399004147975
0.0004162677629311659
0.0007082340968692595
0.001013099307925577
0.001260031885461313
0.001384845237387351
0.001349948296470559
0.001158036134666816
0.0008540932124558401
0.0005148174860317403
0.0002278763920631071
6.707669552377575e-05
7.10402785775121e-05
0.0002321618188700893
0.0004994820862430683
0.0007947094940080607
0.001036627382899694
0.001165961137272068
0.001162891668850223
0.001051515700587318
0.0008898287052803185
0.000748688687749392
0.0006867511064894161
0.0007299420632656005
0.0008624897055705223
0.001032590555976927
0.001170742948726002
0.001214695082701729
0.001132007117174246
0.0009324827361312427
0.0006657950154663047
0.0004048316587334028
0.0002206201642294501
0.000157373387185639
0.000216833155717823
0.0003577001666340878
0.0005108419340163281
0.0006050775832851107
0.0005945512181303158
0.0004775412806743962
0.0002993057291813841
0.0001370038498379124
7.14432192119243e-05
0.0001552287575410231
0.0003891102186644321
0.0007159573983207265
0.001036078175859057
0.001240016487990972
0.001248492709478125
0.001045402245304988
0.0006916253057702128
0.0003126325587247128
6.2288843420371e-05
7.305191720886589e-05
0.0004089455031305672
0.001037629659330429
0.001832537463126443
0.002607038384753726
0.003171003303901737
0.003392619840459258
0.00324561538694647
0.002824162491773516
0.002319414626144926
0.001962945188576776
0.001953208186581478
0.00238860603252287
0.003228985851861094
0.004299212489111788
0.005335471675662697
0.006060609218893663
0.006266046050313778
0.005873384114345546
0.004956568783934312
0.003716863539258387
0.002419225987814826
0.001310857622348945
0.0005494249656817261
0.0001652496331605123
6.995379706729987e-05
0.000108387074105779
0.0001344048905849326
8.23337087079409e-05
5.799433531780178e-06
6.658961972747195e-05
0.0004735630286423713
0.001390652059103519
0.002846330756925971
0.004680183893534306
0.006551958440532079
0.00802065422291285
0.008674006270648779
0.008271555979558408
0.0068525641514113
0.00476768818426768
0.002612237311919498
0.00107086515924303
0.0007125655034910019
0.001797213370533495
0.0041573282601707
0.007203809916030248
0.01006831327755252
0.01185433816372584
0.01193107178628016
0.01018205570076092
0.007124459565814844
0.00384480705738486
0.001745743275957653
0.002156595807558872
0.005905918304939434
0.01298196619701246
0.02239394893882606
0.03230503296868999
0.04043949850136475
0.04469152110233493
0.04379526202997983
0.03788535536478432
0.02878103592867386
0.01988746865597531
0.01567747697513429
0.02083909014022959
0.0392431019419602
0.07295480115984593
0.1215174980422216
0.1816908971832082
0.2477391150981132
0.3122399830033449
0.367292679569565
0.4058587718065442
0.4230334102931291
0.4169188109396512
0.388969372751968
0.3437259674492087
0.2879816623774737
0.2295694956619894
0.1759850889401129
0.1331465996114357
0.1045060527573784
0.0906540486419672
0.08950608850634184
0.09696456264356659
0.1079106528187352
0.1173106735616602
0.1212002931910662
0.1173714704660625
0.1056449558195498
0.08770352182706918
0.06657069022038271
0.04584929379952905
0.02891918867101755
0.01824594632065943
0.014937878806014
0.01861799444507001
0.02761047089969191
0.03937357255672432
0.05107050489859036
0.06014853151841164
0.06480655287866965
0.0642757209615589
0.0588629706784319
0.04978221371389089
0.03882416586145331
0.02794745182826509
0.01888175298511971
0.01281896318980356
0.01024432307245171
0.01092531497348766
0.01404096701319415
0.01841219600880734
0.02277311570226368
0.02602704423473314
0.0274379096320139
0.02672741301628719
0.02407154164510439
0.02000869275780698
0.0152895737423737
0.01070595439229106
0.006931673285672365
0.00440958827709127
0.003296488874486351
0.003470738334234092
0.004592129335882386
0.006195584178885135
0.007795803089356999
0.008981481810589468
0.009482594999268458
0.009201488643174259
0.008207563899487657
0.006700776948485799
0.004956350428271409
0.003262872897281101
0.001866873939600589
0.000932890140874834
0.0005242195461380187
0.0006049189839829194
0.001059414334445958
0.001723737674309295
0.002420918924421147
0.00299373881754353
0.003329359030288595
0.003372772202576821
0.003128442306517643
0.002651589518629389
0.002032132999197162
0.001374996815737454
0.0007808694767596209
0.0003297952389289734
7.065222710608997e-05
1.675355588924134e-05
0.0001476284477838823
0.0004158763334084155
0.0007573597748377783
0.001102862487062231
0.00138927636207189
0.001568801964974085
0.001614912757412342
0.001524846343155039
0.001318090175916544
0.001031814896021533
0.0007138532624769928
0.0004145607428300788
0.0001786652487538356
3.838296880006012e-05
8.855445286746941e-06
8.639409969392996e-05
0.0002498435447634657
0.0004647313676134798
0.0006894855846963346
0.0008826478797095514
0.001009896467894403
0.001049657846364729
0.0009964526753881394
0.0008612431473343634
0.0006690427352686048
0.000454011191044984
0.0002530102523183922
9.893258777700587e-05
1.487220194496311e-05
1.026279904809159e-05
7.968092719445271e-05
0.00020441395308385
0.0003565216031069239
0.0005043971556001365
0.0006189239258088513
0.0006788348409003034
0.0006743514575643317
0.0006084402050213171
0.0004954588525165399
0.0003576811408687033
0.0002204127105615428
0.000106779180806276
3.328649302309595e-05
7.060617316679944e-06
2.520198779991163e-05
7.631980602686941e-05
0.0001437691116616327
0.0002097465480889843
0.0002592907769709126
0.0002832723264914849
0.0002797324259859861
0.0002533754679473218
0.0002134912047907994
0.0001708945793084062
0.0001348145891486903
0.0001104816286311616
9.814856725291304e-05
9.368287121322511e-05
9.055418052104325e-05
8.259415799020741e-05
6.665774753082698e-05
4.434869404054949e-05
2.219786362099582e-05
1.011608862363965e-05
1.842504005813021e-05
5.428528757427367e-05
0.0001185330113957609
0.0002039680573963221
0.0002958128332852362
0.0003745479038885056
0.0004206293233618449
0.0004200439587435249
0.0003692937284698037
0.0002783223996431922
0.0001703132958908957
7.798755225552087e-05
3.684440617365245e-05
7.670626721982157e-05
0.0002134693422951351
0.0004431398240168751
0.0007399003456527059
0.001059137713414193
0.001345279893938341
0.00154291366532476
0.00160916094157669
0.00152429487664367
0.001298131714648601
0.0009704218456020452
0.0006047246057167844
0.0002767104793227372
5.924937742626737e-05
7.352134310748186e-06
0.000146304707494353
0.0004656433400435621
0.0009204341879344339
0.001439660276925888
0.001939913962335546
0.002341515023406076
0.0025834408607612
0.002634112721811941
0.002495638177752428
0.002201113226447626
0.00180587867075162
0.00137498617472527
0.0009700515018713794
0.0006383906273214648
0.0004066784567283013
0.0002800092541579797
0.0002459006676096149
0.0002815480383277353
0.0003619323215200418
0.000466469746132927
0.0005825533770572037
0.0007054407413001859
0.0008350233799634622
0.0009710934709335641
0.001108968342413503
0.001237234747112485
0.001338503394804545
0.001393141736174942
0.001384799100596003
0.001306036896049713
0.001162057115357092
0.0009713095147079477
0.0007623804776026422
0.0005678927775781245
0.0004169834668835901
0.0003284070030661686
0.0003061958229697972
0.000339112727196572
0.0004040218352807618
0.0004722527762320506
0.0005171843748317748
0.0005208737132675514
0.0004780335015634602
0.0003963076438673925
0.0002930191769875188
0.0001894928992768383
0.0001047372601227942
5.035206132464805e-05
2.8118108112662e-05
3.074119289978081e-05
4.531926409003538e-05
5.826784018437738e-05
6.002401190630311e-05
4.804449709124141e-05
2.723242690515132e-05
7.780236867954584e-06
1.278007478828184e-06
1.644966586416467e-05
5.595625551014341e-05
0.0001153051298499544
0.000184156906758133
0.0002495208559359425
0.0002997455076733921
0.0003279088407245861
0.0003336171862640732
0.0003225126695211801
0.0003039227117781505
0.0002873897647396773
0.0002793546114786917
0.0002811073992750216
0.0002886567677013245
0.0002945157733754528
0.00029068723130397
0.0002718056619046691
0.0002373464307260499
0.0001920706361536334
0.0001446751377535901
0.0001050913173295215
8.140591990755539e-05
7.747709261199719e-05
9.204395981865817e-05
0.0001196045212809865
0.0001526709928084342
0.0001845551557926777
0.0002116647478044884
0.0002344630739210195
0.0002567450931438151
0.0002835313885690278
0.0003183461860661686
0.0003609007503885722
0.0004061328580054455
0.0004449839339058107
0.0004667934145638192
0.0004625480633861732
0.0004279035997266647
0.0003650016455043985
0.0002824055924081487
0.0001931556463832833
0.0001115132602897044
4.94269344519504e-05
1.379776975313409e-05
5.322503974319001e-06
1.921012429994365e-05
4.740698834541033e-05
8.14914060840863e-05
0.0001152582367751194
0.0001461332121287976
0.0001750128427857399
0.0002047793811886563
0.0002380365343734544
0.0002750515940348966
0.0003126531513892447
0.000344598332665197
0.0003631974879902565
0.000361787574560982
0.000337056120293472
0.0002905284585064701
0.0002286248593464861
0.0001612547768142569
9.941550371587292e-05
5.253621234317511e-05
2.639745736465147e-05
2.220130123617992e-05
3.698147996516465e-05
6.510390396888268e-05
0.0001002511083161886
0.000137122360203947
0.0001724348293407495
0.0002048276982974169
0.0002340173087601865
0.0002595075974624437
0.00027965207784721
0.0002913438081385013
0.0002907060424297167
0.0002744299425593471
0.0002413729263912014
0.0001937335686810837
0.0001373837660453641
8.100900665948923e-05
3.436374507072263e-05
5.99728223196699e-06
1.176477143689673e-06
2.064137855936846e-05
6.048466128419019e-05
0.0001131941960675608
0.0001695416367725042
0.0002206546151099523
0.0002597900912454338
0.0002832346819718463
0.0002903337763800751
0.0002827045763349896
0.0002631045571795555
0.0002344051090513492
0.0001990806606572563
0.0001592071724715818
0.0001170262491365065
7.555421559042574e-05
3.89527358403329e-05
1.230122202923062e-05
7.313566012979315e-07
8.111238401638023e-06
3.568443143142077e-05
8.112927868336355e-05
0.0001384567115408125
0.0001988129747809023
0.0002521710842833518
0.000289356732653855
0.0003040120363723262
0.0002939007670524107
0.0002612535036259921
0.0002120972073206209
0.0001548383895828125
9.844136161974926e-05
5.078429299991828e-05
1.748094767450017e-05
1.451518820325859e-06
3.078130193153843e-06
2.081674607479536e-05
5.18869889513821e-05
9.274833785484577e-05
0.0001393295906737556
0.0001869953116078156
0.0002305027307655713
0.0002641660959053617
0.0002824706836703821
0.0002810939882541381
0.0002581619202975982
0.0002153257013612189
0.0001583963860719146
9.690646808260947e-05
4.272111412342606e-05
7.853085953352985e-06
1.77781470133912e-06
2.905844716308068e-05
8.782752400387233e-05
0.000169583307012642
0.000260601774852789
0.0003445027718641135
0.0004056197229169483
0.00043234512148704
0.0004195964658875956
0.0003699024817894271
0.0002928340870965513
0.000202876015254111
0.0001164019254725965
4.818985190581809e-05
8.651903204511474e-06
1.976871186907699e-06
2.584067042957292e-05
7.241720946971766e-05
0.000130504566703123
0.0001880433879467201
0.0002345661531316179
0.0002629391908680032
0.0002701722286363534
0.0002572625698905329
0.000228263340887876
0.0001889747508875801
0.0001455981555584795
0.0001037096075435722
6.771110822984688e-05
4.06911061189829e-05
2.463261704549865e-05
2.063334177286116e-05
2.90637351098335e-05
4.948891319378304e-05
8.03965844918703e-05
0.0001189041521826094
0.0001606497116545147
0.0001999608803447083
0.0002306222868680221
0.0002468489316688537
0.0002445832694559539
0.0002226714032010016
0.0001835533257706729
0.0001333031255982932
8.080511516149847e-05
3.626261254004051e-05
9.148391736327659e-06
6.195183909629942e-06
2.97689672465267e-05
7.706171164885648e-05
0.0001403504852460528
0.0002083277813477014
0.0002682095942322374
0.0003083574777329731
0.0003206614646892916
0.0003022828013919292
0.0002564371471845842
0.000191830597587213
0.0001209809267247382
5.782060817709509e-05
1.48330092108265e-05
5.961788684037277e-07
1.801283738109809e-05
6.373862598642419e-05
0.0001288212658823896
0.0002005390987979312
0.0002648643611112545
0.0003093232411157556
0.0003253662220539621
0.0003100456281201377
0.0002665129001608788
0.0002033224518504648
0.000132707203973023
6.809027609372248e-05
2.152440281378644e-05
1.348674726727234e-06
1.066362558176077e-05
4.684876319984091e-05
0.0001022037890824227
0.0001655134741476677
0.0002243281708552686
0.0002673199747407729
0.0002864620143063735
0.000278423967340877
0.0002451198716798156
0.0001931553161610579
0.0001324688266669631
7.431880654919949e-05
2.914981905303993e-05
4.609853689173558e-06
4.240745741397406e-06
2.692361736866668e-05
6.726520392046024e-05
0.0001167554717963652
0.0001655119631286473
0.0002041234636227271
0.0002254613494823234
0.0002258554156393143
0.0002056709499064302
0.0001690538394793887
0.0001229725860749968
7.583901949431597e-05
3.584155066663786e-05
9.491051200488434e-06
4.951025608970995e-07
9.240930425002703e-06
3.291223564485567e-05
6.618689959457867e-05
0.0001023279724643494
0.0001344945477622345
0.0001569281739010549
0.0001659162065684104
0.000160269870505891
0.0001413851805951667
0.0001128314683109593
7.95968572964169e-05
4.720990993880153e-05
2.081519316516808e-05
4.386926256703368e-06
2.041150932189797e-07
8.581154775997313e-06
2.790385264895895e-05
5.491491367023883e-05
8.521449546555557e-05
0.0001138923689811061
0.0001362182405380913
0.0001483875006169836
0.0001480689523666362
0.0001349741537826506
0.0001109920187092638
8.010656898963368e-05
4.790164494351704e-05
2.073975003856512e-05
4.652497799517759e-06
4.137224176245985e-06
2.109545278501044e-05
5.413306390796601e-05
9.845602295032046e-05
0.0001465004278069369
0.0001892134000241758
0.0002178713894943622
0.0002260162746914949
0.0002111661905003031
0.000175760007693122
0.0001271389041543319
7.627867225427066e-05
3.56829684732947e-05
1.656126779270298e-05
2.610237373731775e-05
6.543117242671763e-05
0.0001288227975588958
0.0002045162391982138
0.0002770271832648769
0.0003305884440203865
0.0003529738699272434
0.0003386367015470411
0.0002905774220685032
0.0002201885052875211
0.0001449910696931079
8.481122185019202e-05
5.700657641490565e-05
7.213795806457196e-05
0.0001309902390206932
0.0002239217436825394
0.0003327034142155982
0.0004346254503591383
0.0005079254749417814
0.0005371078170975428
0.0005169880089963433
0.0004542975955154617
0.0003663110676438046
0.000276876912636175
0.00021060719112121
0.0001868475836082455
0.0002148307254836426
0.0002912409941478296
0.0004010009091641373
0.0005208094792316279
0.0006249713093192264
0.0006914779876740175
0.0007073284497537847
0.0006713758917147256
0.0005941907660919867
0.0004949955649638226
0.0003965777095728289
0.0003195132078963312
0.0002773729312457467
0.0002738836924089809
0.0003028660500578577
0.000350678887706214
0.0004003660886355351
0.0004362064251158102
0.0004475441072843223
0.000430729328753449
0.0003891063850565475
0.0003310428934584148
0.0002671910856492997
0.0002075844399489478
0.0001596742816505902
0.0001277611515056726
0.0001135898817235529
0.0001176492478633199
0.0001403482709633144
0.0001824720738710844
0.0002443983224761531
0.0003247254336227824
0.0004184789026482403
0.000516313312096862
0.0006051094293306746
0.0006705036920134209
0.0007007991751942991
0.0006912662512257231
0.0006473897756995728
0.000585720171688765
0.0005315498568294458
0.0005135278336535978
0.0005563010553605316
0.0006731017650852437
0.0008603520603989594
0.001096376395703939
0.001344381473071375
0.001560248118062218
0.001702382837548546
0.001741997288649925
0.001670337635053959
0.001501504795236234
0.001269443288791098
0.001019842746072425
0.0007995370035426833
0.000645328686883694
0.0005757631592237351
0.0005879716800801375
0.0006596332656330178
0.0007560882554382815
0.0008399633139423042
0.0008806486161041764
0.0008615758006721148
0.000782709283897069
0.0006588835794235634
0.0005141010351145441
0.0003744368653540404
0.0002609496154843282
0.0001854083424078063
0.0001489360654931679
0.0001439739918185934
0.0001582678918622927
0.0001793226239650239
0.00019786584797254
0.0002094050509218031
0.0002137384013671038
0.0002131336431568715
0.0002102914808091949
0.0002070778058971849
0.0002047177489639204
0.0002053240422713218
0.0002137533173001809
0.0002390368970784469
0.0002940667767787882
0.0003932003400986524
0.0005481506886915595
0.0007631348079411181
0.001031245896927946
0.00133291448688651
0.001637970310748909
0.001910672653755236
0.002117454079661109
0.002234248643013694
0.002252660939577509
0.002182560848647061
0.002050375787144349
0.001893390661713491
0.001751913330849442
0.001660416973816158
0.001640809813463819
0.001698331402125758
0.001821623190038874
0.001986208187434217
0.00216025778143481
0.002310948196139824
0.002410578139901662
0.00244022260144869
0.002391865965997389
0.002268002215913512
0.002080237329247935
0.001846990617760568
0.001590860237370439
0.001336208193083401
0.001106569870936036
0.0009219011369653807
0.0007961810203262771
0.0007351917504159308
0.0007355186556875814
0.000785005159986242
0.0008650777320318813
0.0009546595240588605
0.001034628343616909
0.00109190425815461
0.001121653882143312
0.001127046215611641
0.00111639536994925
0.001099288152467933
0.001082457174783964
0.00106814261150766
0.001055207086537129
0.001043723968630564
0.001040668502062592
0.001064712347938832
0.001147334605498794
0.0013275044388468
0.001641473155960553
0.002108155612688772
0.002715838566494619
0.003415487675919445
0.004124143311172748
0.00474203447671706
0.005178904208804386
0.005385118989068649
0.005377498579728352
0.005249787693956876
0.005161518982268915
0.005303374542843492
0.005845500963765697
0.006880516796903323
0.008379133653635533
0.01017340740289024
0.01197973879176776
0.01346223344416653
0.01432378879883238
0.01440594475913638
0.01376662507344532
0.01271035113104767
0.01175285116891034
0.01151702332061252
0.01257819157827288
0.01529103005604565
0.01964552796253773
0.02519021516719428
0.03106469968302413
0.03613605910502058
0.03923846949544468
0.03945264524376653
0.03637426365940701
0.03029754563959523
0.02225409099708826
0.01389128954117123
0.007182590704995578
0.004029655261248495
0.005837879813113761
0.01315075620886797
0.02543618127492694
0.04109493011467062
0.05768283823207412
0.07235529489005278
0.08240283560993492
0.08581664642293896
0.08173343410385515
0.07067022477501175
0.0544872687094614
0.03608644425369918
0.01887200545365125
0.006116106346612285
0.0003121796386109593
0.002689849246248434
0.0129542417177344
0.02933636542085629
0.04891354852033581
0.06817441749121611
0.08366770693672672
0.09265861527956916
0.09361533810873859
0.08647220568514301
0.07260382503376203
0.05452095743275261
0.03538155665499661
0.01838387540775896
0.006181535356980083
0.0004408121508475007
0.001587370119731222
0.00880800137771612
0.02027749131794713
0.03354815400970873
0.04604097659727402
0.05550346001891279
0.06038862255876652
0.06006668176508195
0.05485259722252864
0.0458630074144871
0.03474755479123802
0.02334446024349874
0.01335368391633671
0.006056074613761769
0.002153684607493944
0.001720283762735891
0.004271365261269189
0.008918385513928519
0.01457183003875271
0.02014143287089263
0.02471215543546718
0.02765340346850989
0.02867015752418342
0.02778756979666303
0.02528975873094226
0.02163442882232161
0.01736136105493119
0.01300915101237362
0.009058428125813074
0.005890008563667125
0.003769363851628946
0.002838706255693155
0.003120208697408733
0.004519185478302434
0.006831010426473831
0.009752074354296328
0.01290136716534891
0.01585116633741102
0.01817551199289522
0.01950500111875184
0.01958761310832996
0.01834030934690068
0.01588098084378593
0.01253205167212584
0.008787473999221394
0.005243978249651937
0.002510019466841382
0.001097998070739583
0.001327812707033002
0.003254323267508019
0.006637914926484275
0.01096905736849426
0.0155401431454753
0.01956536634140914
0.02231649597849145
0.02326198268307453
0.02217638840872881
0.01919890602574091
0.0148264116786512
0.009843723058001432
0.005187235220764429
0.001783842586252912
0.0003714513160563647
0.001353801003586573
0.004704469300996635
0.009951761728438721
0.01624147245932854
0.02248319519368832
0.02754014025845564
0.03044971099432948
0.03061044479407834
0.02792178515609067
0.02282903443185219
0.01626821460048987
0.009510435953386067
0.003938546732599209
0.0007805634460399891
0.0008653510327609897
0.004435798937218724
0.01106722311399194
0.01971456374431238
0.02887690341698542
0.03687373431744438
0.04215999444311745
0.04364599360092367
0.04093853159673035
0.03446428909169507
0.02542628039897586
0.01561424908437595
0.007070472409534291
0.001697744406509356
0.0008574282913204496
0.005064948907889198
0.01383117350364613
0.02571089235777992
0.03853961881648903
0.04985150134001915
0.05736473995019482
0.05947637907681368
0.05562657272727941
0.04647159715242175
0.03380236101107368
0.02021927869914384
0.008605220351205124
0.001524516382033511
0.000645668336196606
0.006344217821069351
0.0175685929987518
0.03201444802280125
0.04660314765881447
0.05813729477673486
0.06403556799855085
0.06293269171608099
0.05503839985918992
0.04212212829866261
0.02713626119128904
0.01351926109358276
0.004372682199418755
0.001667686625398205
0.00572570203979762
0.01509674434331952
0.02690379238778512
0.03759533687434165
0.04393229237498192
0.04394340477455685
0.03760310446826277
0.02699069442232203
0.01583850095657726
0.008542836671596943
0.008840978221302493
0.01852726285487916
0.03657987863914275
0.05905298617610662
0.07986014924491161
0.09242288096494562
0.09178822039635527
0.07671860573366239
0.05108990349738037
0.02401911393443057
0.008439284148014309
0.01812588721028883
0.06373971209958211
0.1487497443210557
0.2664786491438785
0.3992061961335174
0.520497418692849
0.6005108172303381
0.6142090050584192
0.5507028960316783
0.4220177511795854
0.2689100644173522
0.1616628527301909
0.1945013085158541
0.4735665155914528
1.099619603021777
2.147543565851789
3.64750927520941
5.569186812387817
7.816539480479321
10.23031605821418
12.60368469442439
14.70776452616356
16.32082639296741
17.26211883650993
17.4184267499018
