# RCS in m**2 for a L=5 cm PVC cube at 22.5 degree aspect angle
# frequency = 85.25 GHz, 
# theta = linspace(0, 6.2832, 1441)
# phi = linspace(0, 0, 1  1)
10.22937121351165
9.860694009072828
9.064229033043313
7.91956710626091
6.541626284933066
5.065332605627433
3.627681471556914
2.349966055902372
1.322939281792308
0.597194271441989
0.1799273087921674
0.03842934300411142
0.1093090329584756
0.3116119832025171
0.5613916874537528
0.7851608941543778
0.9301156062440656
0.9696229473062019
0.9034856047424612
0.7535254043806721
0.5557579867838022
0.3510370345185463
0.1760796452923406
0.05658742702641196
0.003532028403179943
0.01296292699354963
0.06893285888679626
0.1485304839779434
0.2276996588519207
0.2865084691263677
0.3127834757922371
0.303548143571743
0.264216297680231
0.2060295792535814
0.1425449416954597
0.08612522274833546
0.04524341641427525
0.02313363499815373
0.01793573337009575
0.02408586716012622
0.03444200578406423
0.0424955141548562
0.04408834904119029
0.03823658929855868
0.02694957399709564
0.01421068358808104
0.004491309003713234
0.001266184934355616
0.005950725786900362
0.0175274018063275
0.03292002377293902
0.04795240830551029
0.0585824329037642
0.06204262936168766
0.0575685406860123
0.04652984962915549
0.03195918529857209
0.01764229507307615
0.007043760322176081
0.002380981559951639
0.004094849090873041
0.01084291766035823
0.01999216380002206
0.02844645225521645
0.03355768295736727
0.03386370914983811
0.0294500575225135
0.02185433037014299
0.01355885878709133
0.007235419515669472
0.004962601681506244
0.007639329994078283
0.01474978867941447
0.02453164729933426
0.03448401373536911
0.04206286644330991
0.04536062284449575
0.04358902182469444
0.03723850118792944
0.02789040651309468
0.01774903328859324
0.009035672658468007
0.003420838480662672
0.001640006471997444
0.003389866215473616
0.007510597715745122
0.01238363749653111
0.0164192762062658
0.01849126147444013
0.0182015833743423
0.01591302231232236
0.01256116375439799
0.009314933679716343
0.007197179340300746
0.006779478742287058
0.008034901552535056
0.01038325355352434
0.01290164815019941
0.01462927555086605
0.01486790038346354
0.01339000069511624
0.0104944033238543
0.006901481045070852
0.003525667985303591
0.001196730672497218
0.0004179812496101831
0.001229830489781724
0.003216321114458339
0.005647737174345901
0.007712962326095622
0.008768372988498674
0.008531729737786153
0.007161913527190207
0.00520637766339836
0.003433144908487134
0.00259896261848079
0.003221375535727514
0.005420747777104594
0.008875074675854617
0.01289934427273062
0.01662352229519897
0.01921965752966625
0.02011341324165515
0.01912427171811818
0.01649920926412793
0.01283442657441403
0.008912579377911593
0.005500487098454636
0.003164236339102147
0.002149236587592126
0.002351800274460508
0.003383950850064114
0.004706763117767734
0.00579221986074089
0.006266776714882099
0.005998918796049582
0.00511212836375968
0.00392446118390979
0.002837593402355977
0.002210224391591281
0.002252019033361002
0.002967661912194187
0.004162747837204601
0.00550642879930044
0.006630033932707842
0.007231501030240611
0.007155752069698811
0.00643060163908316
0.005249756186562733
0.00391089636112656
0.002728571069616405
0.001947240409305442
0.001678935004845977
0.001881603286482082
0.002381546215191683
0.002931872925222163
0.003288659267760113
0.003282892242811131
0.002867342478431308
0.002127961462934416
0.001256041331064053
0.0004917816834995222
5.513169716727426e-05
8.351100903075961e-05
0.0005934476861345822
0.001475991264589283
0.002526508329357325
0.003499912894575352
0.004176519574119345
0.004420441254488162
0.004215660784722334
0.003670832247524832
0.00299156491739873
0.002428501759559339
0.002213951950009033
0.002503384191307912
0.00333609622410197
0.004623798024694377
0.006169881761416635
0.007713164807059098
0.008985913807385205
0.009772115896531744
0.009952038594348699
0.009524614457901863
0.008603071364598485
0.007385249173349021
0.006109537244533625
0.005002222716851356
0.004232969663275348
0.003884390034833323
0.003942475708026906
0.004308338528122523
0.004826506246701047
0.005322810481230064
0.005642647343290053
0.005681355655169251
0.005401337972905112
0.004833075943412373
0.004061823220207207
0.003204312279516933
0.00238133400095813
0.001692578117208887
0.001199110521802059
0.0009160575373360758
0.0008159727199208878
0.0008410326847059444
0.000920042288419689
0.0009861339204790276
0.0009909854408183172
0.0009130978031856202
0.0007584665231731955
0.0005552777931502077
0.0003435984269286807
0.0001638598274130657
4.65648626316884e-05
5.458742479135789e-06
3.564775819746238e-05
0.0001164170535006191
0.0002177076937260849
0.0003083752681283661
0.0003640593678862299
0.0003729625483928157
0.000338056570493585
0.0002757200850730028
0.0002110928394918321
0.0001715210228605501
0.000179667389322559
0.0002479133415594863
0.0003751743130648449
0.0005469070255442435
0.0007380392550416109
0.00091829488223545
0.001058474132159331
0.001136584338753065
0.00114232915412941
0.001079271564868969
0.0009639769748605214
0.0008229190823173866
0.0006870870075488666
0.0005861383824090397
0.000542665908428044
0.0005681143886096658
0.0006605846160852049
0.0008056204558939347
0.0009786385648747689
0.001149875868913817
0.001289688882667181
0.001373751174504883
0.001387524407569305
0.001328372986999707
0.001205961405509711
0.001040259041841111
0.0008579447890557557
0.0006876719960638507
0.0005552154584080664
0.0004791935611217155
0.0004682453371728593
0.0005198122259972699
0.0006209940983552205
0.0007510238760331339
0.0008849713829284314
0.0009979561713185587
0.001069292651944127
0.001085685000499136
0.001043177807484844
0.00094742281649199
0.0008124365021087222
0.0006580261177012651
0.0005063960924561947
0.000378459379527396
0.0002906233347791429
0.0002523192290583358
0.0002647947994303849
0.0003212873778698278
0.0004085002942961122
0.0005089506274591471
0.0006039364954097953
0.0006765712410137611
0.0007143565684690959
0.000710865256892136
0.000666539349055303
0.00058820350236937
0.0004876312324316089
0.0003795089195676712
0.0002788986382064395
0.0001989463066666093
0.0001488930869863326
0.000132915471640821
0.0001498100388841862
0.0001935155775504189
0.0002544163928637343
0.0003210542940403259
0.0003820239007510169
0.0004276949984453624
0.0004515610786287659
0.000450869144377179
0.0004267366534074215
0.0003835467683335683
0.000328024908486175
0.0002679205099078693
0.0002108346480786812
0.0001631589437952561
0.0001293918126239925
0.0001118507081741572
0.000110745483469764
0.0001245608491852555
0.0001505422222871992
0.000185238090111019
0.0002248923883787788
0.000265717371456954
0.0003040130534558182
0.0003361996670065787
0.0003589006057957661
0.0003690699830642885
0.0003643828543297263
0.0003436680275039667
0.0003075073927117404
0.0002587106152511286
0.0002025263996313411
0.0001464553978049655
9.952137006662036e-05
7.104866926503104e-05
6.901206799841737e-05
9.837260701870833e-05
0.0001595658702445114
0.0002476562933178042
0.0003523710476149446
0.0004591851122051551
0.0005514548557305163
0.0006132082075973671
0.000632237234934563
0.0006027880253223391
0.0005273302779912648
0.0004168962796208607
0.0002897780825480148
0.000168633189647512
7.651119155151707e-05
3.252987793795973e-05
4.790213510421136e-05
0.0001233362718939305
0.0002483377558075361
0.0004026989732444265
0.0005599891235969502
0.0006924425511591092
0.0007763202962392221
0.000796546697932597
0.0007498197948506614
0.0006452469642929101
0.000502600362511826
0.0003482300787724421
0.0002097223866545728
0.000110266435532283
6.407852669831926e-05
7.383020777609092e-05
0.0001306079922723067
0.0002164570792762248
0.0003087847649167671
0.0003856932107662589
0.000430866563338916
0.00043688537423662
0.0004062877330469786
0.0003500520710369611
0.0002841312876126897
0.0002248525335762796
0.0001844862448489746
0.0001681907168638394
0.0001730565928648624
0.0001895543492865044
0.0002048646277665387
0.0002071886414425962
0.0001896899834459813
0.0001529680731342297
0.0001051916027983762
5.985375981460006e-05
3.169845164760214e-05
3.196779002867958e-05
6.440907992762826e-05
0.0001233459175795062
0.0001944348697436156
0.0002582662084059779
0.0002958118249192725
0.0002942425628008087
0.0002514487825530152
0.0001778407858100598
9.450286426474821e-05
2.813010010069508e-05
3.733708364335617e-06
3.722563378169995e-05
0.0001298806616048328
0.000266469310037299
0.0004180038228986829
0.000548563924221024
0.0006247147337258902
0.0006250959758038303
0.0005474549050273972
0.0004109708918492023
0.0002529722973134795
0.0001203774034975014
5.795920584688087e-05
9.633367142776613e-05
0.0002429039794104814
0.0004784089271342256
0.0007602319428907444
0.001031950560008989
0.001236915756750841
0.001332283706362038
0.001299905906833647
0.001151048791343172
0.0009236675519452494
0.0006725449405328391
0.0004551971306081922
0.0003169948723754195
0.0002797605550313887
0.0003368176269450733
0.0004558933256667176
0.0005891702540087415
0.0006874977228163825
0.0007148436251819175
0.0006588073212185254
0.0005340655782476925
0.0003778840214408801
0.000238733924565494
0.0001615550967161807
0.0001738127987527489
0.0002766571636301826
0.0004438134786676138
0.0006287837608389273
0.0007782300510886196
0.0008477288340930179
0.0008151343187877896
0.0006874341715059236
0.0004988748145956308
0.0003008347937905146
0.0001462516468905856
7.337993362948739e-05
9.39230523796118e-05
0.0001894253149963183
0.0003172844060858191
0.0004249661033480821
0.0004681277129350384
0.0004270274536221679
0.0003158492753996776
0.0001813447335277271
9.050517696392159e-05
0.0001102747733031931
0.0002851050313938899
0.0006192534615715876
0.001069599666992512
0.001552434867354186
0.001963043598454074
0.002203543765694706
0.002211178347436082
0.001978952247959582
0.001561907384703231
0.001066210964881661
0.0006230854105940412
0.0003541754488896987
0.0003376815376305822
0.000584992889007351
0.001035096049329446
0.001569292778463172
0.002042804499716082
0.00232511079443695
0.002338082072676109
0.002080660273000569
0.001632536538102813
0.001135161536595775
0.0007540221745820354
0.0006327001888912948
0.0008510709476941973
0.001399656404874395
0.002177948188151361
0.003017735010992245
0.003725588614661926
0.004133199808981012
0.004141133835290516
0.003744297213768972
0.003031152786107007
0.002157455232036234
0.001301707915420471
0.0006159032773024915
0.0001859135306593486
1.393109341943564e-05
2.828860742912359e-05
0.0001179373093487115
0.0001808310446964346
0.0001704643280905342
0.0001246526357908629
0.0001649469484217526
0.0004641266418678242
0.001188824387458604
0.002433459012546843
0.004166195914034165
0.006205831065645542
0.008242401186771437
0.009900675874153032
0.01083547664967521
0.01083331051930897
0.00989333001563005
0.008260455320374335
0.006395698119163249
0.004882875253694084
0.004289542156725375
0.005014227557920466
0.007159289007682349
0.01046567933697207
0.01433587383224412
0.01794660402879988
0.020433755320851
0.02110885717607804
0.01965486163705028
0.01624950157158132
0.01157632698881424
0.00670936868691202
0.002887653649639575
0.00122126041500836
0.002399743968671688
0.006471392688636187
0.01275837200359783
0.01994280605631716
0.02632547449164787
0.03021552634504543
0.03037739632444411
0.02643855403621281
0.01916446622134583
0.01052031291449617
0.003485800344033046
0.001631150263005526
0.008515364210003717
0.02700847933453916
0.05866133443677281
0.1032462953143689
0.1585627375497827
0.2205736107935118
0.2838310817963066
0.3421975980659932
0.3896738599645556
0.4212538277785728
0.4336395333713383
0.4257067069774844
0.3986453679889619
0.3557498484619083
0.301909361936565
0.2428925126824183
0.184508569271144
0.1318436053509129
0.08864330992728936
0.0569467336687343
0.0370045501188709
0.0274857217569989
0.02589714467104167
0.02914072883753722
0.03409789233372591
0.03814217236353481
0.03950378640159145
0.03743626176675835
0.03218147770337494
0.02476332698901622
0.01666333713104312
0.00945314668345721
0.004454486134388142
0.002486256354580605
0.003736934641483814
0.007771432329386606
0.01365932720961074
0.02018614477786215
0.02610145647340726
0.03035293980823326
0.03226411652998121
0.03162797002268632
0.02870686437271221
0.02414617835915144
0.01882756121368178
0.01368935404801756
0.009555527480909693
0.006998527396155691
0.006259925684247421
0.007236869224651568
0.009531087560589017
0.01254543098179213
0.01560679467851725
0.01809120787685273
0.01952805168068026
0.01966940181492765
0.01851251338814898
0.01627878193713993
0.01335577653985799
0.0102160472702585
0.007329238964842805
0.005082966685092187
0.00372498204157937
0.003334576763168694
0.003825028776452399
0.004973415828471849
0.006470399299250855
0.007979498281765215
0.009194874568902941
0.009888624149924139
0.009940596333029256
0.009347651095350394
0.008213110271898565
0.006720185156653255
0.005094696811447286
0.003565047150641474
0.002325654267893446
0.001509309603981955
0.001171927216469588
0.001291091370332039
0.001776817154053259
0.002491925190997568
0.003277742000548443
0.003980491378026881
0.004474664320783838
0.00467951032082879
0.00456714513536319
0.004161972548719456
0.003531963723396779
0.002774354502096227
0.00199817131192537
0.0013065691667222
0.0007817655405035499
0.0004745592451918028
0.0003992485030002766
0.000534825604765175
0.0008311202161667198
0.001218856410099987
0.001621611815932798
0.001967857663107469
0.002201168153348947
0.002287299868797368
0.002217372269728408
0.002006962908446098
0.001691617731053764
0.00131980252423352
0.0009444963297346754
0.0006148538146955838
0.0003692092348598096
0.0002303189325221232
0.0002033671116382049
0.0002768322157636122
0.0004257636854150596
0.0006168360021083279
0.0008140971007204529
0.0009845864835652358
0.001102885228603601
0.001153997293138213
0.001134385433234775
0.001051024472894206
0.0009191247259479026
0.0007587779006672171
0.0005914694004451075
0.0004368066703230499
0.0003101692178345296
0.0002213827789896891
0.0001744983955277446
0.0001684700282849118
0.0001983999040276143
0.0002569587169597108
0.0003356686940397066
0.0004257781492695251
0.0005187164370896003
0.0006061791740322696
0.000680094397705974
0.0007326818484927403
0.0007568474204053845
0.0007470151112780354
0.0007002846331143083
0.0006177324677238011
0.0005054555662061224
0.0003750220775622999
0.00024292337810433
0.0001289369592138704
5.345629205465862e-05
3.411131953561659e-05
8.227669028548149e-05
0.000200143443000453
0.0003790519945432804
0.0005995983313987898
0.0008336838434717723
0.001048495035127436
0.001211685652414221
0.001296939956575607
0.001288955242196408
0.001186765936153341
0.001004700923516225
0.0007706181334066741
0.0005216343452204068
0.0002979898252739134
0.0001362285736540732
6.28251741098984e-05
8.964850025526395e-05
0.0002120547691724299
0.0004100045159711614
0.0006520317186693314
0.0009012248473403191
0.001122010480456006
0.00128640816967319
0.001378486946964814
0.00139608431328966
0.001349721154915482
0.001258863655918073
0.00114663636083124
0.001034201932016901
0.0009360766480609606
0.0008575996554894947
0.0007948972783656296
0.0007374284967061272
0.0006723092920611051
0.0005892377981834678
0.0004847749070511537
0.0003647462771515854
0.0002440889454319169
0.0001441220771120719
8.779039857121428e-05
9.408911211097387e-05
0.0001730205361780105
0.0003224012165319486
0.0005273293593094343
0.0007626419433585075
0.0009977204618080199
0.001202545550392416
0.001353636083136777
0.001438296029511999
0.001456300537492643
0.001418565063293523
0.00134324501190324
0.001250405703210459
0.001156621311826976
0.001071066542323602
0.0009941139113479513
0.0009188206893869244
0.0008348268975341359
0.0007335210433254527
0.0006128922140555342
0.000480529373194946
0.0003536705112710624
0.0002560669384810937
0.0002121802499259894
0.0002402871352580484
0.0003462500863822878
0.0005198144422187103
0.0007347062920807691
0.0009528081141332863
0.001131744426435105
0.001234063539127485
0.001235940762093478
0.001133014988888043
0.0009419281737245266
0.0006969012376435245
0.0004421448111822284
0.0002218362736617299
7.013749228833862e-05
3.779731288704393e-06
1.903110668542594e-05
9.383648338647629e-05
0.0001945332740612623
0.0002853242784342733
0.0003380563378152483
0.000339606167149524
0.0002949761326379166
0.0002252555089975402
0.0001610368721208002
0.0001331424075448618
0.0001631864473819343
0.0002566475306174604
0.0004004043554930869
0.0005654769812159316
0.0007142924529894123
0.0008105048515592273
0.0008287383604830696
0.0007615945074312305
0.0006219259765555684
0.0004398299745421515
0.0002550461065427997
0.0001069131659104853
2.454265112434081e-05
1.977221404699429e-05
8.487966973849319e-05
0.0001954605472756169
0.0003175996981746227
0.0004172510093619371
0.000469230371273368
0.0004632808149313852
0.000405726797627545
0.0003163778787376751
0.0002218198815772784
0.000147098984765725
0.0001084132984878701
0.0001088337041919153
0.0001382952151785602
0.000177697444166328
0.0002057573147238637
0.0002064226761465001
0.0001745077283140262
0.0001178200484535355
5.501096748384115e-05
9.855873593473121e-06
3.64034288073572e-06
4.801889047073909e-05
0.000140544695595533
0.0002643420154980923
0.0003921077277172348
0.0004933690394606834
0.0005429546081656394
0.0005281343394286736
0.0004524138677153503
0.0003347390446589822
0.0002043547576281441
9.276074408543988e-05
2.504708456477606e-05
1.315377436401224e-05
5.292031149297184e-05
0.0001258290735293069
0.0002048501831264942
0.0002626401545078226
0.0002797633956125792
0.0002504096153828112
0.0001840368250072285
0.0001024454904792673
3.318220006327449e-05
1.222663178438498e-06
2.140037023919782e-05
9.379156774643326e-05
0.0002033786705484762
0.0003241232989109416
0.0004261828335597057
0.0004842048859779735
0.0004842761661282266
0.000427548924194765
0.0003296048606481442
0.000215682863665701
0.0001134687095933339
4.528039916651175e-05
2.223040955694002e-05
4.1734840888985e-05
8.91782299946481e-05
0.0001430443633665981
0.0001818477369888267
0.0001908344697616408
0.0001663991796872418
0.0001168940473551139
5.970791716101e-05
1.558197041914236e-05
1.827497741960381e-06
2.668297400946421e-05
8.642307783570961e-05
0.0001661628616621844
0.0002441366763957295
0.0002982395049094966
0.0003127076996026499
0.0002831851878954626
0.0002184283745289839
0.0001381788007667291
6.782773933178827e-05
3.117663027184263e-05
4.361923014497898e-05
0.0001074529538570775
0.0002108256504295381
0.0003305925617067353
0.00043832683641531
0.0005077977142562754
0.0005218829245340007
0.0004770157707454141
0.0003839337460179844
0.0002647028553375136
0.0001466397698021482
5.516396875027131e-05
7.230295016561409e-06
7.306115081743241e-06
4.689495511941156e-05
0.0001075875301169715
0.000166697267429231
0.0002039374823527288
0.0002071416685591435
0.0001755505911853115
0.000119782170897034
5.85359996951071e-05
1.304545492925797e-05
8.83781398156829e-07
3.078721454389035e-05
9.998161141076935e-05
0.0001947122092319028
0.0002937335725241682
0.0003739043731177335
0.0004162099984242791
0.0004107180813653583
0.0003590955637457587
0.0002740875828424717
0.0001760997261001521
8.798053111476496e-05
2.919244188596534e-05
1.11226589468627e-05
3.453163193439813e-05
8.98347413991692e-05
0.0001600272852237788
0.0002253255782305318
0.0002683552410297038
0.0002784889482422157
0.0002541251260053781
0.0002026262859680975
0.0001378539519941928
7.608896606952905e-05
3.161689719343245e-05
1.296275291577978e-05
2.095239187841871e-05
4.891668660377387e-05
8.498455035297592e-05
0.0001157363240009726
0.0001302213998153753
0.0001231893931949499
9.668446931261478e-05
5.958105482215944e-05
2.517883220531153e-05
7.50562702896064e-06
1.730089690431702e-05
5.878134874130765e-05
0.0001280042699207272
0.0002133767255668604
0.0002980730160945299
0.0003640243561229428
0.0003962308761228042
0.0003866183759613485
0.0003362895152626611
0.0002556662489532004
0.0001625137651126336
7.814476453171263e-05
2.273800689438467e-05
1.088176109983308e-05
4.819316930972985e-05
0.000129935475175747
0.0002418680932712088
0.0003630927741806036
0.0004704354992458781
0.0005431418795390902
0.0005672048225173489
0.0005381519679900563
0.0004618638927914959
0.0003532372004834208
0.0002331062926300906
0.0001239764293126701
4.559786103547362e-05
1.11446200699504e-05
2.492380853966686e-05
8.183965693962996e-05
0.0001687450381371637
0.000267304175537933
0.0003577633316483444
0.0004227329851037118
0.0004504285399579547
0.0004365377924014167
0.0003846754422381147
0.0003052384909001779
0.0002130150397501487
0.0001242420480018095
5.348145086780899e-05
1.103971360427515e-05
1.447922478283083e-06
2.304103382323535e-05
6.875589225658368e-05
0.0001278643848968084
0.000188177009549895
0.000238404444041757
0.0002700353683730978
0.0002786222501015813
0.0002641485271291641
0.0002306103031700769
0.0001848611385839961
0.0001351529412783369
8.953280162584786e-05
5.450843143753748e-05
3.411186333315721e-05
2.955113113605492e-05
3.937121996543512e-05
6.005568609646529e-05
8.689168717765543e-05
0.000114910076165542
0.0001396937571918431
0.0001579719890141957
0.0001679103778041355
0.0001691177854865856
0.0001624192820908382
0.0001495170756093403
0.0001325775887816966
0.000113890898176405
9.56094167742244e-05
7.95828778609048e-05
6.728286183507658e-05
5.975512440291585e-05
5.763956739089018e-05
6.109351732370867e-05
6.976742825249824e-05
8.276600823753873e-05
9.862688851054743e-05
0.0001153992708271015
0.0001308219552690119
0.000142551485054518
0.0001485735771429195
0.0001475152909381668
0.0001389853906595092
0.0001237464452231211
0.0001037323859334996
8.180564478770575e-05
6.135233743624203e-05
4.571877146404721e-05
3.760053913080059e-05
3.851242615845723e-05
4.844109322009232e-05
6.575716536041477e-05
8.743565334779727e-05
0.0001095401376965427
0.0001279363292384287
0.0001390235197650587
0.0001404439202490458
0.0001315446316539019
0.0001135344251598586
8.929032313534539e-05
6.284511224490402e-05
3.861905006501278e-05
2.061219765676342e-05
1.162959215555662e-05
1.276428632217536e-05
2.320421170176351e-05
4.042349385359008e-05
6.068568936688507e-05
7.980704690917688e-05
9.396482487988938e-05
0.0001004176687666949
9.801089058624066e-05
8.730575229108842e-05
7.039798892577204e-05
5.040923006971589e-05
3.080813553834863e-05
1.470693088314133e-05
4.269837653507071e-06
3.932143948193801e-07
2.652506676271759e-06
9.560093894802872e-06
1.902570413368893e-05
2.888256559698143e-05
3.737841990599835e-05
4.346927406247899e-05
4.689767547954372e-05
4.803647156694445e-05
4.7575812310666e-05
4.615408675701881e-05
4.408768193904022e-05
4.125814039848334e-05
3.722883549232783e-05
3.154512718888212e-05
2.41268242826479e-05
1.560731497467386e-05
7.505956408193237e-06
2.09594666646373e-06
1.969595031621727e-06
9.375198006531997e-06
2.547678378700163e-05
4.972657201723536e-05
7.961421687020879e-05
0.0001108354794470319
0.0001380443612660935
0.0001559477110308236
0.0001606315343495035
0.0001507395167611632
0.0001282079704302386
9.829946355578508e-05
6.88519216938026e-05
4.880459616669207e-05
4.633424266167818e-05
6.686257164396538e-05
0.00011165585168
0.0001770904509686833
0.0002551269501144777
0.0003347100695918176
0.0004040697979009741
0.0004532349438337839
0.0004763532609178276
0.0004731761017199037
0.0004492379084139697
0.0004148846505919014
0.0003829442828808709
0.0003658891763283377
0.0003729368847289127
0.0004078436327127055
0.0004678966918103284
0.0005444699462171287
0.0006248862482333578
0.0006953505547070954
0.000744094251633096
0.0007641383311864378
0.0007548351112242849
0.0007219601123417503
0.000676222294187105
0.0006306197672023784
0.0005972379565315095
0.0005843208295491519
0.0005942670523142636
0.0006231630388981453
0.000661732595091511
0.0006976761892593172
0.0007185968495341603
0.0007149095792884988
0.0006819570739599343
0.0006208473975042233
0.0005379766423082478
0.0004432110252764834
0.0003476653780661049
0.0002612780841589806
0.0001911392038583796
0.0001408009738082747
0.0001105866092516912
9.88499614041382e-05
0.0001034741957981792
0.0001231423011052241
0.0001579208099060543
0.000208861607518688
0.0002768869211682775
0.0003611683789041478
0.0004578313037127483
0.0005593672794413868
0.0006552115782852289
0.0007335823607181759
0.000784100944810347
0.0008006580268231122
0.0007837276138356242
0.0007412498260351034
0.0006878300977344474
0.0006421813934243521
0.0006232615540331636
0.0006459756862254937
0.00071749849872161
0.0008350919279824562
0.0009860320806090042
0.00114973953584551
0.001301829188670591
0.001418797994678217
0.001482938881420283
0.001485564510477468
0.00142866501781537
0.001323915729389446
0.001189983688190497
0.0010482854087476
0.0009185907163422398
0.0008152255957126753
0.0007449009430790881
0.0007062771368381558
0.0006914358683557679
0.0006885780048955007
0.0006852960940730339
0.0006715727377969036
0.0006416590294263861
0.0005949173494187506
0.0005350810272405065
0.000468687072981173
0.0004031121521573483
0.0003448253483354804
0.0002982846909668413
0.0002658170016089394
0.0002482013444855346
0.0002458039060253999
0.0002596007279689033
0.0002917449626028592
0.0003452513213592043
0.0004228930614861108
0.000525465451634296
0.0006501848751929759
0.0007895955381132989
0.0009318133538226217
0.001062246685191553
0.001166656894863663
0.001235206587234454
0.001266164636520684
0.001268438565192842
0.001261932098810935
0.001274957397446967
0.00133896553338168
0.001481288622584747
0.001717496331173569
0.002044934403724503
0.0024398276545542
0.002858331415739803
0.003243012055619923
0.003532624662692566
0.003674816263176157
0.00363761923917782
0.003418090084320904
0.003045120401645263
0.002575660277612507
0.002084289776439582
0.001648848068131444
0.001334335892398186
0.001179788869170728
0.001190202266674596
0.001336461709980345
0.001562774353630424
0.001799892140530157
0.001981213532033452
0.002057334260595451
0.002005746452814617
0.001833076245366963
0.001570730364985379
0.001263918066339917
0.000959359627878613
0.0006940325766574944
0.0004893414888031554
0.0003513656504923649
0.0002770078415505745
0.0002634202628092522
0.0003163708952861446
0.0004540354086493642
0.0007038115892425317
0.001091877308775181
0.001629102056330426
0.002297293934944059
0.003042759259281618
0.003780392226003069
0.004410841589521883
0.004848208753158831
0.005050624076490619
0.005045820968269282
0.004941546207506573
0.00491367153486143
0.005171162038497338
0.005902667018332916
0.007216197817631003
0.009088596468732483
0.01134150407793932
0.01365389761573179
0.01561966076137108
0.0168382962186504
0.01702571459705721
0.01611674941879195
0.01433211434429198
0.01218701153422773
0.01042774809735532
0.009897758904603086
0.01135846663591628
0.01529536227352204
0.02175298547177087
0.03024786063863492
0.03977651417947789
0.04895123306255891
0.05622253240502868
0.06018350860501497
0.05986803918349384
0.05500658910355506
0.04615937263258652
0.03470595737472488
0.02265875766254466
0.01235029406803529
0.006010890177577593
0.005350691206823471
0.01119510493688517
0.02326999528259105
0.04017438182626612
0.0595725429194067
0.07854681140719125
0.09410280703128814
0.1036777917198019
0.1056156287106571
0.09947554767004507
0.08613762458712299
0.06767956141912804
0.04703865555367159
0.02750880928265095
0.01220028241854359
0.003499071463763426
0.002683202254008371
0.009714607278578239
0.02326682281787076
0.04097709446212402
0.05985266136458399
0.07679528014226121
0.08910351851963869
0.09490579500027563
0.0934346525819239
0.08509866910020063
0.07135842727573537
0.05444180747326684
0.03693165132156932
0.0213452736270199
0.009722654372047803
0.003348362115493741
0.002596618715269192
0.00694547029022355
0.01513188737370847
0.0254163645427963
0.03589150840302314
0.04480311075277008
0.05079893038185049
0.05310408274688386
0.05157523008393919
0.04665824125629046
0.03925221609721871
0.03052604323843842
0.02170833851855635
0.01390444419348432
0.007945500989687587
0.004310494031126053
0.003101331371541493
0.004083631373886746
0.006765635306387907
0.01050157741082811
0.01459854982233303
0.01841394033847313
0.0214246361601409
0.02327421266017497
0.02378747125819766
0.02296508216313302
0.02096021879885203
0.01804366558381272
0.01456705364488093
0.01092212459763297
0.007501090587087076
0.004662462508160505
0.002694896426562416
0.001790020265780531
0.002018568368364629
0.003318380358639987
0.005495135670937459
0.008238177867400826
0.01115338915022231
0.01381215339752887
0.01580724302127772
0.01681426779843389
0.01664384012901004
0.01527941124142172
0.01288992179518187
0.009813521185145642
0.006515118057822167
0.003515877804607025
0.001313728043893753
0.0002986012855754122
0.0006822654100947951
0.002454454676455215
0.005373975849680929
0.008997030765946271
0.01274565200484182
0.01599763946714266
0.01819401994330098
0.01893606998344837
0.01806368659970639
0.01569216403399819
0.01220612634544897
0.008201414895210039
0.004392915417127765
0.001490582438152912
7.609463661331631e-05
0.0004917998825162589
0.002770267310175542
0.006612993831005292
0.01143084254256124
0.01643306989906088
0.02076476540008587
0.02365401676091608
0.02455884780115297
0.02327494029956018
0.01998870682507265
0.01526365417818806
0.009952051870270916
0.005054747988532887
0.001542069322631819
0.0001708996772820855
0.00133602498177437
0.004977087162681119
0.01056727874176871
0.01719225976928213
0.02370066495785006
0.02891592881476506
0.03185610920724036
0.03193477372651309
0.02909296490052102
0.02383654801116821
0.01716300812223023
0.01039299737064793
0.004918634145054704
0.001934238609558368
0.0021818261199789
0.005780651473339756
0.01216896210716225
0.02018898102352469
0.02829360925215697
0.03485786818475638
0.03851696161359169
0.0384808632349903
0.03473970981812721
0.02811732153372644
0.02014528809017203
0.01276410372476281
0.007917011782274523
0.007098653232540102
0.010970610081043
0.01913074004754162
0.03011165319891083
0.04161849935719063
0.05100674762839569
0.05588014515308659
0.05472153692790207
0.04738306522147897
0.03532289988355792
0.02147926881181187
0.009785638477537445
0.004358767114592732
0.0085334657932083
0.02392676347545158
0.04976264377786078
0.08267675085824798
0.1170791069265127
0.1461327185191179
0.1632014292138153
0.1634764652006094
0.1454938264386113
0.1121235550334552
0.07071522000221531
0.03226038365016796
0.00950346177790623
0.0143472492296952
0.0549098145037304
0.1329386187669357
0.2421215599787895
0.3680242593224142
0.4897026892054368
0.5833959751567016
0.6274278658206474
0.6079964611303083
0.5244750139359557
0.3932563863422954
0.2490813828800971
0.1430463114492838
0.1371136426433374
0.2956709738512429
0.6750774868102661
1.312560890890748
2.217067904382448
3.362354914491386
4.68621754693111
6.093411547253737
7.465306857041214
8.673911628671028
9.597168215653809
10.13634827938502
10.2293803326223
