# RCS in m**2 for a L=5 cm PVC cube at 22.5 degree aspect angle
# frequency = 91.5 GHz, eps=2.766+0.035i 
# theta = linspace(0, 6.2832, 1441)
# phi = linspace(0, 0, 1  1)
18.32548559161435
17.6775296975665
16.26585290293801
14.2380581844178
11.80460100213233
9.208659385767026
6.691756349532807
4.461018504777873
2.663576022416112
1.372198746893499
0.5837718917683501
0.2301893148411814
0.1986979155058937
0.357217804041478
0.5795330968855802
0.765694820783189
0.8544211710141624
0.8260823755589922
0.6969716452538688
0.5073292524611845
0.3064982153484741
0.1389001860699497
0.03375825698927878
0.0003369642600764918
0.02890404888529046
0.09628173441851344
0.1738929278233151
0.2358931086885948
0.2653122031560332
0.2569143580869806
0.2165048179909409
0.1574288603435683
0.09559915636266723
0.04465187394446
0.0125537632935384
0.0004112501347009655
0.003493273939628988
0.01384341033757704
0.02346594615071407
0.02702169315532969
0.02324547282301807
0.01478732350707547
0.006696680176920831
0.004197646945230636
0.01055899744758901
0.02578042789189243
0.04649414778714496
0.06705897704552323
0.08143524504340283
0.08519252632137367
0.07698699136150744
0.05903556100463722
0.03645880939480842
0.01572430441745619
0.002693704166877833
0.000896373892295289
0.01054681937627945
0.02858204094295754
0.04967246904616532
0.06785762248825418
0.07828744628790338
0.07854937759927025
0.06919650153322222
0.05337624645710057
0.03571887345987531
0.02087606583694454
0.01216337067169888
0.01071805537893759
0.01537953030666693
0.02327612798089782
0.03087952019761233
0.0351626321846622
0.03449445947899555
0.02901332146569165
0.02041099724591829
0.01124047968228634
0.004016604603227641
0.000411511945313247
0.0007973520182655985
0.004256207615121028
0.00901096129925715
0.0131012090285214
0.01505615128777076
0.01434172515659448
0.01144641760981339
0.007606528860417017
0.004292187410281915
0.002648969497125823
0.003095883871536268
0.005211610432245578
0.007935084915545695
0.009996113151664562
0.01041209536330325
0.008872668514646588
0.005875010411626149
0.002566687209117988
0.0003522015017714442
0.0004015532547056114
0.003229851160697003
0.008490801326669238
0.01505334254462814
0.02133410001008474
0.02577869578595101
0.02732981072426811
0.02574042756385634
0.02162994405412285
0.01627632110220299
0.01121371129495403
0.007771723192046521
0.006694312704877168
0.007958486050569804
0.01083210850793232
0.01414383998675908
0.01666680066534855
0.01749278192638333
0.01628156202936713
0.01331786603355259
0.009373175761440228
0.005430782450514602
0.002370577094257839
0.0007164811191941508
0.0005195935725156003
0.001402894991354546
0.002737317699728883
0.003880186110767951
0.004392861277531625
0.004164847402464729
0.003414142779513716
0.002570590887669282
0.002093483057008718
0.002289930109896866
0.003198285609295635
0.004573974256586503
0.005977648681703839
0.006931685026727083
0.007089323635497605
0.006355821981199545
0.004923538743933105
0.00320858378339458
0.001714315094438589
0.0008668626859133843
0.0008787873930203547
0.001684610720058524
0.002968392403166926
0.00427241399105106
0.005150082863757057
0.005314269273123878
0.004731660139308346
0.003635504655222243
0.002452947160955482
0.001671342462626376
0.001685165385706404
0.002671365223024645
0.004530047788474973
0.006908143548915916
0.009295966522108304
0.01116855710867373
0.01212748581056147
0.01200548563057135
0.01090206236074676
0.009146340942393735
0.007198491196790185
0.005521973164544891
0.004462235799414057
0.004166642220454451
0.004562246725472759
0.005395315293029684
0.006315677525891463
0.00697945250081678
0.007140522378178907
0.006706575322530424
0.005747413354377002
0.004459142386894201
0.003097475058563576
0.001902886499624713
0.001039249993749099
0.0005614576070524861
0.0004182709650190836
0.0004851775574772078
0.0006140482435681485
0.0006832045736290656
0.0006325665469809124
0.0004750499771765545
0.0002829197297127671
0.0001560477722380716
0.0001832976164558356
0.000410134809509111
0.0008221369684801066
0.001348775080229774
0.001885396622058822
0.00232580456122717
0.002595066160870037
0.002672281493874925
0.002596878181784076
0.0024568643156104
0.002362617636515996
0.002414125533016961
0.002671404827566492
0.003135701855924212
0.00374738610734468
0.00440031473806545
0.004968587161482217
0.005338728723074903
0.005438127522568231
0.005253483316381524
0.004833214504912958
0.004275521975972387
0.003704537604828034
0.003240317086811041
0.002971342174248307
0.002935563923832706
0.003113868975924657
0.003436948503167587
0.003803458972859552
0.004105040219056044
0.004250485394938244
0.004185517487286873
0.003902669253429966
0.003440353410099499
0.002871444832632706
0.002286045534805761
0.00177080093708489
0.001391309011060674
0.001180341643479337
0.001133991445834447
0.001216062040824221
0.001368845922333153
0.001527337304885694
0.001633509497926475
0.001647677797375374
0.001554717174364472
0.001364402320515328
0.001106510089838523
0.0008222872151724714
0.0005544848781260788
0.0003383603930627298
0.0001952180829424071
0.0001298640235460027
0.0001317206814649056
0.000179106697310153
0.0002452876449088461
0.00030477590573844
0.0003385311780229168
0.0003369876972089453
0.0003007384383561477
0.0002387900282150714
0.0001651808472267095
9.518068633136859e-05
4.136168544288762e-05
1.113641380589332e-05
5.614339022126431e-06
2.011542642794789e-05
4.595672264306934e-05
7.301644250722617e-05
9.227735118496918e-05
9.800036844242424e-05
8.878608790197702e-05
6.761864663187786e-05
4.083654121742266e-05
1.639254221009681e-05
1.829603761184025e-06
2.477852712664952e-06
2.020536044597662e-05
5.301127303410029e-05
9.546884036909185e-05
0.0001399259754585738
0.0001781097872648301
0.0002028767625833603
0.0002096422282099773
0.000197382584519303
0.0001687112547081119
0.0001295622560803541
8.791998920752161e-05
5.246452357216023e-05
3.087224777901718e-05
2.847473349883111e-05
4.724694276135979e-05
8.542440104010342e-05
0.0001377315861441045
0.0001962565667734946
0.0002517268072614055
0.0002950823988885777
0.0003190207058029452
0.0003192894999394604
0.0002955205768626978
0.000251453736612559
0.0001944683057181115
0.0001345017285536022
8.247430640053447e-05
4.846468370057578e-05
3.989022380018207e-05
6.007571465598777e-05
0.0001074096484783973
0.0001753211125992075
0.00025313830916774
0.0003277742794027613
0.0003859304359409999
0.0004166094401188976
0.0004131897683774463
0.000375056626140911
0.000308041160546527
0.0002237517418219413
0.0001376763494972718
6.638816976422281e-05
2.445037691712849e-05
2.138954792768227e-05
5.956114262853783e-05
0.0001332972032425876
0.0002296718748391702
0.0003307252257566908
0.0004168896531000136
0.0004709225465079866
0.0004814617343365553
0.0004456385256101744
0.0003698812700363419
0.0002688654839170543
0.0001626589034360075
7.259728423480172e-05
1.682138382884201e-05
6.363646397110214e-06
4.272481751545396e-05
0.0001174850463337132
0.0002141010587180561
0.0003114755224257844
0.0003886472623018829
0.0004293046984465259
0.0004253549461128546
0.0003785527215330751
0.0002998038576120549
0.0002064788942245441
0.0001182542028295634
5.253675970199633e-05
2.065038308169593e-05
2.563237884172219e-05
6.213180573969298e-05
0.0001183863352680364
0.0001796367470937794
0.0002320363290179966
0.0002659720251540833
0.000277984660427257
0.0002707083771835092
0.0002511652071719849
0.0002278447707649064
0.0002077479475673211
0.0001941940567521888
0.000186231193281103
0.0001797702332663368
0.0001700710315270793
0.0001546408710718757
0.0001354998916217269
0.0001197813280039164
0.0001183029151542623
0.000142231861985958
0.0001988165954295749
0.0002875422628590112
0.0003980865042185161
0.000511177325201879
0.0006023564317622662
0.000648247461195786
0.0006334242626129397
0.0005560396281321253
0.0004303234884180536
0.0002847897754295979
0.0001560962691211506
8.003100472212234e-05
8.175463328348212e-05
0.0001680814008114958
0.0003241952863638801
0.0005161128122962541
0.000698502528086656
0.0008261703581752928
0.0008661093989313179
0.0008067249063908689
0.0006616881117810708
0.0004668073719943639
0.0002708427504042928
0.0001224601516449469
5.702319204531437e-05
8.696278989206327e-05
0.0001984741768009717
0.0003556583443769276
0.0005108845297049211
0.0006184083559189517
0.0006473074267509075
0.0005897600716549783
0.0004625685317529653
0.000301191032323449
0.0001484959287465304
4.164623149978908e-05
1.25759619961598e-06
2.61277902891319e-05
9.514022564813145e-05
0.0001754835669088692
0.0002343500045662919
0.0002501244339247105
0.0002192668845651101
0.000156551064430452
8.876610782336952e-05
4.396557441458947e-05
4.040350675390107e-05
7.910365813551185e-05
0.0001430884774890444
0.0002038535205886697
0.0002330246587762249
0.0002151082224586185
0.0001565189332836966
8.707339132868122e-05
5.24763085466416e-05
9.957950295440041e-05
0.0002588864477336124
0.0005301446544013087
0.0008766745107220151
0.001231101507661328
0.001511974899215697
0.001647005206497898
0.0015957076952768
0.001364306730978599
0.001007542883665278
0.0006156369660166652
0.0002899269540084723
0.0001138961675243857
0.0001285421296397563
0.0003198345721278747
0.0006226402851396144
0.0009402361000123461
0.001173806807382407
0.00125271666608206
0.001155985887619414
0.0009182871931651408
0.0006181986776715784
0.0003525619551671543
0.0002051329096946915
0.000219752662783481
0.0003866828273236225
0.0006466345741260186
0.0009110474735128486
0.00109155767854892
0.001128920001447567
0.001011458525621684
0.0007769633105698672
0.0004974715129253025
0.0002527395187143442
0.0001018965423316396
6.365550652894193e-05
0.0001124400297434517
0.0001920474956358678
0.0002418698542649081
0.0002259034701160686
0.0001530912495783628
8.023595592446648e-05
9.472870860270159e-05
0.0002818191254430927
0.0006874259610045998
0.001290082271780518
0.001993730678099498
0.002646709568952707
0.003082925555939297
0.003173800025427564
0.002874044261707965
0.002245040459546674
0.001446065467019704
0.0006934629055248739
0.0001986044520516066
0.0001035449310424252
0.0004347186168805443
0.00109125521389461
0.001873026318303382
0.00254209107735457
0.002898458310012588
0.00284664733187502
0.002431045709719146
0.001826967692864664
0.001288643136918288
0.001069175102852071
0.001337187286762879
0.002117120037351478
0.003272685554528418
0.004540780608071365
0.005605719663968265
0.00619120401178182
0.006141106169111143
0.005463376111722556
0.004322937630581787
0.002986374666854334
0.001737308529498228
0.0007906825312872081
0.0002359704772532225
2.745451297299486e-05
2.584249440939739e-05
7.466207311627443e-05
8.306273602895901e-05
8.228976714188994e-05
0.0002312560110232777
0.0007638062811929906
0.001892010599144467
0.003697632797098473
0.006053193059803789
0.008607331225544473
0.01085151623153751
0.01225863590410554
0.01245632307295783
0.01138213452528645
0.00936454559328366
0.007092041130795321
0.005461604264141425
0.005338435344524077
0.007286840569635457
0.0113536862906775
0.0169752157349394
0.0230522495249516
0.0281906379298797
0.03105764140324914
0.03076093265141193
0.02714402604055163
0.02090479908057795
0.01348061902311758
0.006714281180985985
0.002369928160333489
0.001625559269640013
0.004683569839778822
0.01062555095386227
0.01758235291730371
0.02321227060130101
0.02539207810256477
0.02296416601623124
0.0163459315911797
0.007822008985318847
0.001404604041761526
0.002238111122162797
0.01563347854563953
0.04591265891655702
0.09530331660792771
0.1631254821165259
0.2454864796066552
0.3355391898683154
0.4243717969220847
0.5022923664156833
0.5603421803886315
0.5917270941963528
0.59290473993455
0.564131414379673
0.5093573914046045
0.4355161661009568
0.3513681549702817
0.2660631319741858
0.1877771189702756
0.1226048919166106
0.07390384165852336
0.04216406046230584
0.02539263689269048
0.01986882448401095
0.02110218534521937
0.02478555029815675
0.02756121916713031
0.02747810025507046
0.02408877576124361
0.01821732117481498
0.01149404837206013
0.005783556025830582
0.002647208094865165
0.002951180432960902
0.006688839951478984
0.01303256425442327
0.02057393674658435
0.02768453925205524
0.03289520316891901
0.0352132850305443
0.03430954773203755
0.0305455546522408
0.02484944143930905
0.01848003541599797
0.01273839964381263
0.008695724412415774
0.006988257719887287
0.007722846979923428
0.01049773567639943
0.01452641062019901
0.01882895881520218
0.02244491498950661
0.02462391930437798
0.0249561167422919
0.02342289273201124
0.02036593924302647
0.01638780202226258
0.01221149463584312
0.008530451083846499
0.005879411955422347
0.004548610155965659
0.004554009279989796
0.005662474187578813
0.00746164386216984
0.009456248641715218
0.01116886430909946
0.0122275926851937
0.012423091611943
0.01173004421146314
0.01029168207190574
0.00837545871945641
0.006310794179560725
0.004422471871831024
0.002972475579842332
0.002119857682869999
0.001902981528505442
0.002245953437771654
0.002984288408223694
0.003903398786492397
0.00478158052514554
0.005429459496491678
0.005719528590045169
0.005601717597214801
0.005103827016733775
0.004318880113722148
0.003382231851486442
0.002444245117234674
0.001643102125691248
0.001082414246027815
0.0008169374240344236
0.0008478278457958409
0.001127298990875067
0.0015709486182354
0.002075102054270244
0.002535469686736731
0.002864752119246301
0.003005349814179991
0.00293643648415906
0.002674259204972289
0.002266440730652291
0.001781567884778461
0.001296271599769605
0.0008819894545791746
0.0005938115697556831
0.0004626332914506329
0.0004920980473671111
0.000660055257481185
0.0009241328312807208
0.001230004030866464
0.001520950860981683
0.001746984229115146
0.001872094007029318
0.001878751713710987
0.001769094985568492
0.00156303389828996
0.001293844187761991
0.001002140337938843
0.0007293947893269551
0.0005118972865286094
0.0003760250508434854
0.0003353157519715706
0.0003894332050794526
0.0005250842391464837
0.0007183875780637719
0.000938406701304604
0.001151303664275886
0.001324640742508659
0.001431511569809407
0.001454010767301499
0.001385813264622829
0.001233426250063659
0.001015987535822895
0.0007633669192553666
0.000512491122376836
0.0003023697582236843
0.0001681638031591495
0.0001351741357646674
0.0002137609512102428
0.0003961981594765487
0.0006563445326152699
0.0009525877387147509
0.001233982475025724
0.001448716134519016
0.001553868675449591
0.001524240631866523
0.001358728589555014
0.001082589292385918
0.0007446506321858812
0.0004095510613226348
0.0001461007097925354
1.383895172285903e-05
5.036295760616722e-05
0.0002620969839452844
0.0006208676359511138
0.001067288292166778
0.001520883344692518
0.001895206768408163
0.002115279730756164
0.002133599962837055
0.001941449293362026
0.001572687344935701
0.001099049243739104
0.0006170172065206948
0.000229285307780834
2.390281650630963e-05
5.580878620158806e-05
0.0003344561392495882
0.0008205180727543247
0.00143249569304338
0.002062187298524303
0.002595796599334846
0.002936398062695371
0.003023261229146458
0.002843617299121136
0.002434690951028811
0.001875626897748161
0.001271085326356722
0.0007300801520905024
0.0003446918773273247
0.0001729837008099452
0.0002296325829521383
0.0004857414407364224
0.0008775292662697952
0.001321391008282966
0.001731756180172972
0.002037710015731255
0.002195027251163326
0.002191351960166938
0.002044214681326141
0.00179315609568201
0.001488360993793115
0.001178827330630914
0.0009029037693337219
0.0006829278154740795
0.0005245886531970282
0.0004203102791293999
0.0003550193670206727
0.0003123685361749676
0.0002795559368770751
0.0002497444669198199
0.0002218467828909944
0.0001983495074633526
0.0001823747905560829
0.0001751810707697906
0.0001750621680814048
0.0001778646722587542
0.0001787915213009399
0.0001746109764914541
0.0001653029867892957
0.0001543712032226339
0.0001476611745322531
0.0001510066338213534
0.0001676040137690417
0.0001961021217401729
0.0002302338897869283
0.0002602625894389748
0.0002758970586831538
0.0002697501507378214
0.0002401686201178283
0.00019240308829714
0.0001375556142750629
8.95038498086316e-05
6.071255506444296e-05
5.819842752365495e-05
8.105298615431166e-05
0.0001203811904287609
0.0001618559154903161
0.0001901431466331209
0.0001938996973871266
0.0001696991993755022
0.0001236047500182278
6.970758008684996e-05
2.602837962329857e-05
8.919437597708451e-06
2.773525436105156e-05
8.144696254579005e-05
0.0001583650368602148
0.0002391623118932299
0.0003023316967324113
0.0003305213229675265
0.0003156915578550725
0.0002616132557369527
0.0001828122655616582
0.0001002970768162874
3.542158810819887e-05
3.673492614454793e-06
1.038973379842122e-05
4.964230697545905e-05
0.000106556101701665
0.0001623073520058693
0.0002000784515508195
0.0002101146269575045
0.0001922553545091922
0.0001552451585540576
0.0001131588220143192
8.024317423786524e-05
6.595609549878529e-05
7.192686381846583e-05
9.177880868569953e-05
0.0001138792835767583
0.0001259228880828571
0.0001197694523587215
9.47360424743119e-05
5.81848571133083e-05
2.315055451136793e-05
3.777546433772279e-06
1.017333039810478e-05
4.44632050296576e-05
9.949404216215865e-05
0.0001607113790154536
0.0002106601001359326
0.0002346431370017141
0.0002256312043490543
0.0001867388211671801
0.0001303757547514778
7.432779388880373e-05
3.595832523254249e-05
2.656275176956004e-05
4.764929895472463e-05
9.050358473502149e-05
0.0001391481151416765
0.000175759087567659
0.0001867281391902532
0.0001673057815680262
0.0001233356355548642
6.940373352810731e-05
2.40472771097347e-05
3.618335563740323e-06
1.678542239669077e-05
6.158705453158266e-05
0.0001259419163232044
0.0001914701337900681
0.0002393472368358131
0.0002562479673751837
0.0002384361141975387
0.000192676016431904
0.0001337420593958529
7.940050237410798e-05
4.459694738108099e-05
3.677162068374984e-05
5.385806494660084e-05
8.552577886864496e-05
0.0001171559357841407
0.0001351554749031024
0.0001316487489764477
0.0001070948851121946
6.987501756438127e-05
3.306025890592172e-05
9.627808385282089e-06
7.721909980410493e-06
2.772925158045969e-05
6.21218662547884e-05
9.816655555194149e-05
0.00012250468712584
0.0001260475288288278
0.0001074006016255928
7.364672939779981e-05
3.815454012431099e-05
1.608748413393886e-05
1.918350089820488e-05
5.147894990853712e-05
0.0001075529885872434
0.0001737925348741743
0.000232474515546838
0.0002671695928422413
0.0002679035583236862
0.0002342330781997625
0.0001753928534954051
0.0001073934671334664
4.800046484686501e-05
1.13540298385848e-05
3.793093256545433e-06
2.230169106973465e-05
5.597950817844106e-05
9.000560046696877e-05
0.000110706551814436
0.0001101347472877376
8.858378234555938e-05
5.433227175208788e-05
2.070983510210105e-05
1.509392979409222e-06
6.253823559515638e-06
3.690120958715254e-05
8.702764561736375e-05
0.0001437150297616268
0.0001915712114926542
0.0002174841197693291
0.0002146983247295945
0.0001848028017478998
0.0001371741598337468
8.594371134116421e-05
4.561938325035772e-05
2.666832942884575e-05
3.248780096013488e-05
5.865615193188668e-05
9.462024315693115e-05
0.0001272666589812348
0.0001451171619770772
0.0001419271465530714
0.0001184435126589597
8.194020965140089e-05
4.364553415184159e-05
1.504270224259946e-05
4.111717214120488e-06
1.286855461416751e-05
3.683868096569706e-05
6.666352062139347e-05
9.129255043042377e-05
0.0001016863536798444
9.389353468092855e-05
7.047580606383014e-05
3.986947391510399e-05
1.379546512574445e-05
3.615912170958516e-06
1.665507603682578e-05
5.367946302407171e-05
0.0001082998238303796
0.0001684909127019708
0.0002198161107201596
0.0002494894614149767
0.000249979660619212
0.0002212450673255854
0.0001708850745843989
0.0001121890352742155
6.064957776779585e-05
2.980467860334534e-05
2.772477587174537e-05
5.491968567183814e-05
0.0001042881264162035
0.0001630852767116504
0.0002163118812927113
0.0002506044536615408
0.0002575752508079312
0.0002357487046785795
0.0001906738823469592
0.0001332346148921002
7.66341493415401e-05
3.302815275612244e-05
1.053073056866102e-05
1.146751867762894e-05
3.2208678471332e-05
6.45158501644588e-05
9.800389274885577e-05
0.0001229283832360333
0.000132624844378302
0.0001250130833338995
0.0001027087611379042
7.196691468729672e-05
4.072847515564316e-05
1.638011118393638e-05
3.827940141466251e-06
4.407726859857549e-06
1.580683322139878e-05
3.300274428033061e-05
4.986863623634196e-05
6.095625049822349e-05
6.299975731892129e-05
5.569871503662227e-05
4.164228085212458e-05
2.543304444976833e-05
1.227067806483269e-05
6.427998166094952e-06
1.004482859659618e-05
2.252771057674246e-05
4.073061076746471e-05
5.984189542327626e-05
7.470072500880191e-05
8.120274249825254e-05
7.743455678184519e-05
6.418071998706279e-05
4.476446258456568e-05
2.421087740689421e-05
7.960202847736804e-06
5.027853095914295e-07
4.22736622011553e-06
1.88128846614743e-05
4.126416727871371e-05
6.664789185612525e-05
8.922947813856448e-05
0.0001038655893789825
0.0001072043021492155
9.846756413968709e-05
7.964080584995212e-05
5.49919888824753e-05
3.010397654698912e-05
1.057341277329035e-05
7.707859555220955e-07
2.858620250463664e-06
1.634160263221214e-05
3.820576583182065e-05
6.363222801677178e-05
8.706405229304438e-05
0.0001034642106091588
0.0001093606057343269
0.0001035974393127017
8.751724181235367e-05
6.462569887991683e-05
3.978154949408702e-05
1.814064258123176e-05
4.048987096117668e-06
1.485653241025556e-07
6.879410749747377e-06
2.24466115780409e-05
4.327697155508786e-05
6.480582815002974e-05
8.24678064807178e-05
9.264492805473839e-05
9.335998732252785e-05
8.464564886773575e-05
6.844234954768407e-05
4.81283585116639e-05
2.779051193118534e-05
1.134537911021611e-05
1.77514634696848e-06
5.607096135707859e-07
7.459393414932669e-06
2.063319023551188e-05
3.709714007229389e-05
5.336326913639785e-05
6.615421916429053e-05
7.302675794274996e-05
7.279936078299113e-05
6.571674587610845e-05
5.3291071836351e-05
3.797300128501197e-05
2.261981272305175e-05
9.950798473637535e-06
2.072131383663616e-06
1.444996890293252e-07
4.249154367678304e-06
1.345131218356398e-05
2.602044172431788e-05
3.976271865951853e-05
5.239050342222222e-05
6.18549867798325e-05
6.665859467775199e-05
6.603453188966019e-05
6.004458179663189e-05
4.959002973893576e-05
3.632390319966548e-05
2.247357282582819e-05
1.057473881503605e-05
3.141662393210077e-06
2.275350547490167e-06
9.264473676083096e-06
2.424462448091145e-05
4.59865663961429e-05
7.189345516278134e-05
9.827706403747208e-05
0.0001208893199968155
0.0001356816465783515
0.000139712503664516
0.000131896847831004
0.0001135724627148466
8.859389983063834e-05
6.289026438565673e-05
4.350087494976338e-05
3.718900370348392e-05
4.895794644131967e-05
8.070436575312986e-05
0.00013041508895944
0.0001921419414170059
0.0002568436716598145
0.0003140242894834249
0.0003539534980065114
0.0003697995242171629
0.0003595231684774407
0.0003266947178695416
0.0002801934361402266
0.0002326977391164188
0.0001981283139797346
0.0001886318838149174
0.000211760991791272
0.0002684568779700752
0.0003524392538418279
0.0004511586623586877
0.0005482366245530166
0.0006268346500481371
0.0006734507896985469
0.0006807511557006447
0.0006495134795128497
0.000588556833313319
0.0005128597495181275
0.0004403853506621246
0.0003880563487851022
0.0003680290443758816
0.0003849986581835125
0.0004352276066997311
0.0005074804560358616
0.0005855580680512174
0.0006520999686006039
0.0006922328133241701
0.0006968299265231359
0.0006641343031997958
0.0005997378886314546
0.0005148766156475998
0.0004236040663170006
0.0003395176882693186
0.0002730061766596995
0.0002293779297218715
0.0002084993634401025
0.0002056646535598768
0.0002134564366529608
0.0002239403507657161
0.0002306154135633087
0.0002296252182943361
0.0002200844126458467
0.0002035022193676135
0.0001828344579304503
0.0001613518446514236
0.0001418734919979382
0.0001265026048355134
0.0001169012300948254
0.0001147158007835353
0.0001219966912773895
0.0001411715326213117
0.0001743939527411996
0.0002226090874433079
0.0002843225334320382
0.0003548632247583669
0.0004264234864493045
0.0004890734212854966
0.0005330221586272313
0.0005510700266407318
0.0005412598621259894
0.0005084164944813694
0.0004642301768192988
0.0004254497197661681
0.0004104364408542149
0.0004348186125040434
0.000507155115829293
0.0006259298002270574
0.0007785593072314666
0.0009431954256539672
0.001092639582771008
0.001200273043456563
0.001245760930486872
0.001220158253974449
0.00112831664390899
0.0009883578526441185
0.0008282172908979471
0.000679719257484013
0.0005717509443749347
0.000524230277042881
0.0005437617948163857
0.0006225902860415416
0.0007405873123763545
0.0008698677135988075
0.0009810855017371696
0.001049540647478854
0.001059971153777113
0.001009010465020888
0.0009047772641312415
0.0007638629134361445
0.0006072541341852246
0.0004553632328233461
0.0003244060134450921
0.0002241806757122034
0.0001580108742160086
0.0001242252293344083
0.0001185081177529307
0.0001362616395759371
0.0001740099160448342
0.0002295270664686088
0.0003008380657156271
0.0003845786914333307
0.0004747930889541145
0.0005626558232845679
0.0006379900386106435
0.0006919127295283117
0.0007203822749445867
0.0007270065806024314
0.0007241915471140518
0.0007316190125280828
0.0007720473744398867
0.0008647560568362678
0.001019301172551781
0.001230118185913029
0.001474931960971563
0.001717578730095749
0.001915668406785928
0.002030575644310614
0.002038756460641292
0.001940076592868285
0.001761114673077041
0.001551896204882797
0.001375596585206704
0.001294064758658948
0.001351802575012924
0.00156302054779635
0.001905066412439929
0.00232088907507625
0.002729723693456418
0.003045091613131748
0.003194078297261346
0.00313501024340074
0.002867551370179982
0.002433154868725772
0.001905867503737272
0.001375277212252352
0.0009261138758445876
0.0006203293220128938
0.0004849636575795167
0.0005097630072823995
0.0006536763657732823
0.0008582076873421677
0.001063581348612348
0.001222591278106395
0.00130897638742867
0.001318513715024868
0.001263581574556443
0.001164416451793099
0.001040752036665275
0.0009071849721647746
0.00077428489776987
0.0006539742596577709
0.0005668276204231809
0.0005464828186600874
0.0006376592248345678
0.0008864024025670894
0.001323781991552624
0.001948051952282729
0.00271220101310405
0.00352259534215379
0.004254343721177485
0.004780126081632848
0.005009321814912909
0.004923624061529088
0.004600219914910374
0.004209323999012856
0.003983952232347994
0.004163387905665627
0.004924361938290435
0.006317777836555545
0.008229986768110107
0.01038755283786219
0.01240750371201735
0.01389067309463183
0.01453576337122849
0.01424377521469334
0.0131839781411896
0.01179407157404877
0.0107032422737127
0.01059057360328722
0.01200327600731443
0.01518102886132103
0.0199339814440378
0.02561740878594044
0.03121682328107804
0.03554978686583847
0.0375328934444328
0.03647069786259786
0.03228532152597163
0.02562649089175473
0.01782594252289894
0.01067484128322997
0.006078707327495277
0.005635468710714291
0.01024517763262641
0.01983429062016885
0.03327574676407623
0.04852168463412244
0.06296721128509047
0.07393741327597612
0.07924821099947306
0.07767673525724202
0.0692740113779203
0.05541616129657729
0.03859635587801078
0.02196259610519674
0.008728947224638493
0.001532359414624903
0.001911205284034959
0.009981056695879195
0.02439401655685576
0.04258370945219184
0.06126295586506096
0.0770377666713641
0.08706691690678538
0.08958127463337394
0.08420479972375754
0.07199457323196938
0.05520101968682613
0.03682257843744138
0.02001165702362234
0.007499525070459855
0.001106736914283561
0.001455131773875488
0.007922801930032549
0.01883129886227776
0.03181345913387865
0.04429804795572356
0.05397932644056068
0.05922409213341638
0.05930308169416031
0.05445283803518261
0.04574403977202104
0.03481888830816409
0.02353960834602423
0.01364566052058037
0.006454262262620828
0.002685894998675373
0.002404364192130224
0.005090538900196685
0.009804572816116104
0.01540597374307931
0.02077169137842814
0.02498727791998439
0.02746144432053606
0.02797417563725214
0.02664657776193655
0.02386018832738261
0.02014779215108481
0.01608001950032553
0.01217415958634588
0.008832906125510187
0.006316484068613995
0.00474934088387916
0.004141220499371852
0.004418435250704606
0.005451038286186947
0.007070570017205122
0.009079689225866451
0.01125429852277347
0.01334780567713908
0.01510252987286861
0.01627055475421418
0.01664739709085596
0.01610921601364067
0.01464876284982376
0.01239850216760865
0.009631116672318819
0.006735563652104357
0.004164481973138534
0.002361934659372465
0.001685230950054625
0.002330332204909592
0.004281540307894471
0.007295740221237405
0.01092550651709481
0.01458655067609749
0.01765086551673202
0.0195609861149611
0.01993422114681432
0.01864599237135801
0.01586788498459487
0.01205630445700056
0.007883075428499572
0.004128877287076486
0.001540498398926403
0.0006961335200617997
0.001885480908953344
0.005040873171961975
0.00972804401082231
0.01520818821860798
0.020553810686957
0.02481532548150194
0.02719286034048484
0.02719869256147636
0.02476490121805182
0.02028272386328733
0.01455715118202083
0.008680729970866385
0.003842491593957551
0.001111493689762443
0.001222805975629249
0.004417148197282706
0.01036289325410956
0.01818013939266462
0.02657802223526902
0.03407130079313885
0.03926208181498984
0.04111115650762286
0.03917031156019892
0.03370551082890041
0.0257001602493241
0.01670128282148317
0.008559843120056299
0.003076699873702759
0.001645807211481463
0.004942986871251115
0.01274323623976075
0.02390230505523291
0.03653187264704724
0.04832423573525497
0.05700588600386895
0.06079473832345184
0.05880488977753824
0.05128220062837806
0.03962274267548528
0.02615277341905023
0.01369663083997112
0.005003966338421967
0.002169397100200162
0.006143024705696278
0.01646470745117712
0.03129039633553513
0.04771165178699456
0.06234875693886018
0.07205631059326333
0.07464231393818443
0.06938951834863204
0.05728493165466268
0.04085568027580863
0.02365700012607449
0.009469091552586456
0.001430231389426491
0.001254498730799302
0.008778388650183648
0.02194191305015314
0.03724185863976374
0.05058322525355239
0.0583335531483039
0.05830271922068329
0.05041351192608479
0.03682878119229251
0.02146102067537842
0.008960419000301818
0.003381121419797376
0.006911514285478832
0.01901399837644437
0.03631277248595903
0.05334163186653207
0.06410002170500459
0.06403670675393137
0.05197968862248389
0.03138416557266014
0.01038294042761651
0.0003822251175255507
0.01325800497473274
0.05770755269353109
0.1355859529618157
0.2394014568659443
0.3518271490758413
0.4482527769162336
0.5021262588530719
0.4928742327855926
0.4147385307085876
0.2848046853732664
0.1480415778882941
0.07737565839696217
0.1676359970823708
0.5233315461708128
1.241607671812258
2.392218543218757
3.999531646472354
6.027464926227444
8.375108472220907
10.87950364211368
13.33156887907032
15.50129098210221
17.1664325548893
18.14584767316864
18.32549670310257
