# RCS in m**2 for a L=5 cm PVC cube at 22.5 degree aspect angle
# frequency = 92.5 GHz, eps=2.766+0.035i
# theta = linspace(0, 6.2832, 1441)
# phi = linspace(0, 0, 1  1)
16.16659336565308
15.57023498568682
14.25442537324754
12.36365822699113
10.10460425379426
7.715324089822913
5.430149687708774
3.446569597887017
1.899781163994704
0.8491902495645809
0.2783182570847514
0.107479941289603
0.2158395992557822
0.4679845576343741
0.73959592853621
0.9373758739386402
1.010123105247501
0.9497943799803034
0.7836755046695415
0.5606006436928725
0.3349713190763683
0.1524824951443006
0.0404648345503134
0.004396868788785093
0.03041792188658772
0.09228295465551137
0.1603187369126219
0.2097650361521871
0.2264371012203611
0.2086007871416793
0.1651221856063516
0.1109775833235923
0.06174723661373499
0.02882688116765743
0.01663540522190456
0.0223742742050711
0.03805910368059594
0.05391447694806844
0.06190379225876194
0.05826750184792913
0.04436216475622288
0.02570038457596852
0.009660929643742225
0.002737358792618752
0.008251376031750976
0.02526012469636226
0.04893822404950001
0.07223027349060923
0.08816877318486134
0.09207959881204303
0.08297300636409645
0.06371068177933892
0.03996338593662895
0.01834847981304094
0.004371422087307788
0.0008389887291646896
0.007206444542165702
0.02001082651643452
0.03418781731575159
0.04479601716039799
0.04857557874431132
0.04486047898997748
0.03558554213051397
0.02445307918386733
0.01557668486976761
0.01207820061577263
0.01509370700713235
0.02349016913071008
0.03434303849134063
0.04397221164536391
0.04917104930942204
0.04821215463440186
0.04131897479587711
0.03048113739832987
0.01871528882020611
0.00904378187639889
0.003547953625548455
0.002795445788696197
0.005806055493134376
0.01052874334643211
0.01463425488904539
0.01633691591451871
0.01496417121119059
0.01110097334125106
0.006284441604015049
0.002383290063360182
0.0008959588757627306
0.002413708474123815
0.006430032560512222
0.01154499435244783
0.01597807890821657
0.01819927433034178
0.017454404847483
0.01400924472894462
0.009035650676620195
0.004192997888700658
0.001057071254419176
0.0005956713899998488
0.002866975639831417
0.00703414827105048
0.01168022937646561
0.01530445434395021
0.01682883903210893
0.01594025854473802
0.0131650013571451
0.0096579188407926
0.00678889917223484
0.005672445801593307
0.006800777763981755
0.00989533729007685
0.01401913801346591
0.01789934996977091
0.02034628847225178
0.02062604721690771
0.01866849627206563
0.01505087076585191
0.0107759337263426
0.006929043035934367
0.004334729409273947
0.003323531004147502
0.00368029472377286
0.004776853927279693
0.005832062978601939
0.006202873876730251
0.005604469399252042
0.004189683632081444
0.002467000684979368
0.001095788318366667
0.0006350274614977162
0.001335440505862895
0.003045841470460098
0.005261800654530044
0.007297084891673493
0.008513406481577147
0.008531479771562073
0.007351825944439427
0.005346758933657388
0.003131405178961861
0.001358647951156185
0.0005092732040988318
0.0007448358189062257
0.001870206719929722
0.003413410887313831
0.004792510605079973
0.00551174834696461
0.005322594046869666
0.00429848622994243
0.002802227081321735
0.001360489616057272
0.0004892354034260191
0.0005280758141432579
0.001534994158446558
0.003274139520379665
0.005295704946520124
0.007080319036934223
0.008199287311762438
0.008441350816878983
0.007865831807570275
0.006772567671403882
0.005597567733629593
0.00477317567463838
0.004595888273441547
0.00514146029226382
0.0062516154376176
0.007592168384537383
0.008760176148988453
0.009407064787010864
0.009337506465050079
0.008557761540836605
0.00726148031690158
0.005761183225627779
0.004390272690857977
0.003406095015813299
0.002923726319002772
0.002896810003924163
0.003149034867257153
0.00344105084842222
0.003551169019997707
0.003343326516023389
0.00280285395200581
0.00203165112329196
0.001206812528326078
0.0005190597731109981
0.0001107123779290921
3.329198975549564e-05
0.0002366618447014439
0.0005914702788440454
0.0009359388590872647
0.001131055961254352
0.001106547485712637
0.0008831533123119701
0.0005650937422916783
0.0003056159337237001
0.0002568534986417906
0.0005196812305180046
0.001108823588570153
0.00194346633179534
0.002866552007960563
0.003686229942476962
0.004228127951354578
0.004383550300730979
0.004139425056411928
0.003582972448806307
0.002879073494376221
0.002227915687410271
0.001813154035062882
0.001755733638635231
0.002084500569943298
0.002730382610922497
0.003545629968710662
0.004341960579036942
0.004936967291818793
0.005197872723200365
0.005070489605165767
0.004589423797187227
0.003864741698063561
0.003053021736666392
0.002318539635720023
0.001795197582097095
0.001558134497784521
0.001611303527180014
0.001892038226582557
0.002291122805770921
0.002681628441083019
0.002949622693583289
0.003018930103829733
0.00286522114128904
0.002516787278803636
0.002042882383235523
0.001534428291602089
0.001081113917100426
0.0007514934824912399
0.0005798641500215929
0.0005623443858209148
0.0006621603077869113
0.0008218481764966791
0.0009787431127888358
0.001079727439314183
0.001092296885315028
0.001009239832848256
0.0008471320545595605
0.0006393635106208144
0.0004263406451204263
0.0002450888540397386
0.0001212085304062137
6.4400302259947e-05
6.838488941508921e-05
0.0001145484066967702
0.0001781790144455479
0.0002350259355470386
0.000267094931087947
0.0002659792415501405
0.0002334167944613235
0.0001792599890259385
0.0001177167139690822
6.2979791478161e-05
2.548529783471875e-05
9.671481924113962e-06
1.360553349117615e-05
3.038236967308291e-05
5.073032465433699e-05
6.596302283889591e-05
7.047658631982758e-05
6.313078030992459e-05
4.721088481169164e-05
2.912797347358451e-05
1.622378493871655e-05
1.444623934227983e-05
2.645123613922659e-05
5.070954444312103e-05
8.186326610252458e-05
0.0001121159594752541
0.0001334003863314543
0.0001396524394499699
0.0001285337725537383
0.0001022870088642701
6.734836385015275e-05
3.283842743057799e-05
8.340203500310547e-06
1.476884359792913e-06
1.590614963839311e-05
5.024929373518532e-05
9.823570888548622e-05
0.000150053333521735
0.0001945760384464643
0.0002219981612790816
0.0002261897666174243
0.0002061903717108609
0.000166608552034367
0.0001166150962525186
6.787690601483386e-05
3.191839533085889e-05
1.745530772086509e-05
2.837066478666905e-05
6.279792835803895e-05
0.0001135290310095348
0.0001696684812550668
0.0002191159712553755
0.0002513466297099479
0.0002597444915066568
0.0002430693363559008
0.0002056473323094191
0.0001562319042881315
0.000105923660392294
6.55708148007843e-05
4.332178987256169e-05
4.289335185126597e-05
6.293912068273905e-05
9.766748429102517e-05
0.0001384277811548502
0.0001759154126870771
0.0002023639880809595
0.0002132116117189407
0.0002078150809482368
0.0001891804313360878
0.0001626371415036151
0.0001344118319736879
0.0001097194852934272
9.173393406754951e-05
8.118259525556153e-05
7.681172171787275e-05
7.644101750868498e-05
7.820289400300504e-05
8.149334667518291e-05
8.726169048333167e-05
9.748027718372375e-05
0.0001139874663701881
0.0001371006108828894
0.0001645283889247478
0.0001911482384381608
0.0002098488556468166
0.0002134456415431099
0.0001971466969301269
0.0001608645142871386
0.0001105079155977665
5.771598165684103e-05
1.767436262849076e-05
5.442639462707947e-06
3.163260253115858e-05
9.85719504321319e-05
0.0001982480681066918
0.0003128600449650704
0.0004182155038616861
0.0004893816321670922
0.0005072984543608779
0.0004645868155207005
0.0003688235742725466
0.0002421657834185901
0.0001169109181984778
2.798244235528608e-05
4.013234077602599e-06
5.938775205466838e-05
0.0001894907528033465
0.0003706216658538437
0.0005649734859961484
0.0007295571026216252
0.000826884658009552
0.0008344982158903913
0.000750980015429447
0.0005963940183133891
0.0004071875199338527
0.0002267435744140526
9.416562292168791e-05
3.448060184722836e-05
5.290052102059202e-05
0.0001347423161133918
0.0002509536772969277
0.0003673784830903522
0.0004550948013755559
0.0004983868844057736
0.0004982473715024703
0.0004701373255890415
0.0004371222822353012
0.0004206175277769379
0.0004319315825428169
0.0004676408241867168
0.0005104230946182466
0.0005352649160276184
0.0005189867341944036
0.0004499753455139852
0.0003344707679880229
0.0001971267070181536
7.504953273294896e-05
6.917402340015309e-06
2.049140178137521e-05
0.0001225659580099749
0.0002948616555889381
0.000497596071121669
0.0006799805742003634
0.0007947277275687928
0.000811985959155177
0.0007282697355872857
0.0005674900697076964
0.0003734484750055907
0.0001961922618720401
7.654768128609932e-05
3.393067371648717e-05
6.146133697019552e-05
0.0001300636127071662
0.0002001501941047134
0.0002368653776275754
0.0002236109686622456
0.0001687077267790701
0.0001028524365565239
6.773463560594351e-05
9.969857816620425e-05
0.0002141823074166882
0.0003967513399550559
0.000604512383422437
0.0007782856371600806
0.0008619599714041241
0.0008227273000665536
0.0006652377459246275
0.0004340576146910277
0.0002028563982784638
5.286692607836375e-05
4.721750281063805e-05
0.000209455811382954
0.0005135895297899746
0.0008896240622336493
0.001243595635604589
0.001485908098449718
0.001559097698341396
0.00145626967766121
0.001223202167839791
0.0009437181500366132
0.0007124674913150477
0.0006038993065123051
0.0006480219430021676
0.0008207003054559764
0.00105222127834918
0.001251377189522593
0.001336862963131197
0.001265455946330699
0.001047399308034424
0.0007432636466894855
0.00044335539212125
0.0002367866905598081
0.000180506260051894
0.0002796155922599117
0.0004856501952114565
0.0007138216097376146
0.0008732036914536436
0.0008993048932275207
0.0007771045809049953
0.0005462424040106687
0.0002860358788534587
8.557374427147169e-05
9.494665130747064e-06
7.264912116672521e-05
0.0002334776227472157
0.0004097605903849441
0.0005120593194305489
0.0004831198551206167
0.0003284043802820556
0.0001251129178895211
3.891395136321832e-06
0.0001071213916050706
0.0005364939401468834
0.00130780241013646
0.002329876057496933
0.003417717620577623
0.00433860088967426
0.004879277090220631
0.004912838654344646
0.004444004840564703
0.003616052502121993
0.002674538666936645
0.001897264008326084
0.001511034630913873
0.001621632495333177
0.002179278422554367
0.002992326675613103
0.003785837333995103
0.004287213609554801
0.00431171361260511
0.003820301995827858
0.002930480484359456
0.001876253912113686
0.0009305785025953371
0.000315565111564406
0.0001313383169345419
0.0003277521476604612
0.0007290933614233393
0.001103558975523235
0.00125349007060994
0.001093988787278156
0.0006907052831342408
0.0002411107519189354
3.114511454952219e-06
0.0001945630410584528
0.0008990097013501991
0.002013649150827843
0.003262694042493682
0.004277511224061207
0.00472099264308511
0.004415748699680098
0.003429602056117812
0.002083243435841307
0.0008681470410635658
0.000294003449795034
0.0007106154367419403
0.002164842187981171
0.004347508656900837
0.006661117401237132
0.008401859466140072
0.009011025704439761
0.008318662471069769
0.00669690226487644
0.005057093433425603
0.004665819483844462
0.006808457778901935
0.01238197254436843
0.02153060740772027
0.03343949990830853
0.04637849096215275
0.05801279941996212
0.06593798879319859
0.06831876233416413
0.06447161790574554
0.05522745183534256
0.04295152694384735
0.03117364598660628
0.02388338196982756
0.02463073913066812
0.03563402170275639
0.05712076642140596
0.08707387011528722
0.1214774336082663
0.1550418759486714
0.1822686908059278
0.1986336164074989
0.2016233826874543
0.1913830239845876
0.1708214152343167
0.1451193409639335
0.1207358510968911
0.1041075592386186
0.1003213755618153
0.1120281127111579
0.1388372257262477
0.1773155975120939
0.2215939649567903
0.2644386293861732
0.2986092532834125
0.318172233088971
0.3195515930540234
0.3021071451130567
0.2681527105007867
0.2224242397728984
0.1711453101811299
0.1208782579543093
0.07739638368599813
0.04480146270087688
0.02499465084898362
0.01761799433550421
0.02039552592766855
0.02978302480594132
0.04176968896060465
0.05266125927992878
0.05969873280029148
0.061415667944656
0.05769879827050437
0.0495829565269973
0.03885223200565469
0.02755969119681835
0.01756799586883298
0.01020197173624788
0.0060651384865684
0.005032994207331239
0.006396389621796775
0.009103516088280852
0.01203296703625511
0.01423914080944412
0.01511987055485766
0.01448477516675212
0.01252583181041908
0.00971065027264769
0.006634524205305643
0.003868666321607081
0.001838132459764324
0.0007512115033629023
0.0005871952109340449
0.001135928871534543
0.002073255578582181
0.0030494899585168
0.003770005543278611
0.004051371412194315
0.003844578656187244
0.003225028470649509
0.002356459295703427
0.001440676425393005
0.0006662567118978798
0.0001672358906537605
1.380421372921601e-07
0.0001412191016431487
0.0005019929743937487
0.0009570916576467793
0.0013766661953899
0.001655692598571863
0.001734185318225528
0.001605077224685535
0.001309681103881413
0.000923125736427677
0.0005341999957021978
0.0002245551989239887
5.163136704577879e-05
3.864659387969009e-05
0.0001727973953293758
0.0004112050317889093
0.0006925719255121833
0.0009513919726365856
0.001131890664187353
0.001198527456077719
0.001141572993473979
0.0009770711412328023
0.0007416646852779732
0.0004838629452744379
0.0002537371622184945
9.308028781701947e-05
2.796286887457695e-05
6.47835549390913e-05
0.0001902989602264823
0.0003753107617314906
0.0005810153562812849
0.0007667775915699579
0.0008975581639516743
0.0009500998848728242
0.0009165548199410598
0.0008050648096331781
0.0006377150452395907
0.0004459180313102405
0.000264482975663508
0.0001253254480879914
5.192536813131183e-05
5.544356255732594e-05
0.0001331202553464649
0.0002691152096770318
0.0004376000710054641
0.0006075128892165471
0.0007481108462435655
0.0008344194776258414
0.0008515648070024952
0.0007972953536263613
0.000682306820841037
0.0005282037112321158
0.0003636502548294674
0.0002190817628536299
0.0001213046845208501
8.849417277079317e-05
0.0001268794580591651
0.0002294978650192156
0.0003774116356580347
0.0005431288806308765
0.0006956807061428565
0.0008064495056056714
0.0008546201058832035
0.0008312581130482887
0.0007411835551984116
0.0006022249863235764
0.0004418827864997872
0.0002920670760159263
0.0001828375813961014
0.0001363860676786089
0.0001624540764169508
0.0002561724671712498
0.0003988155696885086
0.0005613991301877184
0.0007104434089075366
0.0008147887919221694
0.0008520760619727591
0.0008135010751241136
0.000705839954981649
0.0005502351535708451
0.0003779400392366653
0.0002238711208944199
0.0001192730816479205
8.511147485159438e-05
0.0001275593837270239
0.0002365997220560124
0.0003881108099431131
0.000548971092659386
0.0006841087068997357
0.000763976384648235
0.0007708238675961048
0.0007023744985178352
0.0005721383874424196
0.0004062863007194119
0.0002379022762277015
9.970538960707696e-05
1.715299743203391e-05
3.198580083213035e-06
5.597382928214117e-05
0.0001597466160296805
0.0002888663326883411
0.000413714566453113
0.0005072633828457023
0.0005507311204388147
0.0005371695360886184
0.0004722806106677035
0.0003724398796945087
0.0002605151775929674
0.0001606217976788154
9.293385690545916e-05
6.975560623987286e-05
9.352760171240734e-05
0.000157061840181116
0.0002456911153163977
0.0003407468054091163
0.0004235060737388232
0.0004787350929738241
0.0004972936091976198
0.0004773964935308706
0.0004244485230684592
0.0003497376104712844
0.0002682268937365554
0.0001959057941041063
0.0001470525748567824
0.0001317602012173353
0.000154094024265537
0.000211146516338313
0.0002932342110677177
0.0003853795954027676
0.0004700195635918663
0.0005305601056034016
0.0005552312604504914
0.0005403379213970979
0.0004920175635591779
0.0004258831884358552
0.0003641333942233657
0.0003306044719020296
0.0003446280518889374
0.0004152761119726121
0.0005374572921534168
0.0006913269856724658
0.0008455434270283419
0.0009639257372983819
0.001014274668366114
0.0009770025402401799
0.0008513561740780653
0.0006572636240907097
0.0004319103237963386
0.0002216097994051474
7.073175474504733e-05
1.060060561698923e-05
5.124265040404413e-05
0.0001784248608937878
0.0003569831597824955
0.0005397157450353255
0.0006795528873069393
0.0007417317369674964
0.000712616584987376
0.0006026802435785422
0.0004428404084769408
0.0002751766242762973
0.0001407952929326028
6.837640091773798e-05
6.66434322790052e-05
0.0001230660415705801
0.0002088987077176134
0.0002889681633083073
0.0003330716432210705
0.0003254300932221099
0.0002692534735462186
0.000185097551688872
0.0001035967300949583
5.500053386849649e-05
5.895005702334371e-05
0.0001178134616326499
0.000215717032938807
0.0003235574646078329
0.0004084167867943051
0.0004441130689802646
0.0004196277492486017
0.0003424885895866455
0.0002361662600134891
0.00013220897649905
5.995294146382853e-05
3.70808490492627e-05
6.421672493459987e-05
0.000125331700612915
0.0001937395650385591
0.0002416121047742888
0.0002497742849309273
0.0002143978084275783
0.0001483436663745799
7.665517185789936e-05
2.777452743715516e-05
2.348219326565231e-05
7.102256988652039e-05
0.0001601647318347865
0.0002662356051351122
0.0003581978356602766
0.0004089768127716474
0.0004046268775148597
0.0003491514283063786
0.0002632715975817017
0.0001775756335665729
0.0001222673855444666
0.000117021330324989
0.0001643023083108211
0.0002484545531678585
0.0003408546396077239
0.0004094399996679763
0.0004293299289103147
0.0003910873633285815
0.0003037705339489327
0.0001918591560383778
8.710808937513816e-05
1.814776665910404e-05
1.30076872716044e-06
3.57026307477754e-05
0.0001042541046360717
0.0001799890231622044
0.0002355134162668008
0.0002523378524368532
0.0002268157589307141
0.0001707764682043476
0.0001067352553084154
5.950025495659884e-05
4.712312784237776e-05
7.441630811425288e-05
0.0001312895464024609
0.0001964441847655899
0.0002450959369088444
0.0002579832641980185
0.0002284731252218819
0.0001652719798474995
8.974394021250053e-05
2.876419306219766e-05
5.516763374933808e-06
3.147505965985276e-05
0.0001022486880135537
0.000198771362522389
0.0002934979638313981
0.0003593632426624949
0.00037866226133642
0.0003486549552899734
0.0002822625322006181
0.0002033226288902412
0.0001384974311625803
0.0001081050746363229
0.0001194505751137768
0.0001645558970343557
0.0002231923869233112
0.0002701801666201267
0.0002843084139059017
0.0002560158242084431
0.0001910640551771531
0.0001091036732390118
3.736969285423965e-05
1.86153834139892e-06
1.86173831570805e-05
8.818588936216117e-05
0.0001949709688202088
0.0003116551161619897
0.0004074156310148773
0.0004570389663535191
0.0004483303476185721
0.0003852938835408221
0.000286365879264152
0.0001782389956098683
8.758226933405174e-05
3.307937520358057e-05
2.055594173025462e-05
4.241201461385375e-05
8.14024102825199e-05
0.0001173509859951766
0.0001344144014470757
0.0001264464104376034
9.876964196420773e-05
6.581322136648589e-05
4.549830266933638e-05
5.243633853380363e-05
9.216483262601246e-05
0.0001584878017867512
0.0002348165246492286
0.0002992055918346052
0.0003313041630394644
0.0003192585344719475
0.0002640374438214601
0.0001799143320363392
9.083897582003864e-05
2.360621055200167e-05
9.615059646390399e-08
3.064918126114232e-05
0.0001108017597812493
0.0002222042724231425
0.0003376144159295822
0.0004283056929329865
0.0004719661938136807
0.0004586205318779615
0.0003930672534960486
0.0002931928077266287
0.0001846609841872163
9.376034210759556e-05
4.033833198348727e-05
3.284032541482536e-05
6.682392242203659e-05
0.000127116713807949
0.0001928180094312852
0.0002436821486577042
0.0002657867540776666
0.0002551638502204466
0.0002181865052252032
0.0001689682500854566
0.0001245666705807006
9.961170555355751e-05
0.0001018424551828932
0.0001299410178263918
0.0001741729724053043
0.0002195644614533991
0.0002505841012150785
0.0002559778829535069
0.0002322305804397636
0.0001848172749124102
0.0001267211360179632
7.480792483810394e-05
4.51121119213587e-05
4.821847720124441e-05
8.61968429250155e-05
0.0001518451326119
0.0002303655721594108
0.0003031785162626204
0.0003526350844053198
0.0003665603480915088
0.0003413198610092338
0.0002827521375832607
0.000204622715726502
0.0001252862743088751
6.30933670553119e-05
3.209524773855558e-05
3.876349829015346e-05
8.068494474055129e-05
0.0001474048106036572
0.0002231355842748626
0.0002905838436734626
0.0003350086320418381
0.0003474376383185946
0.0003263863209100372
0.0002778620819926045
0.0002135250315276545
0.0001478147496416957
9.452823437919391e-05
6.388543967323203e-05
6.049093275747641e-05
8.27980026570896e-05
0.0001238933344960861
0.00017348046182651
0.0002203528867728537
0.0002549139477544601
0.0002710416616732733
0.0002670879447589686
0.0002457630396392873
0.0002131129628419118
0.0001768356956297442
0.0001445408248551245
0.000122126141838099
0.0001127776892701697
0.000116646304188042
0.0001312305804580597
0.000152262222295879
0.0001748440518901423
0.0001945392671284589
0.0002082102642149059
0.0002144271206888502
0.0002134599369820076
0.0002068977812079224
0.0001970309118817393
0.0001862674479033843
0.0001766012995048041
0.0001693116572930383
0.000164892644362971
0.0001632106974914294
0.0001637345779519944
0.0001658197724863988
0.0001689260354944241
0.0001727059064751148
0.000176966429411391
0.0001815771475794727
0.0001863235846194151
0.0001908089518398549
0.000194431187205578
0.0001964730690614583
0.0001962593145060114
0.0001933738409414453
0.0001878154614626298
0.0001801045150433308
0.0001712362251255447
0.0001625575395191628
0.0001554715626957139
0.0001511712476855666
0.00015035743001491
0.0001530537753855269
0.0001585729749488429
0.0001656349974679226
0.0001725940968786594
0.0001777823690513042
0.000179837169528518
0.000177979730000082
0.000172162301844467
0.0001630761861154472
0.0001520130511009762
0.0001405802228830899
0.0001303936404982333
0.0001227734428819924
0.0001184919382821197
0.0001176554943355962
0.0001197426176629859
0.0001237199013057848
0.0001282910056890129
0.0001321403618911237
0.0001342051063163745
0.0001338512757291914
0.0001309417314438424
0.0001258490981097567
0.0001193272532643899
0.0001123571613787081
0.0001059416635767998
0.0001009343981661077
9.789990533268398e-05
9.70583416650667e-05
9.825248274847658e-05
0.0001010453227217177
0.0001047885883081446
0.0001087839227833906
0.0001124123182297151
0.0001152385285314052
0.0001171031583008593
0.0001181749892933885
0.0001189071855945315
0.0001199491960226252
0.0001220407913480593
0.000125844869501628
0.0001317879523889558
0.0001399174677206554
0.0001498335796739658
0.0001607024259612784
0.0001713880025257327
0.0001806329888363805
0.0001873324043590494
0.0001908368929725426
0.0001911295921804642
0.0001889554828263616
0.000185732765267941
0.0001833172819496495
0.0001836685879484151
0.0001883340361916171
0.000198081113904518
0.0002125387054842302
0.0002302249291884695
0.0002486265632844305
0.0002646866985815901
0.000275454486776969
0.0002786648040612147
0.0002733468021967889
0.0002601136606518044
0.0002411424137330684
0.0002198134152318255
0.0002000334759900668
0.0001854384904956352
0.0001786217236749961
0.0001805661859993948
0.0001904226776892463
0.0002057205855333204
0.000222913796089505
0.000238179670209916
0.0002482554946864009
0.0002511765343545612
0.0002466578114799743
0.0002361232143725519
0.0002223635515635361
0.0002089093771360696
0.0001992362677011092
0.0001961624728822626
0.0002012922535652713
0.0002148837840915302
0.0002358779408046846
0.0002622540894713283
0.0002914137002104624
0.0003206292636026657
0.0003473312440189672
0.000369375030936946
0.0003851120362315847
0.0003934488760336962
0.000393975863347706
0.0003869023050170832
0.0003732195391383929
0.0003546877022086814
0.0003336765948362913
0.0003128958080278356
0.0002949818822114861
0.0002819785220472001
0.0002749359015857365
0.0002736061247256636
0.0002766503574999912
0.0002819479695619973
0.0002872630463090614
0.0002909027969644713
0.0002923011751443252
0.0002920436895481947
0.0002916639680166418
0.0002929728866681491
0.0002972378247298243
0.000304715247528094
0.0003144603553289319
0.0003249166255692965
0.0003350058833969581
0.0003454819516386122
0.0003600302272802166
0.0003855559493520528
0.0004314463326037971
0.0005074962970343622
0.0006211620557582991
0.0007745407195506664
0.0009621803743317204
0.001170503249246851
0.001379131467904687
0.001564409849731153
0.001704189138172776
0.001782785720893768
0.001794799529716902
0.001746758114113725
0.00165568841376409
0.00154512988040446
0.001439316637808793
0.001356935868788292
0.001306620714359004
0.00128490009738844
0.001277650526844846
0.001264545957744243
0.001225239116263726
0.001145542579355612
0.001021916238417225
0.0008627135362315881
0.0006861295128568941
0.0005152480295631106
0.0003718522672921619
0.0002706567697363425
0.0002159803667555385
0.0002012789610617222
0.0002120401080122351
0.0002305640587025249
0.0002412757239434083
0.000234722971330095
0.0002091795143120956
0.000169588024922064
0.0001243886978960779
8.18539799721035e-05
4.726618851744192e-05
2.227467792684432e-05
6.517334212730436e-06
8.626038450403823e-07
1.066588449731961e-05
4.735996474135356e-05
0.0001270999852569908
0.0002662294019001505
0.0004747088715217879
0.0007496604432345291
0.001071329668999319
0.001403992354694333
0.001702076264034844
0.001920844054052074
0.002028706655333546
0.002018257506230481
0.001911180459682884
0.001755879058646883
0.001617034733906057
0.00155950509806777
0.001630329151428447
0.00184458270881478
0.002178551869120254
0.002573418693507598
0.002948764675708462
0.003222015599565451
0.003330181888588349
0.003245767468514777
0.002984130904123506
0.002599231236771823
0.002169043553400847
0.00177488467063026
0.001480426577963268
0.001316373425728934
0.001275163985308021
0.001316409286309798
0.001381509931799593
0.001412617299295792
0.00137001786598249
0.001242740252513166
0.001049954656482892
0.0008328701965439326
0.0006406341276981271
0.0005151752185000783
0.0004796786112473192
0.0005344283447428259
0.0006605470937879992
0.0008295535724665736
0.001014459027741471
0.001198003812699148
0.001375104799467201
0.00154825153265669
0.001718841333000339
0.001878664255266364
0.002006053938791751
0.002070455196155762
0.002044508157972573
0.001921347746351966
0.001728814400921527
0.001536144032631
0.001445057350788169
0.001567174543935087
0.001990677826831586
0.002746389441629461
0.003785080126400733
0.004975085266226323
0.006126040572215464
0.007036531613531211
0.007551749103305801
0.00761876683381144
0.007317056485501744
0.00685416962123396
0.00652072249985786
0.00661251321480814
0.007340886829470164
0.008755045236103312
0.0107047639474951
0.0128577465957055
0.01477880885657123
0.01605057514458917
0.01640981952974958
0.01585659980821279
0.01470231851732016
0.01353067712817567
0.01307092322180934
0.01400515268830913
0.01675709373825479
0.02131843795392854
0.02716385907437467
0.03330003226718434
0.03844068846904157
0.0412983919503567
0.04091050511132395
0.03694005782156611
0.02985919759481647
0.02096026674708564
0.01216517719003187
0.005671781680769643
0.003481686661136005
0.006931676815277824
0.01632217385691242
0.03073983698334029
0.04814414695898778
0.06568758359017526
0.08025049739442969
0.08906811836741702
0.09030696965922465
0.08349713054582519
0.06968952915759997
0.05130982803168562
0.03173618232773061
0.01465273702014531
0.003350063932798199
7.03443236456827e-05
0.005562000795325814
0.01892408156378894
0.03777726356392897
0.0587091715301056
0.07793970134495309
0.0920204736138623
0.09848815940902833
0.09629061244637913
0.08594773562109811
0.06940812351004762
0.04963954598360396
0.03003953943603864
0.01381046313948093
0.003377055381925689
4.27047272329656e-06
0.00363236524848066
0.01297608384769099
0.02584120316555763
0.03957604967406168
0.05157940315428632
0.05975994538526384
0.06285288644576181
0.06057439005994724
0.05357712284170653
0.04324605103212841
0.0313917898821956
0.01989086383670471
0.01036923644898812
0.003956264955058039
0.001156049082216088
0.001846857750667582
0.005380006872792004
0.01075463168641959
0.01682661089539678
0.02250236058963626
0.02690108463446269
0.02944898313299352
0.02991563548413996
0.02839036071048266
0.02522013047788895
0.02092229707966018
0.01609867630988057
0.0113503707544438
0.007217647759627811
0.004128765652077609
0.002372631206406671
0.002078304750162321
0.003209829915489484
0.005568795458636784
0.00881179297563555
0.01247964134739678
0.01604704599688307
0.01898244770291697
0.020822639928039
0.02124321769213654
0.02012123367021798
0.0175708811698715
0.01394456242160895
0.009793545248226895
0.005791586387038037
0.002625471270966306
0.0008793705093233727
0.0009224055373702203
0.002830078277156436
0.006352720864625512
0.01093968053489006
0.01582517118114057
0.02015354173270914
0.02313397263151818
0.02419095743210496
0.02308085836445711
0.01995431275347534
0.01534883894189823
0.01010277236526467
0.005216414160650005
0.001664759564483317
0.0002155163759123471
0.001270375489239671
0.004772308207465146
0.01019384792091405
0.01661887793185596
0.02289680271644394
0.02785919705218395
0.03053877116288161
0.03037247911217157
0.02732684930364576
0.02193252554253267
0.01520527937981313
0.008473659227148222
0.003129336963992762
0.0003597972495616019
0.0008994784472310933
0.004863788551847351
0.01169468000274638
0.02023598328250752
0.02893794414941494
0.03614338958520541
0.04041874020665955
0.04085373919519746
0.0372722993725788
0.03030238065219291
0.02129156457037968
0.01206157775363111
0.004563851085563832
0.000476553414605688
0.0008505733681188768
0.005856746003374594
0.01471334090354873
0.02580143727931034
0.03697546572786891
0.04598416860853762
0.05095236717545237
0.0507876795904964
0.04544981123231043
0.03599321410912914
0.02437980444221148
0.01307284438819618
0.004516530665557845
0.0005850377688255461
0.002152588788242591
0.008868286221251104
0.01920760755166132
0.03080755348265914
0.04099742123998146
0.04744108108707049
0.0487001048166136
0.04460934932886771
0.03633706802249654
0.02611309722570145
0.01665964351048861
0.01048104578597815
0.009162673995602236
0.0128987257800813
0.02037848760260165
0.02909904401737286
0.03606046219956746
0.03867829288031357
0.03566741450190512
0.02764571049928547
0.01723371749438483
0.008540761344714622
0.006120108955661006
0.01359414890911033
0.03232574576986388
0.06052748564340026
0.0931842659068836
0.1229168411647264
0.1417986958927795
0.1436940661022746
0.1266159618130233
0.09438719632881813
0.05695599443248124
0.02903634427722649
0.0270056197247968
0.06460573223492322
0.1483463340444547
0.2738882148029864
0.4244724258814563
0.572695859062708
0.6854935980499586
0.732421952471676
0.6954238294520733
0.5784656890622487
0.4144414934998869
0.2672198765050426
0.2271624160055538
0.3999620017390872
0.8896403351517757
1.777954954386092
3.104723635658654
4.851041387148264
6.932577547100672
9.2008029334783
11.45756026821379
13.47973037516695
15.04834390953811
15.98251365841115
16.1666027517223
