# RCS in m**2 for a L=5 cm PVC cube at 22.5 degree aspect angle
# frequency = 90.75 GHz, 
# theta = linspace(0, 6.2832, 1441)
# phi = linspace(0, 0, 1  1)
18.88606629374596
18.34210239504134
17.02759371279569
15.07662467097908
12.68676837263036
10.09134423846085
7.527021222268652
5.202269440456639
3.271839558730259
1.82137547593652
0.8638866715553983
0.3481097016226776
0.1762306545545363
0.227052741137884
0.379851086595792
0.5345087915128325
0.6246493331321646
0.6221551713857936
0.5333781770886743
0.389053067709149
0.230948301485244
0.09866538462423356
0.01945751974268249
0.002955126090637486
0.0412391379295283
0.1134281591514468
0.1929471826900531
0.2552390254348986
0.2838778861691725
0.2737014581293084
0.2305281655821269
0.1680087670456347
0.1028043686362886
0.04963709583415019
0.01757376740302749
0.008421354858984018
0.01740502631616326
0.03564191282513725
0.05346512603233532
0.06351276370066818
0.06268288147268417
0.05249673934873716
0.03792936920160608
0.02524301756060686
0.0196067264596727
0.02329261559473852
0.03498914003970196
0.05038510082497701
0.06375176373021724
0.06995921776398013
0.06624681310937773
0.05317309196813593
0.03446904336284932
0.01586646049832502
0.003295407151682321
0.001037046006897782
0.0104025007935576
0.02933334038517569
0.05302333393769539
0.07534025436121197
0.09059218303569504
0.09511093860126986
0.08817516898325528
0.07204869705344692
0.0511563089173789
0.03070229238804061
0.0151629535356082
0.007111466855770443
0.006697102051428516
0.01188313312952878
0.01930909835460108
0.02546898374588591
0.0278117243820764
0.02543931395662744
0.01921566902699732
0.0113031405495749
0.004324363780710396
0.0004458619686060875
0.0006854161691248171
0.004651937822075619
0.01076689786754089
0.01686216492876442
0.02092873768056481
0.02176078070813768
0.01928790475515582
0.01450735517531711
0.009066145764296738
0.004654336152331769
0.002429247787244036
0.002663602602231117
0.004724511881016818
0.007374918166480247
0.009276128405992626
0.009507734605746901
0.007921199994998802
0.005206483404852488
0.002652385505560017
0.001687118319136344
0.003359064938954162
0.007934510454629101
0.01475037540387893
0.02237079935227805
0.02899971753220296
0.03301176964591754
0.03343937808311954
0.03025370020749472
0.02436514719208202
0.01733852616482753
0.0109280274925301
0.006568567627498786
0.004989838584180033
0.006055960635118653
0.00887358483632388
0.01211838851407742
0.01446862495133321
0.01500761527759607
0.01347291229263943
0.01028637361164362
0.006370508320898099
0.002822839115433829
0.0005606195115528223
4.759323086127917e-05
0.001184815178116583
0.003386501159901419
0.005804464893548355
0.007618862801301909
0.008296501116012401
0.007737508523173441
0.006269276094465963
0.004500754611242531
0.003094629174299074
0.002536415505234626
0.002978657151661339
0.00420522747441779
0.005723682043092391
0.006946883535099882
0.00739967774292075
0.006880701225938758
0.005526248038920207
0.003759971341220932
0.002146300591111999
0.001201054409619009
0.001221094334828791
0.002189647922269695
0.003785831427852084
0.005493467588638058
0.006773072522951147
0.007239031542289822
0.006786411636977028
0.005627455692561078
0.004226820192610446
0.003156749685560206
0.002918193652728577
0.003782478499190155
0.005702073279855632
0.008315364722396301
0.01104445399249921
0.01325336466932422
0.01442289233651832
0.01428789174113172
0.01290286463621477
0.0106170649732336
0.007970996838185179
0.005547176824606419
0.003817260770171123
0.003028865167199021
0.00316018224318358
0.003950461298733237
0.004992387150460562
0.005856489132317355
0.00621013625606748
0.005899410801139946
0.004973609875141731
0.003650899906976942
0.002240059896188554
0.001044478061012811
0.0002771683903282929
1.064781125677388e-05
0.000172662637815019
0.0005848220537181579
0.001029349215222216
0.001321268891265552
0.001364549418073977
0.0011758868208258
0.0008717404527716551
0.0006244154824223689
0.000602423679969086
0.0009143028107769194
0.00157208119688258
0.002485189286498392
0.003485677613967815
0.004375794330285294
0.004984345272057024
0.00521447658197756
0.005069990571299933
0.004653470067912759
0.00413652597468803
0.003712111261665988
0.003541810867140329
0.003712531477369446
0.004213999160628869
0.0049426958438437
0.005729996853790231
0.006386266110921288
0.006749886188124491
0.006727047363303472
0.006313599095623151
0.005594456913007351
0.004720041790894564
0.003868177764967049
0.003201359560695062
0.002829174118192216
0.002785373535887591
0.003024344838889137
0.00343631506688292
0.003876887766389208
0.004202667812010718
0.00430428382249736
0.004129781211609497
0.00369216728243298
0.003062702490113121
0.002350318967789688
0.001674573072376668
0.001138481056900376
0.0008071327236128735
0.0006968467577282996
0.0007762118939055444
0.000977786860081004
0.001216628449516211
0.001410938018854922
0.001499768359158932
0.001454242895109612
0.001280218020138648
0.00101292168798211
0.0007054524599904845
0.0004146966159959902
0.0001877740055929418
5.262832511932144e-05
1.389247646185393e-05
5.479929655204394e-05
0.0001437789628121603
0.0002437282311327584
0.0003214851726153941
0.0003551941428883477
0.0003381275608616261
0.0002783688809454721
0.0001948590611537756
0.0001114367333218253
4.983886544118253e-05
2.442120917735122e-05
3.889267748861665e-05
8.613777358143309e-05
0.0001507679037191418
0.0002136269357993894
0.0002568664713680644
0.0002685362159633786
0.0002453525589416493
0.000193291902526488
0.000125849278746259
6.057349703312844e-05
1.471710451813754e-05
1.137630888462991e-06
2.528691573414349e-05
8.402352112765742e-05
0.0001663900636169191
0.0002561200904587753
0.0003352678799512369
0.000388094513202048
0.0004043993528103348
0.0003816320788782434
0.0003251514225273987
0.0002471472748058724
0.0001639051254577199
9.25255573771563e-05
4.744246538645667e-05
3.772205333780725e-05
6.539782416546875e-05
0.0001252929096404866
0.0002061913834064237
0.0002931520970847646
0.0003703643444459302
0.000424105791136217
0.0004451860701908566
0.000430472654867358
0.0003832572832161344
0.0003125154737999879
0.0002311631143571513
0.0001537401449596725
9.382916788943208e-05
6.182219140547967e-05
6.313767586787384e-05
9.747015330850208e-05
0.0001588263493968873
0.0002365962492271072
0.0003173109877891061
0.0003868946966766196
0.0004330018352818187
0.0004471288186840359
0.0004261209439119225
0.0003728817790800726
0.0002960492636077767
0.0002087300186726874
0.0001264056084509738
6.424601708125649e-05
3.443093740544801e-05
4.3724983610251e-05
9.19466757803739e-05
0.0001715760623378833
0.0002687683419588972
0.0003655894101870958
0.0004432774076559091
0.0004858777340195766
0.0004835914577818075
0.0004351774050965734
0.0003487373850737904
0.0002406512783427697
0.0001327150034709545
4.789996511354484e-05
5.579754032128597e-06
1.717276347220536e-05
8.320726664037829e-05
0.0001925563166001199
0.0003241928552380454
0.0004512100780841601
0.0005464575013565527
0.0005885713751349325
0.0005670100593135552
0.0004850442147256123
0.0003596715664224615
0.0002184749275904528
9.386363988021926e-05
1.583522731683686e-05
5.049092372366793e-06
6.764658267488639e-05
0.0001932332471497827
0.0003566256237500559
0.0005231604277055785
0.0006563340735997041
0.0007262305389105204
0.0007166265769481756
0.0006290778811343618
0.0004829209384234362
0.0003110218152104542
0.0001523395152626161
4.288183515682788e-05
7.296155100087215e-06
5.32136234744407e-05
0.000169607413408099
0.000329689278751388
0.0004975601942189628
0.0006369044881685203
0.0007196208036835906
0.0007320037976686709
0.0006772460299011564
0.0005734511129214743
0.0004480463233506697
0.0003301183852221911
0.0002428360448796231
0.0001981864973263335
0.0001951730700012743
0.0002220309904168846
0.0002614717016268623
0.0002972658823001995
0.0003199172049773687
0.0003297504790792411
0.0003362826790184286
0.000353984479075292
0.0003960651687399782
0.0004681063103447605
0.0005639587633460564
0.0006654151591646755
0.0007462750273425378
0.0007796722057142776
0.0007467400365761342
0.0006437895389745264
0.0004857471720726565
0.0003041015712363667
0.0001398656871935155
3.292332318954012e-05
1.100408033856311e-05
8.120440958108662e-05
0.0002270267400421779
0.0004118735668318298
0.0005884051444141927
0.0007110901717501593
0.0007486629177594627
0.0006924479025941134
0.0005584508639478542
0.0003822035249478639
0.0002080864139223786
7.616255679609814e-05
1.076523123651751e-05
1.414791291468103e-05
6.735388554240753e-05
0.0001378697572705341
0.0001916391248996089
0.0002053860011573881
0.0001751969033394269
0.0001182207424230367
6.683099060180322e-05
5.691966790673177e-05
0.0001140956262368934
0.0002427069067989467
0.0004214530466047428
0.0006077831496336595
0.000750109776460255
0.0008042971094836966
0.0007492183094942104
0.0005961661968015771
0.0003882075409629248
0.0001896147703682254
6.738243704432038e-05
7.090152945518873e-05
0.0002158771260699572
0.000477918423402958
0.0007983205259655572
0.001100720163170689
0.001313833717229438
0.001393028306967978
0.001334061998942673
0.001174317968264752
0.0009805006990112077
0.000826927374384408
0.0007708673719471252
0.0008331109522895433
0.0009902841979661215
0.001181746504709837
0.001329306112447354
0.001363516685847916
0.001247999841155812
0.0009937015630094733
0.0006579321354829579
0.0003279773782748575
9.431872073568626e-05
2.17820376613782e-05
0.0001282103107996854
0.0003777943565738939
0.0006914825773870059
0.0009715816072398865
0.001132291964763278
0.001126470908652711
0.0009595485486779513
0.0006858727253204548
0.0003889363477674443
0.0001520017773846862
2.977516310301814e-05
3.085529323650911e-05
0.000117668299324941
0.0002241807610268673
0.0002852978669918082
0.0002672769063307837
0.0001875893006053491
0.0001156929604600038
0.0001527843497011584
0.0003959027676294905
0.0008982132670745066
0.001639363751519081
0.002517792107072426
0.003370371658907494
0.004015158911085845
0.004305414980201872
0.004177942011217396
0.003679070676223248
0.00295872844470332
0.002230979490806302
0.001712706753381686
0.001557815585373628
0.001807699489130127
0.002375119977304948
0.003067542004214633
0.003644216217643859
0.00389074117585995
0.003687094920768184
0.003048309804737883
0.002122986672809921
0.00114969378407265
0.0003842247820616494
1.949705031582951e-05
0.0001250189762248528
0.0006250482845698992
0.001323406956543096
0.001967677115821737
0.002332077563099385
0.002291822387473858
0.001864044904920752
0.00120061398684477
0.00053480394815962
9.843758979745967e-05
3.858092713096408e-05
0.0003625726529478198
0.0009326535126093159
0.001514645927513621
0.001866650351469528
0.001837892820647472
0.001442666841840386
0.0008796798863622828
0.0004835294966221305
0.0006184865130281722
0.001545409771938251
0.003306274769034884
0.005669586980780772
0.008165572060289455
0.01021201340665508
0.01130327422682091
0.01120763779680121
0.01011130767881048
0.008651454441144861
0.007811272499228739
0.008686050372093331
0.01217166841055278
0.01865587289460729
0.02780307831360281
0.03850753169707085
0.04905240052304288
0.05745579522204142
0.06193975523161833
0.06140265280389023
0.05577808635287861
0.04617080722417748
0.03471378984481516
0.0241537875585613
0.01724799400960299
0.01610321651786937
0.0216230891431804
0.0332020061724986
0.04877113252471775
0.06520423676059102
0.07902000187866284
0.08723166367941551
0.08815537392550891
0.08198277575036801
0.07096938508148312
0.05916617894880714
0.05171940893824081
0.05387137941308849
0.06984610803441844
0.1018589033733382
0.149456047841301
0.2093307311736829
0.2756778934402113
0.341019760438024
0.3973767776597855
0.4375440091227842
0.4562471204665623
0.4509925671484317
0.4224122101672031
0.3741010477040808
0.3119720228996841
0.2432620911667902
0.1753900338791078
0.1148610880129601
0.06640703700717249
0.03249216777117995
0.01324198479877809
0.006742621433861326
0.009654617709449561
0.01797084683892332
0.02778002331807366
0.03589887077392898
0.04027810666590733
0.04013983379059691
0.03586233175919635
0.02866948559174316
0.02021794639417623
0.01216863958022722
0.005838131086446556
0.001978374308680759
0.0007114593423960264
0.001606837539307137
0.003862597766694771
0.006536972795837783
0.008773723450286437
0.009974422880707207
0.009889854969807692
0.008621487392309828
0.006546126889977614
0.004191149085427896
0.002093170486409499
0.0006739194125666983
0.0001571084250272962
0.0005398031354009503
0.001617440831326531
0.003050299960180027
0.0044530524054828
0.005484160956916479
0.005916734529735496
0.005677403999758735
0.00484827320803174
0.003635321547019976
0.002313605412621519
0.001162652057055242
0.0004069278882478956
0.0001730266713912857
0.0004705625334266389
0.001199060912055663
0.002176524511340621
0.00318217744059097
0.00400352965304327
0.004477979847138674
0.004521343588173976
0.004138725851375066
0.003417288250739536
0.002503711900828725
0.001572001470354747
0.0007886852947308883
0.0002820488863805278
0.0001207515979296971
0.0003052939480316467
0.0007725686685879693
0.001411763371911377
0.002087845807127635
0.002667471581523303
0.003043130415509678
0.003150568534989398
0.002977469731234141
0.00256233455047139
0.001984438426845482
0.001347407157989855
0.0007595631126226614
0.000314750302497939
7.688734374571317e-05
7.065251560743739e-05
0.0002793549042532429
0.0006501786495765823
0.001105160356150636
0.001555924499393312
0.001919317264699568
0.002131414423053151
0.002157514736048998
0.001996723413722711
0.001680532136223357
0.001266076704192303
0.0008252091674556971
0.0004316102134120194
0.0001480722264685905
1.607756615400692e-05
4.944766935051097e-05
0.000232920505702145
0.000525767547103935
0.0008696992134912164
0.001199494237179346
0.001454697643781583
0.001589980573505799
0.001582674587569941
0.001436124707043638
0.001178333673422697
0.0008563214583708926
0.0005271128883956105
0.0002473294916325644
6.287423438574093e-05
9.731443716702658e-07
6.566610400736316e-05
0.0002377488369875813
0.0004789524182823815
0.0007395696076198204
0.0009680422370198141
0.001120651085995141
0.001169476761702017
0.001107184531764888
0.0009477321791321587
0.0007229271752234116
0.000475680262707166
0.0002512967840740149
8.856409511428437e-05
1.247553825226489e-05
2.994002685554989e-05
0.0001293019818225922
0.0002836277050976359
0.0004569634127314079
0.0006121124231136406
0.0007183758920590299
0.0007574227284528063
0.0007262612791742039
0.0006367318663523983
0.0005118008748990351
0.0003796349390110283
0.0002669274720791267
0.0001930137004927077
0.0001661515512932526
0.0001826948713990896
0.0002292991682170621
0.0002873886327463936
0.0003387127639706717
0.0003704965539684865
0.0003788374486736206
0.0003695029691373815
0.0003558819067188469
0.000354696896779634
0.000380641917159941
0.0004413318218831002
0.000534071505504062
0.0006453238844287377
0.0007531495372655579
0.0008321788808904415
0.0008598525914565623
0.0008224274827025788
0.000719201193663557
0.0005638498674543538
0.0003823911690622443
0.0002081575529246145
7.499845439294844e-05
1.016583505970619e-05
2.861052840951254e-05
0.0001299507634432477
0.0002987672212318995
0.0005080764968026271
0.0007250564734253565
0.0009175829628067008
0.001060187218551636
0.001137971154217348
0.001147866777463009
0.001097301446724776
0.001000840335091217
0.0008759011838010135
0.0007388164031892935
0.0006021229836406359
0.0004736337179743074
0.0003571782529453778
0.0002543973281246785
0.0001668587669638081
9.756021826420838e-05
5.138209026012928e-05
3.428514668089452e-05
5.167309269387361e-05
0.0001065283593436613
0.0001980045757512688
0.0003210229776785699
0.0004669514671384928
0.0006252350562259777
0.0007852158247415937
0.0009376611527477759
0.001075344615865936
0.001192680447410283
0.001284555629558891
0.001345103442248653
0.001367095525623459
0.001342628591082231
0.001265070294115201
0.001132070687387833
0.0009485997632195754
0.0007288844757251558
0.0004962687433775828
0.0002804884810103113
0.0001125125979752991
1.807771943644675e-05
1.141724517709865e-05
9.096515928239684e-05
0.0002384153724646531
0.0004217228315359351
0.0006015636374457137
0.0007398151825416926
0.000807978213941625
0.0007933763679006311
0.000701519520727122
0.0005539944114051161
0.0003824834721503196
0.0002206353362751708
9.585112661675332e-05
2.338989105925842e-05
4.174140602181368e-06
2.671413279185071e-05
7.23503461814304e-05
0.0001220246567055752
0.0001624465917230755
0.0001897468252678227
0.0002095797783267606
0.0002338331378969895
0.0002750876342135834
0.0003408361259543889
0.0004293619966065449
0.0005287421035562461
0.0006194128410208267
0.0006794685143887166
0.0006911325797583186
0.0006463154405030062
0.0005495927075307804
0.0004174468319805083
0.0002743100342607212
0.0001462974281608221
5.474548620289438e-05
1.132072046678154e-05
1.615768238850125e-05
5.934222872493427e-05
0.0001250728399996499
0.0001969960319129381
0.0002629108824627335
0.0003174058758486941
0.0003616886089690545
0.0004009233057298422
0.0004402523088099238
0.0004810799791633544
0.000519100134495865
0.0005448697240667614
0.0005468044560729113
0.0005156169083012253
0.0004485301450964541
0.0003517869684774497
0.0002403514999450872
0.0001346903210676686
5.555631153448431e-05
1.827636787334241e-05
2.841663517105554e-05
8.017991570659176e-05
0.0001581175755125063
0.000241609588613557
0.000310827542035655
0.0003522020807952677
0.0003618207222780412
0.0003456832537895974
0.0003168823699861106
0.0002906202884069715
0.0002788436593125945
0.0002861589878233063
0.000308418046450123
0.0003343105609015505
0.0003494485283780038
0.0003414706694259941
0.0003045482182949713
0.0002416928078349598
0.0001642242909569152
8.855022051395437e-05
3.131001766800102e-05
4.529559928533314e-06
1.229412074841959e-05
4.995124936357025e-05
0.0001060590720834941
0.0001662965121044149
0.0002180076784067131
0.0002538700382132912
0.0002734742237181087
0.0002825094631818018
0.0002896803768531639
0.0003028612861142178
0.0003255908312161384
0.0003552714475667553
0.0003837013804653758
0.0003997657481504637
0.0003933197958438851
0.000358967027939953
0.0002984058456977986
0.0002205017014958426
0.0001389945000471457
6.86505791840372e-05
2.094350619518873e-05
8.818801431326646e-07
5.819433821267199e-06
2.678955175007282e-05
5.18074765145493e-05
7.014279377099036e-05
7.600980215250701e-05
7.060958298877152e-05
6.169309587171602e-05
6.084310809783551e-05
7.930382430858712e-05
0.0001237623977770253
0.0001933684156705385
0.0002791388960773985
0.0003658289296526194
0.0004358915746787125
0.0004742985972834569
0.0004726793820167303
0.0004316675773921261
0.0003607063613015457
0.0002753144743541018
0.0001928199994508512
0.0001276786781082906
8.793293074727412e-05
7.366290691908864e-05
7.787307430464767e-05
8.944759544250558e-05
9.70941011619412e-05
9.308469729319441e-05
7.55847151125482e-05
4.89345066575158e-05
2.18611742244681e-05
4.284685381735414e-06
3.802207173329912e-06
2.299884829279764e-05
5.84665637279789e-05
0.0001018430040951781
0.0001424787146594373
0.0001709526917055305
0.000182190533268402
0.0001772539983496672
0.0001631889628427717
0.0001509008945832808
0.0001517171176626367
0.0001736933560740572
0.0002187308813761549
0.0002814655309578562
0.0003503066299709639
0.0004102850085345852
0.0004470587320454699
0.0004508102244226235
0.0004190163271535272
0.000357293252599294
0.0002780474901014472
0.0001972998530973103
0.0001307070038469548
8.962109549185157e-05
7.848441747848648e-05
9.410047159252052e-05
0.0001268929218768107
0.0001638327834385528
0.000192050310686108
0.0002022179479403146
0.0001907750081042527
0.000160384945635819
0.0001186927520470848
7.579135925454632e-05
4.113350825729418e-05
2.090971397809093e-05
1.64963914062968e-05
2.446183188804226e-05
3.802957657242118e-05
4.946650298887302e-05
5.272244884805677e-05
4.547416609261967e-05
2.997288565023219e-05
1.244569357624529e-05
1.241505583275259e-06
4.22212944539719e-06
2.619123787707976e-05
6.709347169025674e-05
0.0001215098741242767
0.0001796756446325028
0.0002297701929980957
0.0002608823717049738
0.0002658963764783061
0.0002435641932390044
0.0001991368272272215
0.0001433811730187128
9.023881573151936e-05
5.359323876500774e-05
4.398490779622262e-05
6.602532380388493e-05
0.0001171713406198204
0.0001881588571259412
0.000264922036221989
0.0003317551705085569
0.000374671219703827
0.0003845550317588754
0.0003591158959413742
0.0003033661030209898
0.0002285259054856306
0.000149605062599203
8.215677604133394e-05
3.911976911133972e-05
2.813309440582249e-05
5.015347850488283e-05
9.944772908784541e-05
0.0001649369781989367
0.0002326531757429785
0.0002885990976844323
0.0003215511913796358
0.0003251617239292329
0.0002989751090329719
0.0002482646929303688
0.0001827624914304104
0.000114539062812058
5.565633288290373e-05
1.585456047078679e-05
9.232003591930066e-07
1.182968392993646e-05
4.48495254328236e-05
9.252077468933681e-05
0.0001452264637452999
0.0001930134724968395
0.000227401455974196
0.0002427271945249836
0.0002369371628281846
0.0002117368256522934
0.0001720197676070924
0.0001249019855667786
7.839529366936497e-05
4.004014235550246e-05
1.576269191911131e-05
8.981355956192848e-06
2.021379147306983e-05
4.712463114136398e-05
8.497925388122248e-05
0.000127488027782235
0.0001677846437635665
0.0001994923318782231
0.0002177114949596337
0.0002197161451265684
0.0002053755805070578
0.0001771715224917345
0.0001397922047803192
9.946184690740789e-05
6.292507906363265e-05
3.641313244587418e-05
2.462068099038818e-05
2.991031316792614e-05
5.186762558611929e-05
8.732435494457279e-05
0.0001307731002904387
0.0001752817630099395
0.0002135615993507485
0.0002392469761460715
0.0002479577710304438
0.0002381141615984938
0.0002112739212886232
0.0001719376854791003
0.0001268144431439727
8.376465807019481e-05
5.041160870122601e-05
3.286669793553091e-05
3.463915494641897e-05
5.60029084659794e-05
9.389647636162815e-05
0.000142402413644432
0.0001937440759914229
0.0002395703831295477
0.0002723648480647277
0.0002867277900400127
0.0002803020960767975
0.00025418622919506
0.0002128029906732428
0.0001631854813591123
0.0001138705973105252
7.351834638907405e-05
4.949939902903503e-05
4.669701767993901e-05
6.666835141845532e-05
0.000107329239639224
0.0001632151239749058
0.0002262840627980724
0.000287120764982135
0.000336437931012551
0.0003666311565905484
0.0003730507024626262
0.0003549769387760464
0.0003158814581281833
0.000263113394064846
0.0002068184928758399
0.0001583702724875386
0.0001284480444850613
0.0001251022442420028
0.0001521363122585108
0.0002081582262869811
0.0002864843341569456
0.0003761053257122911
0.0004634152871756991
0.0005346561562530334
0.0005785905017627832
0.000588722507046319
0.0005648551546751849
0.0005134664763383666
0.0004467180628420543
0.0003802322890321021
0.0003300913565677599
0.0003095528834680647
0.0003262076248650251
0.0003801297022663957
0.0004636731362340268
0.0005626949875396045
0.0006594930487789222
0.0007362266023225293
0.0007788384716240807
0.0007799645179801139
0.0007406128049899689
0.0006698937400325334
0.0005831082092915278
0.0004983036308123314
0.000432377281413082
0.0003972534364576445
0.0003974277969252036
0.000429071280711274
0.0004810430090952136
0.0005376922531352619
0.0005825664010760825
0.0006021346360502133
0.0005888903159401867
0.0005428324695044085
0.0004711626868880042
0.0003863079983960063
0.0003027793302267292
0.0002337789878590898
0.0001882387152520507
0.0001690905388785954
0.0001731431676222353
0.0001923889178337872
0.0002163562959798572
0.0002348730392852015
0.00024040604769136
0.0002295169031508172
0.0002030774882835197
0.0001654362272854462
0.0001228175931908135
8.1549862028406e-05
4.662380340605852e-05
2.100501053485474e-05
5.634475892409226e-06
8.839164032859815e-08
3.408647060714652e-06
1.475440131782507e-05
3.357695209855605e-05
5.925430918327075e-05
9.038066733431522e-05
0.0001241444440024606
0.0001560708084628552
0.0001806054216203067
0.0001923250182601572
0.0001877463564373333
0.0001669742351357742
0.0001346334564397381
9.976204829252803e-05
7.415192800321792e-05
6.977470379058463e-05
9.558045504987753e-05
0.0001547746285318297
0.0002433475110042654
0.0003505120475672861
0.0004609572134548434
0.0005586762379580526
0.0006312145014618579
0.0006732346262313766
0.0006883090211782036
0.0006882921200157113
0.0006903308790633969
0.0007121864138009446
0.0007670989090496993
0.0008596178620608994
0.0009835274539437963
0.001122841305277225
0.001255224748925218
0.00135734718295544
0.001410738418571096
0.001406560553155505
0.001347659461106374
0.001248179955679501
0.001129995502099813
0.001017382053503752
0.0009313512755971544
0.0008849368577860817
0.0008806858249276363
0.0009108910763013725
0.0009602243970039232
0.001009958795445084
0.001042498746124365
0.001045175273901453
0.001012209405220739
0.0009447079915682772
0.0008492081428931738
0.0007352387026723596
0.0006129511218481167
0.0004913389859898271
0.000377820552232357
0.0002784143238957225
0.0001986257017789522
0.0001438306996395949
0.0001192646875851137
0.0001289318852186624
0.000174002027573744
0.0002513056807787483
0.0003524444111798249
0.0004643728480693634
0.0005714768670922259
0.000658679459808929
0.0007151586211741439
0.0007373126956001472
0.0007302554308182981
0.0007072247425510123
0.0006869583243142783
0.0006896914464559692
0.0007327818786561624
0.0008270862163768027
0.0009749454205673607
0.001170493318302651
0.001401370729381047
0.001652038611382379
0.001906711769859908
0.002151897230730434
0.002377244733894862
0.002574947001714832
0.002738590391467035
0.002861551466135198
0.002936249731972465
0.002954685526973258
0.002910126366371264
0.002799589608816136
0.002625948792198062
0.002399247906799904
0.002135985086703671
0.001856956622082647
0.001583549254768912
0.001333894668490364
0.001120028291409495
0.0009462723490407179
0.0008101270914190506
0.0007042648664676753
0.0006199274312101811
0.0005496503504690687
0.0004892763611006563
0.0004384223628373638
0.0003996097236627326
0.0003771631846407699
0.0003760606658652381
0.0004015997396560427
0.0004601098441788987
0.0005594902962754045
0.0007090441803148459
0.000917408153342507
0.001188608127032304
0.00151722675275731
0.001883529481840202
0.002252940905964532
0.002579603378518479
0.002817214737382805
0.002933851806612067
0.002928597251223148
0.002843741494222413
0.002767460850259511
0.002822672582236161
0.003141689018356746
0.003830735456651978
0.004931860910605085
0.006395175538350185
0.00806943928867577
0.00972210676090369
0.01108516736632314
0.01192425126978574
0.01211014963069815
0.01167785814445326
0.01085007467730265
0.01001363681524712
0.009644337363935792
0.0101943777442831
0.01196347790047872
0.01498786946461715
0.01898110136868649
0.02334731466217242
0.02728111240536259
0.02993820552967128
0.03064204356712091
0.02908376148066134
0.02545926549805782
0.02050027536571738
0.01538254003821008
0.01150739927099969
0.01020686230142536
0.01242110055350928
0.01843192531591568
0.02771427828943535
0.03896187704512315
0.05028179227855211
0.05955516018422859
0.06486429950635202
0.06493004978283344
0.05943402714993527
0.04916204479486985
0.03592489532867944
0.02225164485553493
0.01090903759648188
0.00436012193733053
0.004240095875368376
0.01099492648922648
0.02374288108449728
0.04039854505647294
0.05805646564440233
0.07352848270864176
0.08396535793937059
0.08741498634724104
0.08320026418495717
0.07205573105118619
0.05598982804917831
0.03788758563017617
0.02096776319751758
0.008158538543352474
0.001567716380091918
0.002099069734988044
0.009325264185574816
0.02160699440264743
0.03644822756072264
0.05098375223519482
0.06253322925261842
0.06907311604149369
0.06958021073673885
0.06415486651813031
0.05393617508481944
0.04082909459254921
0.02711054945439565
0.01498735442301469
0.006217477124311313
0.001825853673121459
0.001993006608822661
0.006096833040891429
0.01289973470158
0.02083006044805392
0.02828902738235384
0.03393466653468773
0.03688750721731802
0.03682498408534047
0.03397333479866766
0.02899640845109166
0.02282490540313202
0.01646546741864112
0.01081750729618013
0.006544099695789548
0.00399716301271688
0.003213970085433588
0.003964103370903402
0.005835056025830601
0.008329527207572985
0.01095882423189715
0.01331036846656071
0.01509006756549186
0.01613150183506829
0.01638565154462511
0.0158947228763582
0.01476434724514271
0.01313798874374423
0.01118183319264376
0.009074610681089055
0.007004868935395846
0.005164707732816256
0.003742175330873804
0.002903057431035827
0.002769409558624588
0.003393169240349976
0.00473512601280779
0.006652863041251347
0.008906654433189163
0.01118137830894919
0.01312966289512262
0.014424101814229
0.01481592910296132
0.01418515267307423
0.01257382803825509
0.01019451342971775
0.007408301771826316
0.004673685864244376
0.002476696791342659
0.001246112208183329
0.001276864264297484
0.002666945051176459
0.005287382980761565
0.008789830867057544
0.01265102520045051
0.01625337650071079
0.0189890768088795
0.02036454383070167
0.02009835604138998
0.01818366144192475
0.01490897508890048
0.01082813360742433
0.006678380599364105
0.003264443012934722
0.001317380957709699
0.001358202956839351
0.003589035899474208
0.007833489401929801
0.01353809585100377
0.01984864801601594
0.02573821270655999
0.0301885284864726
0.03237352584485122
0.03183218673130767
0.02858125544971971
0.02315364423267004
0.01653525786064257
0.01002480079376742
0.005003454932840812
0.002685560479292179
0.003867840234094048
0.008742771044816166
0.01681185664854692
0.02692218915776349
0.03743776320805167
0.04652482607495902
0.05248982641938189
0.05413432947603111
0.05102926458369381
0.0436649146465684
0.03342820170928783
0.02238776948724737
0.01293225375166566
0.007301597253218007
0.007111397605206162
0.01297130756777979
0.02428013242858137
0.03925489620119834
0.05522662892541669
0.06912884994152481
0.07813682577771891
0.08027861031125633
0.07492829063685386
0.06303021363002967
0.04699729593239921
0.03026351961004108
0.01659160969711034
0.009229223931543577
0.01014485493821113
0.01948601286777859
0.03543095129152553
0.05450183190939444
0.07228027309814729
0.08442175374457643
0.08772386467482514
0.08098460525751144
0.0654396979386065
0.04461082680502774
0.0235407589040058
0.00758984133341579
0.001011617330959023
0.005720104474318341
0.02055921308995688
0.04137652278958497
0.06194710671069869
0.07565569913361199
0.07751088497277059
0.06603007497234616
0.04437627414775152
0.02030290844633609
0.004697101813274883
0.008829283974821855
0.04087119569012594
0.1024985705373366
0.1866625258549791
0.2773313264172113
0.3520890508927141
0.3873285179472824
0.3657575880320308
0.2846682662222349
0.1633027237739967
0.04733891815668451
0.008638598497842893
0.1392682986437201
0.5397237662731355
1.302747945601734
2.494310891068069
4.136653679303942
6.193910906495158
8.567981942760444
11.10086038878636
13.589525111755
15.80963309012236
17.54260046810838
18.60748074311701
18.88607255331612
