# RCS in m**2 for a L=5 cm PVC cube at 22.5 degree aspect angle
# frequency = 88.5 GHz, 
# theta = linspace(0, 6.2832, 1441)
# phi = linspace(0, 0, 1  1)
15.33786454782609
15.22740871625793
14.46425386734633
13.12972469757896
11.36204066527646
9.336646344822132
7.241842357326262
5.25376963147481
3.514746214509883
2.11840110697185
1.10333627818468
0.455883016986991
0.1205721236047857
0.01585407764821958
0.05165746351468444
0.1455290810674498
0.2345863937828601
0.2816729243811342
0.2753951247952536
0.2250271888677531
0.1521607966631167
0.0814574751246518
0.03270230908083942
0.01579566844977811
0.02938599814375059
0.06290322055665626
0.1009512844940169
0.1285435367266657
0.1356550560280318
0.1198870724674314
0.08669298701994642
0.04730839898707605
0.01513041580928867
0.001675922960979651
0.01325817589267776
0.04926116235518851
0.1023925808228802
0.1607446566564999
0.2110040571701717
0.2419007926649517
0.2469549634931725
0.2258472124291336
0.1841299412497255
0.131476535538785
0.07900870586872531
0.03649329616195716
0.01012344569259068
0.001434865850845542
0.007529577991452039
0.02242270205459266
0.03904579778303199
0.05129578761522176
0.05556219171056939
0.05137135850586158
0.04105663248871336
0.02865612817414143
0.01843742562442019
0.01351877041011444
0.01498702991398131
0.02173008616071955
0.03096546623163994
0.03924797994764376
0.04360370470944053
0.04243455046940422
0.03592742158402206
0.02588335327156405
0.01505333643565297
0.006226755074505628
0.001369683578666013
0.001080374221343466
0.004511957339831208
0.009757929301397426
0.01454948450128095
0.01702760598010315
0.01633578027736281
0.0128552924914569
0.008021126179063504
0.003796822092573811
0.001988305013223538
0.003624989564229914
0.008603830828823692
0.01570547608493357
0.02296803047326658
0.02829709895786568
0.03011310579893222
0.02783652373297004
0.02206502465038568
0.01439222183406913
0.006933775927778022
0.001709132649327987
6.70714668301808e-05
0.002325515999524093
0.007722469087751606
0.01468050507093836
0.02129259332926042
0.02587746706184166
0.02743460201410145
0.02587625315904968
0.02197694744747532
0.01707760412696658
0.01264430961924985
0.00982628980617941
0.009141667694985088
0.01037925061253946
0.01272806941064322
0.01507887707741989
0.01639462516406895
0.01602908953783018
0.01390100389178915
0.01047880738716902
0.006595579706772017
0.003163709271198919
0.0008861098029509718
5.601899557935643e-05
0.0005030338238589175
0.001693194543223433
0.002941574965369344
0.003660704939475684
0.003562279200988128
0.002746451796380839
0.001654376828739814
0.0009032349232954235
0.001061428405075476
0.002439191355675797
0.004962992010173261
0.008173946957997263
0.01135049306466897
0.01371604688208434
0.0146680076673319
0.01395557853704321
0.01175514102720054
0.008620744948231772
0.005326633698054726
0.002649937209040804
0.001159242811254677
0.001068577411614488
0.002198795681662737
0.00405132000815566
0.005969552912704223
0.007336361205312517
0.007750868463121769
0.007132032455295313
0.005725157297234554
0.00401287905969925
0.002561894360101195
0.001852854087226144
0.00214287093308577
0.003399341533509542
0.005319301834049647
0.007424501946055818
0.00920096768798671
0.01024074048688197
0.01034568400724391
0.009566064663192477
0.008167851631619726
0.006542724970357939
0.005090283787664057
0.00410793611287914
0.003718705416839631
0.003855075607353261
0.004298562950937805
0.004759219382477077
0.004968866752983685
0.004760101171913026
0.004108301243470627
0.003128493651067232
0.002029992328951593
0.001046671430130319
0.0003649695052141614
7.145225811911763e-05
0.0001349157299861276
0.0004259835113051979
0.0007665046817725173
0.0009917865681008816
0.001006010241329512
0.0008139750942064979
0.0005197293099192384
0.0002932946962122233
0.0003158597249807781
0.0007201510447286839
0.001543841598901744
0.002709757260639454
0.004039035510806442
0.005293641320686849
0.006236804635361596
0.00669501906222065
0.006604199564797214
0.006028921064119382
0.00514800521820348
0.004211872617312506
0.003481764874645313
0.003166338065174891
0.003372184384380576
0.004079233168366027
0.00514691223673967
0.006348991282858128
0.007426909759589348
0.00814931953996288
0.008363101592678454
0.008024349971139195
0.007203024479213649
0.006062305243641182
0.004817865116881557
0.003688661671897894
0.002849561470760805
0.002398183783019217
0.002340551336080569
0.00259824382881957
0.003033680835270689
0.003485672276106555
0.003806948524213176
0.003894961883256415
0.003709332896207185
0.003274499061286689
0.002666523840769438
0.001991339872487862
0.001357886604377543
0.0008541429885524301
0.0005305725879880725
0.0003940942720263071
0.0004124358503376524
0.0005268689494262739
0.0006691020983172309
0.0007782730740460916
0.0008136932054057864
0.0007612996397419086
0.0006327441084161002
0.0004586940537739617
0.0002782942041192243
0.0001279975627656108
3.267069063005274e-05
6.138884070051283e-07
2.346964624797017e-05
8.038439034957991e-05
0.0001449441190103318
0.0001928147179835779
0.0002080810375363725
0.0001868784532200373
0.0001373963354363504
7.686531064904989e-05
2.624488209557628e-05
4.258596325181444e-06
2.229246764229831e-05
8.137582923242653e-05
0.0001719175466752164
0.0002761181558520108
0.0003723517883109649
0.0004405318191421006
0.0004666941522088609
0.0004464619752738476
0.0003859527993880633
0.0003003578079466866
0.0002104840965225114
0.0001381068935953967
0.0001011838066420403
0.0001099999645437888
0.000165066800958136
0.0002570869385448527
0.0003690414994539893
0.000479790716015663
0.0005684654954947334
0.0006186419173740148
0.0006215692856876845
0.0005777099009322094
0.0004964517829776204
0.000394047426199479
0.000290347945705238
0.0002048629406773796
0.0001531434395605541
0.0001439561651719404
0.0001778551411987925
0.0002473690117276516
0.0003386342254830875
0.0004341824302914984
0.0005161582659510023
0.0005695344408365772
0.0005848906812516855
0.0005596725321482041
0.0004985530105106298
0.0004123328991172435
0.0003158669809923711
0.000225406071365634
0.0001557237956116171
0.0001176728242041522
0.0001164278106325173
0.0001507550892947362
0.0002134060438391502
0.0002924328941542191
0.0003733126881693119
0.0004414018308005819
0.0004843927521436771
0.0004943457805478939
0.0004689934159590976
0.0004120583986706896
0.0003327102427794774
0.0002439908284697871
0.0001606213006692501
9.661105198814116e-05
6.278335192643207e-05
6.492695881565749e-05
0.0001026884806851351
0.0001694423905465774
0.0002533913372186721
0.0003393667679433934
0.0004115365483059977
0.0004561151555222398
0.0004640220042068996
0.0004326553224505102
0.0003666437840788812
0.0002772989282198711
0.0001807680921543251
9.521223771255481e-05
3.744851179091236e-05
1.967903998601045e-05
4.69267837125927e-05
0.0001157369617468673
0.0002144681673119122
0.0003251884658880728
0.0004269551267399997
0.00049981564462932
0.0005288284385343958
0.0005073120971326615
0.0004384831205843881
0.0003352279098644343
0.0002179400192021851
0.0001105570823461708
3.586152292598734e-05
1.077133340100172e-05
4.266736545267782e-05
0.0001275915041012244
0.0002507236678988315
0.0003892795597303631
0.0005168257695168682
0.0006088550374822707
0.0006477267223459779
0.0006264411859462539
0.0005500198942848416
0.0004344693514054669
0.0003033504448709701
0.0001828075589432117
9.61078312450696e-05
5.892414601008541e-05
7.646498016381066e-05
0.0001429094903211462
0.0002433585214784041
0.0003576262637678651
0.0004649623620976469
0.0005485399235802341
0.0005985171662721851
0.0006131805047252566
0.0005979105165267322
0.0005623562358252917
0.0005170978276925565
0.0004703129857755747
0.0004259605826580279
0.0003836831535093256
0.0003405599379074755
0.0002939967121768707
0.0002446768353884618
0.0001985460244262746
0.0001668133180210012
0.0001637214837289199
0.00020246148170844
0.0002903360357109413
0.0004245807126074393
0.0005903758158093573
0.0007620020210462203
0.0009072639136004079
0.0009945082471623852
0.001000486528183848
0.0009171053228352026
0.0007550425648078282
0.0005428961577780022
0.0003217850099771218
0.0001363985440002373
2.452399234957134e-05
7.835862183169132e-06
8.628316484626659e-05
0.0002377703309643303
0.0004233436514749799
0.0005967562563705787
0.0007158821618782274
0.0007530362780955167
0.0007014000408356227
0.0005759147134610453
0.0004083414532126221
0.0002379907520757555
0.0001008291138957781
2.001141993150456e-05
7.176132126583939e-07
3.049621919756643e-05
8.508625861917662e-05
0.0001376555623004934
0.0001684854036616572
0.0001719046270843301
0.0001582196854978746
0.0001497830926927351
0.0001724946860976119
0.0002453553635861933
0.0003716768082183753
0.0005350871615522481
0.0007020922511016833
0.0008308488545395535
0.0008838324759925668
0.000840502099169947
0.0007059221993168683
0.0005120438900611543
0.0003108404576071025
0.0001606655464436388
0.0001095974943881956
0.0001807558527643829
0.0003642562088820563
0.0006185466098109823
0.0008813551884409934
0.001087313696979373
0.001187203707314992
0.001162929977146937
0.001033588795980441
0.000850307067354766
0.0006809954331449419
0.0005895409978404308
0.0006154961423424939
0.000760748229824968
0.0009874069837502038
0.001228114998118232
0.001405887842167124
0.001457527217324821
0.001353676447807527
0.001108981671741918
0.0007789419990017294
0.0004443319367688698
0.0001874807758478411
6.786432781378191e-05
0.0001044638981143064
0.0002705262702180889
0.0005024319028472831
0.0007199904624273317
0.0008515997883191619
0.0008564932471566666
0.0007365183896618327
0.0005338237745272879
0.0003152383869821173
0.0001483984540077062
7.795373027758122e-05
0.0001100235765826983
0.0002107057270517354
0.0003196651432724162
0.0003746613012332741
0.0003386724368557606
0.0002201543851338178
7.815335361453665e-05
9.125865791547415e-06
0.0001181045582427964
0.0004824295525974104
0.001119598518704403
0.001970478327336199
0.002904908516507487
0.003750128825849653
0.004335743583979645
0.004541972789390888
0.004337010781720195
0.003791590953046841
0.003064185844713639
0.002360286432461479
0.001875838330330321
0.001741505503063445
0.00198394034471615
0.002516365583852327
0.003162232290652789
0.003705862939704301
0.003955484943659414
0.003800261103395517
0.003243934690394327
0.002404721033145779
0.001480783811818518
0.0006915382061168311
0.0002125975413618818
0.0001236936083908108
0.0003866576722079409
0.0008599832611908057
0.001345907990630332
0.001655468415544805
0.001670690908179298
0.00138390943346334
0.0009006330450977365
0.0004044497234948979
9.399767398911565e-05
0.0001123651199971476
0.0004926575766654699
0.001138945748295905
0.001851520550921992
0.00239095208197088
0.002562348525023772
0.002292530014484797
0.001673209710213073
0.0009521708729718833
0.0004690127119035311
0.0005514362867599427
0.001401087540942461
0.003005926012580751
0.005111050027146114
0.007266141312031047
0.008944837035683807
0.009709502533257469
0.009375594934778379
0.008126858329270457
0.006536748509318988
0.005477047437763988
0.005921422732149594
0.008685784674205846
0.0141675342176322
0.02215654583192236
0.03177857119388741
0.04160514164619004
0.04992117171612939
0.0551083273643464
0.05605216687939561
0.05248179092898548
0.04514864428050135
0.0357837030329053
0.02682107204619318
0.02093104298828602
0.02045177203146029
0.02684564931916107
0.04030054450173243
0.05958515657964755
0.08220199522910757
0.1048306462233221
0.123980106031359
0.1367234967144887
0.1413605249035639
0.1378635918540141
0.1280000993744791
0.1150872655179053
0.1034214306115735
0.0974668000605944
0.1009757438407905
0.1161986857544177
0.1433497434542257
0.1804325358571258
0.2234685181462431
0.2670954974358476
0.3054222699721889
0.3329788851719966
0.3456236504028239
0.3411949983432481
0.3198365097163579
0.2839354221111156
0.237693161600236
0.1864226076802581
0.1357026353872892
0.0905399158867959
0.05467925180253041
0.03017887140115564
0.01727201235911874
0.01455414446157434
0.01940361476168742
0.02855353925675286
0.03870181975613806
0.0470489450281249
0.05168020833513545
0.0517459167439646
0.0474312353843767
0.03975249888499294
0.03023240528955941
0.02053661440810216
0.01213735069924804
0.006064416247142139
0.002776302204390932
0.002158533731826807
0.003630728041610852
0.006327247397209045
0.009304923503349676
0.01173651055888616
0.01305184057395584
0.0130086202174833
0.0116889229998432
0.009432128613730084
0.00672746795421321
0.004092271151776106
0.001962568129165485
0.0006159801397276371
0.0001374912436538686
0.0004287033385534719
0.001253578907405207
0.002305388362621843
0.003279020074161671
0.003933181676672281
0.004131194671946017
0.003855129760247393
0.003193565090071948
0.002309279634549286
0.001395785886364834
0.0006326449040889003
0.000149471463306143
4.34383297451186e-06
0.0001794286221722393
0.0005927711256292458
0.001121870089605372
0.001633012849630568
0.00200980852257682
0.002175134819234822
0.002103130817599247
0.001819452600609425
0.001391317539103754
0.0009101824944718754
0.0004711965395668198
0.0001539535991594628
7.949136474502026e-06
4.531693647107619e-05
0.0002414842751994701
0.0005428226205142712
0.000879387635326563
0.001179599455260919
0.001384040003848516
0.001455875923455987
0.001386034269257201
0.00119285910308342
0.0009166218243406959
0.0006103434527183003
0.0003290317790091167
0.0001194278360713242
1.185608324067077e-05
1.599656907145298e-05
0.0001205494777580742
0.0002968136747585473
0.0005051548638451596
0.0007029342156184458
0.0008524537133247947
0.0009273078155773362
0.0009164059909652408
0.0008247731477278049
0.0006715324529338459
0.0004854649836233777
0.0002991511537350733
0.0001429150833298602
3.957887822994702e-05
9.726758230738296e-07
2.664204535045798e-05
0.0001048705709387902
0.0002156086960568223
0.0003347198604567157
0.0004385833408012336
0.0005082642557275857
0.0005325190308168496
0.000509118285788914
0.000444527961649535
0.0003518910313016541
0.0002481480282418074
0.0001505687355584544
7.366568573943406e-05
2.68369000834064e-05
1.325246640351282e-05
3.000187129768437e-05
6.936329741662375e-05
0.0001208383134682557
0.0001734588407442051
0.0002178674613329262
0.0002477945031817867
0.000260668511783826
0.0002573734763780343
0.0002413471737161451
0.0002172258609081246
0.0001895899353395472
0.0001619684487588295
0.0001363935555023059
0.0001135518885306171
9.338441662507496e-05
7.590692801077004e-05
6.192910148481915e-05
5.341234416293208e-05
5.329273645488352e-05
6.478296088710029e-05
9.029371744947998e-05
0.0001303063937264715
0.0001825086039361767
0.00024153531481471
0.0002994653039472809
0.0003470628113265579
0.0003755668375240444
0.0003786144053523772
0.0003538489866037664
0.0003037808179227949
0.000235676531358906
0.0001603438932587435
9.011673815317506e-05
3.642053134721842e-05
7.474372909830112e-06
6.687728302466455e-06
3.212248387793423e-05
7.717733367789075e-05
0.0001323061375762848
0.0001873519100294432
0.0002338976848971363
0.0002670304047806549
0.0002860574431489564
0.000294017187145418
0.0002961414585263637
0.0002977206850657046
0.0003020458433493976
0.0003090512137037779
0.0003151547894360308
0.0003143838920701668
0.0003005499476746957
0.0002698378596128864
0.0002230444936944393
0.0001665950169552887
0.0001119887621143305
7.345554974694544e-05
6.443352338029106e-05
9.365444577257653e-05
0.0001620058872404896
0.0002611786091575019
0.0003747590925317854
0.000481755316724406
0.000561884449450674
0.0006013749687203954
0.0005976345012963149
0.00056146002180244
0.000515728563465089
0.000490523984587201
0.0005157102723502704
0.0006124229036227665
0.0007858669326337096
0.001021340518375816
0.001284959026161404
0.001529427458785149
0.001703768439893579
0.001765218100286902
0.001690163633338425
0.001481510438444141
0.001170367117095066
0.0008111878322914111
0.0004711241941525666
0.0002158746738629801
9.516396558079167e-05
0.0001314254141841449
0.0003143165291046825
0.0006027165218051518
0.0009336831634136784
0.001236355425907315
0.001447612630966587
0.001525521111361629
0.001457651536286175
0.001262167352862755
0.0009817639943817669
0.0006722692029656911
0.0003887276175410627
0.0001729443249650851
4.5300558415683e-05
2.827585549945024e-06
2.357059468789913e-05
7.563244620391783e-05
0.0001280195075715141
0.0001600794250711027
0.0001668180587789052
0.0001587587072855289
0.0001566149178864204
0.000182665797212754
0.0002516600365085116
0.000364165237551816
0.0005045758056891138
0.0006444043604925061
0.0007500247828840945
0.0007924655423129337
0.0007563474318842968
0.000645138767559871
0.0004810889129221216
0.0002996978413930563
0.0001403253568286418
3.560524461945338e-05
2.762821032854831e-06
3.941890975703974e-05
0.000125014388190265
0.000227448013478612
0.0003128090162339944
0.0003554020353269071
0.0003449046223494532
0.000288653109057791
0.000208479173337037
0.0001330835316973113
8.851753931054579e-05
8.968525320770771e-05
0.0001355863385498484
0.0002097559990615041
0.0002857445018254458
0.0003358996172150719
0.0003406320536962202
0.0002951951615744368
0.0002118454240760386
0.0001165339289076503
4.11764630516231e-05
1.381400967172185e-05
4.971292504760877e-05
0.000146171070299165
0.0002826887726641453
0.0004264904354652684
0.0005417575131753114
0.0005997833973076493
0.0005870016697815241
0.0005084739587223125
0.0003859046294280618
0.0002507901657947962
0.0001349906928574498
6.15657468266923e-05
3.868322368753271e-05
5.84298113342911e-05
0.0001006771006686124
0.0001406539029782182
0.000157700159863484
0.0001423656978232079
9.953468964314774e-05
4.669232714268572e-05
7.854295766992642e-06
5.234240795299919e-06
5.130558079941037e-05
0.0001439147346225306
0.0002660038040576291
0.0003901219374951034
0.0004862929961378357
0.0005308442219750564
0.0005134133729835651
0.0004399388716799616
0.0003307973956864291
0.0002145932642068946
0.0001196550684761242
6.585245512613051e-05
5.923980417886394e-05
9.113903401449739e-05
0.0001418362850075993
0.0001876380969639424
0.0002089393791144966
0.0001967535895040484
0.0001556028854807862
0.0001018798180691118
5.82851286224713e-05
4.608551705855864e-05
7.7770065395243e-05
0.0001523711884747915
0.0002550960177142521
0.0003612573745277642
0.0004435166530153558
0.0004799573925243965
0.0004607935968096585
0.0003913754209869148
0.0002907146136736333
0.000186039355701449
0.0001048428426530276
6.70123086421129e-05
7.930281082499727e-05
0.0001337709548568094
0.0002105380997266238
0.0002840544503528247
0.0003307508446840658
0.0003359012948685864
0.0002976159537997838
0.0002268119183607069
0.0001433724811337633
6.977082328352938e-05
2.407688021217784e-05
1.471909633965196e-05
3.835200958896073e-05
8.14994294041255e-05
0.0001253865718530378
0.0001523121896335518
0.0001516056495518303
0.0001232543265663844
7.812203742649576e-05
3.462843702898548e-05
1.298679818994061e-05
2.869505873813984e-05
8.729128549603743e-05
0.0001820100325295695
0.0002949538341077805
0.000401697301028725
0.000477708231159946
0.0005050433763769241
0.0004772603033325667
0.000401175238660577
0.0002950091694637097
0.0001835932112940562
9.177571763994359e-05
3.814502643412612e-05
3.051484371326448e-05
6.454973029548695e-05
0.0001256469062424706
0.0001934611451239058
0.0002477324439159885
0.0002737452890188305
0.0002658717321308529
0.0002284259109694403
0.0001736187825948597
0.000117443520266133
7.475395553349051e-05
5.491466490294207e-05
5.940526987900853e-05
8.184436863157222e-05
0.0001104322802316618
0.0001319566212988739
0.0001361677722270941
0.0001191882731937411
8.492566221210555e-05
4.419139278662917e-05
1.160773981045951e-05
1.346250354162663e-06
2.27928558268688e-05
7.746100941904013e-05
0.0001579456703998915
0.0002493712286963261
0.0003328217800127431
0.0003900422838705805
0.0004080312317762062
0.0003824938552270673
0.0003190683677093253
0.0002322032784443575
0.0001418475679064083
6.87579424417439e-05
2.965634634711333e-05
3.340243535024704e-05
7.899863583990277e-05
0.0001559455556648537
0.0002468345923671787
0.0003313640863473352
0.0003910067453730726
0.0004130496975893051
0.0003931973155465948
0.0003361707623802925
0.0002543066051702156
0.0001644580830610839
8.417028417536719e-05
2.782141164681697e-05
3.818739390389474e-06
1.316065365560784e-05
4.984699287681247e-05
0.00010267666463599
0.0001581302287122042
0.0002034122988983219
0.0002291691858021123
0.0002310963977801411
0.0002103966867398604
0.0001728887817640378
0.0001272565008017634
8.284976776887555e-05
4.755397636538751e-05
2.629905044146127e-05
2.036227462153957e-05
2.762427411070423e-05
4.35363592070249e-05
6.256985843388739e-05
7.965147049552686e-05
9.130367170477689e-05
9.621896496385621e-05
9.521786443457097e-05
9.062868297842369e-05
8.53542816647362e-05
8.190703183746974e-05
8.163277963097526e-05
8.439001497891333e-05
8.868525993461305e-05
9.221543001818418e-05
9.266641176265155e-05
8.853032862328917e-05
7.965577959422183e-05
6.748315660702432e-05
5.476345896924683e-05
4.494758965630436e-05
4.130264343790659e-05
4.602379905267447e-05
5.956928525120457e-05
8.035906519847128e-05
0.0001049822354029975
0.0001288081931737462
0.0001469972376600829
0.0001555117702280044
0.0001521106101935862
0.0001369067387197815
0.0001124811270862547
8.346051908803554e-05
5.563830719174274e-05
3.48008094703583e-05
2.555449145296078e-05
3.03247628841796e-05
4.880081503510803e-05
7.791654477193018e-05
0.000112403403916841
0.0001457833141410987
0.0001716417221192921
0.0001849294644175517
0.0001829111684377467
0.0001658313298098887
0.000136858655719496
0.0001015060409209127
6.66016395117443e-05
3.893738616302632e-05
2.396457780618902e-05
2.471288142054222e-05
4.117844346362185e-05
7.031584728175935e-05
0.0001065867134328647
0.00014306239648688
0.0001727147990659516
0.000189826543534987
0.0001910605842894153
0.0001761656138428292
0.0001479881874453353
0.0001119672457896774
7.505237891448022e-05
4.437333098318847e-05
2.584246156715015e-05
2.300784866601141e-05
3.634913232410491e-05
6.317897129403068e-05
9.817764637922806e-05
0.0001344233901756387
0.0001647432794118468
0.0001831482935390009
0.0001859743718190151
0.0001726370039839423
0.0001457337205487276
0.0001105151111166625
7.387280712085938e-05
4.294749648398285e-05
2.371787001591457e-05
1.981740006289237e-05
3.181783127646561e-05
5.711343145369689e-05
9.046972468201565e-05
0.0001250625731578753
0.0001538593891504278
0.0001710254883338596
0.0001730801446685335
0.0001595850115326918
0.0001331982091901663
9.911423785476641e-05
6.400219749528655e-05
3.464364192810345e-05
1.659212547632356e-05
1.306844822886787e-05
2.436642599555916e-05
4.785702512117648e-05
7.856422500533987e-05
0.0001102047808536378
0.0001364846760970442
0.0001522922994462622
0.0001547240438670369
0.0001434997196145748
0.0001209702023637324
9.152320733885824e-05
6.06324359584925e-05
3.381957747383347e-05
1.555008585507008e-05
8.495910540496328e-06
1.316823196640518e-05
2.796107265399266e-05
4.961845765293269e-05
7.393826407034833e-05
9.659005128205692e-05
0.0001138671393229853
0.0001232477432648792
0.000123707552109724
0.0001157476362726715
0.0001011600237978871
8.267928330309226e-05
6.352351555726543e-05
4.690902903028489e-05
3.564109028051131e-05
3.175605235026965e-05
3.626050139317924e-05
4.898541447364296e-05
6.857757732707753e-05
9.264367388900086e-05
0.0001180639950668276
0.0001414868895614393
0.0001599457407870323
0.0001714588994250709
0.0001755933436511119
0.0001737591720866776
0.000169130805486563
0.0001661668317720085
0.0001697551665878254
0.00018410020998815
0.0002116419148732739
0.0002522028588309789
0.0003026888941831659
0.0003574200616106456
0.0004091390484432211
0.0004505500621759299
0.0004759906208963075
0.0004829276626114367
0.0004728215185310531
0.0004511366037776923
0.0004263811186062827
0.0004083137806679917
0.0004058120701458629
0.0004246682170854178
0.0004661010348502019
0.0005261456003456371
0.0005961974055155429
0.0006647120144254288
0.0007195115206989504
0.0007503136431107957
0.000750912915287604
0.000720456169282439
0.0006634979246312705
0.0005891695774325672
0.0005091955850421203
0.000435635859562771
0.0003788108162736419
0.0003454957496747082
0.0003382102430658103
0.0003552211453395367
0.0003913667526498634
0.0004392992468662242
0.0004908922852074005
0.0005384838587400285
0.0005758740452578471
0.0005989164476072402
0.0006057888570968756
0.0005971144263849553
0.000575727517743851
0.000546384246603961
0.0005151928947938179
0.0004887112163314679
0.0004727979605475456
0.00047142916222901
0.0004855984866246806
0.0005127406102644258
0.0005468560647276623
0.0005796695729106844
0.0006024637524953757
0.0006085194693269816
0.000595236419076905
0.0005655235534547392
0.0005277885986970704
0.0004944715074954026
0.0004790508278807551
0.0004924327668597651
0.0005395867242475146
0.0006172943499889022
0.0007138928494068585
0.0008112548850684924
0.0008885708455515639
0.0009272577927351554
0.0009155397599686426
0.0008516478858910852
0.0007447605875715037
0.0006132187707313262
0.0004806247270217624
0.0003708162698381517
0.0003027191073415904
0.0002867719084921945
0.0003233556018157763
0.0004036385908264536
0.0005123485746939145
0.0006314430678902415
0.0007438864871237209
0.0008362484277814218
0.0009000116359871022
0.0009315562503748206
0.0009312791671567646
0.0009025171625751764
0.0008510506457843505
0.0007849669804956144
0.0007150482020113178
0.000654645067205607
0.0006188857388308836
0.0006224182622558227
0.000676061569388427
0.0007833259676283259
0.0009378224038234698
0.00112271898349745
0.001313254612772151
0.001481838273713061
0.00160518196178011
0.001671034141988412
0.001682514484367437
0.001658776452758047
0.001630503815170511
0.001631467873724834
0.001688272316896646
0.001810933409668742
0.001987437067664024
0.00218467604741917
0.002355282375302382
0.002449995959364206
0.002431293000886699
0.002285233633334774
0.002027286173115826
0.001700611727723902
0.001366359252290668
0.001089113047386122
0.000920385460255536
0.0008860229567192939
0.0009799422383169416
0.001166575101261532
0.001390949595290763
0.001593510060899381
0.001724881900686144
0.001756906597040715
0.001686926784709269
0.001534285544158628
0.001331869395467652
0.001115351694675848
0.0009148108190305143
0.0007508821344618658
0.0006366054914411388
0.0005833374206662964
0.0006069197656263205
0.0007301608695080107
0.0009795965830496022
0.001375387383895925
0.001918541518967733
0.002579246745288762
0.003294009214797957
0.0039739835937953
0.004526513813599664
0.004885029526141555
0.005038498132270633
0.005050602834812382
0.005058796755442525
0.00524851275389661
0.005805361523665181
0.006855974733034591
0.008413488154270718
0.01034708003822223
0.01239072824253434
0.01419448414475678
0.01541656453461352
0.01583121518455426
0.01542860383722214
0.01447148117896826
0.01348632934479607
0.01317674519288478
0.01426729681239239
0.01731058385819898
0.0224969831043212
0.02952656558573322
0.03757441074467459
0.0453925310885973
0.05152218432163555
0.05460386697690266
0.05370597926479206
0.04860930072672021
0.03996490119954967
0.02928079631229723
0.01870877481996673
0.01067328170568594
0.007388179011708995
0.01037688142270397
0.02008457583476693
0.03567952993836521
0.0551134739231795
0.07541592990133192
0.09321334613950276
0.1053633862279545
0.1095592669471809
0.1048262035541265
0.09175934519370543
0.07247072298717064
0.05024928940101814
0.02896589455688096
0.012381235020005
0.003441522201209771
0.003729959067022648
0.01317710873605701
0.03007723456801447
0.05140242523522171
0.07337770095585412
0.09215788806440252
0.1045339424156836
0.1084750937386361
0.1034609169437745
0.09051636697097354
0.07197098816045774
0.05098188626277508
0.03095222552981467
0.01491115948582327
0.005022675354496191
0.002257090452056347
0.006314325504743449
0.01576838796435308
0.02840104870139253
0.04164823480051804
0.05307505689022786
0.06077026195599852
0.06362910900648291
0.06145228713700859
0.05488854454446375
0.04523188792188254
0.03412917202904653
0.0232700791404068
0.01410283493110702
0.007626659328914046
0.004297734964029668
0.004029622610750342
0.006290342492188715
0.01025531399333718
0.01498082114175527
0.01957031511257384
0.02329672042029713
0.02567959980358638
0.02650352123084225
0.02579632983803989
0.02377440524929979
0.02077763203139998
0.01720262314847269
0.01345198811688256
0.009893166392265429
0.006837491983761724
0.004524327232461096
0.003114871485404863
0.002684212822233078
0.003215600062525159
0.004596643011597764
0.006622135839229215
0.009005376725177041
0.01140564539147022
0.01346463437548147
0.01485678126812885
0.01533708175738041
0.01478650005376823
0.01323972092028579
0.01088759446889617
0.008057056576009474
0.005164361862240533
0.002648240181529632
0.0008999953624815639
0.0001941238174819873
0.0006405969739360356
0.002162052126822044
0.004503780189877039
0.007274265900246963
0.01001165522625312
0.0122592542651526
0.01364510134650069
0.01394058154184197
0.01310250787393344
0.01127449736976019
0.008762294700545943
0.005980923464258048
0.003384082286310563
0.001388572596718004
0.0003090387230851026
0.0003088603695222839
0.001379112725681665
0.00334513652976615
0.005897831341985123
0.008646815008219212
0.0111794953369016
0.01312404593649188
0.01420190352780579
0.01426305315632219
0.01330483325695875
0.01146843853818357
0.009019581290903947
0.006313619487026177
0.003751165110995441
0.0017308953134967
0.0005988453462853104
0.0006043419637055488
0.00186050679183222
0.004319060985695229
0.007757240989524511
0.0117903135797357
0.01590167022193394
0.01950444612384601
0.02201825362208102
0.02296823357570426
0.02207935421055089
0.0193618706004363
0.01515742145739536
0.01014017571129036
0.005248286343944292
0.00155998089667118
0.0001100147169854719
0.001686281013032474
0.006633337243606813
0.0147098066914972
0.02503780966928121
0.03617879639288897
0.04632876858496124
0.05363666180313309
0.05657463300568186
0.05431373730762458
0.04700986755480292
0.03592783968380912
0.02335481802200771
0.0122689130286883
0.005819993295670809
0.006675706968095898
0.01637631839897228
0.03482766354423193
0.06008301524483753
0.08847134518808887
0.1151639444557111
0.1350364588594975
0.1437757203186451
0.1389348260203742
0.1207667141873305
0.09255255611005656
0.06033133973542873
0.03193755250178007
0.01552932285055939
0.01778337428203831
0.04218534016368615
0.08778044777384782
0.1487324164823925
0.2149420521235722
0.2737630671607655
0.3124848775369507
0.3213028650722862
0.2959882476412264
0.2397261389625773
0.1635118310593681
0.0847488937320259
0.02419953313298507
0.001579442987181969
0.03071504527724396
0.1152829215067124
0.2462647241011447
0.4018838188637271
0.550843494463005
0.6582606737459655
0.6940558307472857
0.6419082951897467
0.5073253919131648
0.3227789323806054
0.1483426940820087
0.06679940712239991
0.1735380953022471
0.5619709553095456
1.306590764334316
2.447043089200688
3.974613346882764
5.826689308568903
7.887003576607167
9.996114399333687
11.96972511560291
13.62018333774926
14.78291121643529
15.33785410527811
