# RCS in m**2 for a L=5 cm PVC cube at 22.5 degree aspect angle
# frequency = 86.75 GHz, 
# theta = linspace(0, 6.2832, 1441)
# phi = linspace(0, 0, 1  1)
10.68766380573959
10.52299873424145
9.873053747764287
8.807987957204116
7.441642710469286
5.915504466841734
4.379014617224783
2.969382869097336
1.794144975916299
0.9192521836673265
0.3641726817936504
0.1045570226083227
0.08142411256866323
0.2149128569113651
0.4198119266936005
0.6200260528613258
0.7595907649143421
0.8085964639012223
0.763527382433372
0.6426802543280521
0.4781097487025445
0.3062025325785001
0.1589156433902503
0.05743915469357624
0.009256802939221596
0.008772256044338154
0.0408586020412226
0.08609791512823531
0.1262572695049306
0.1486628123013992
0.1485339625903674
0.1289758857293097
0.09890009390265131
0.06966086509618453
0.05141473395524679
0.05020621936063498
0.06647347374517307
0.09525455215415066
0.1278914570558349
0.1546562354063984
0.1675190168249206
0.1622947122104213
0.1396359348285796
0.1046711554845327
0.06546345394717616
0.03078418135241532
0.007820750886502369
0.0004379733142098994
0.008413303440656876
0.02777927607810908
0.05211125488113829
0.07435094339679521
0.08864446131008223
0.09171215752760623
0.08342462913158309
0.06649995194669783
0.04548277168799723
0.02534276092639552
0.01010876032826939
0.001915999735961202
0.0006800571834945439
0.004435196711123712
0.01017309408544684
0.01489248133554753
0.01653140616077915
0.01451975628136376
0.009814290927760117
0.004450414669198308
0.0007799987017903394
0.0006527428986385092
0.004795785866331542
0.01257458337179309
0.02218976140630189
0.03123243444446
0.03741226693710149
0.03923266395311442
0.0364081301711368
0.02990866547625724
0.02163286863995945
0.01382067420037565
0.008390194395953492
0.006401954959705004
0.007803092383659364
0.01151724766450054
0.01583861433834595
0.01899959977297943
0.01973463781864087
0.01766870707654791
0.01342057215234478
0.008397511478475632
0.00435004997456785
0.002828802433763367
0.004705648640546369
0.009899236951862159
0.01738261501522246
0.02546138378578779
0.03223691182750517
0.0361170829805429
0.03622696456235992
0.03260977397112085
0.02617047524539229
0.01839064354935546
0.01090601925742969
0.005076634344352457
0.001663175326220907
0.0006992512073791181
0.001577168060618114
0.003306842965055476
0.004858351769463613
0.005482277617419882
0.004913295021302643
0.003406848001473583
0.001608269250484029
0.0003077780988398936
0.0001627904585834625
0.001476043541636631
0.004095713051270214
0.007462164225083382
0.01078166110913978
0.01326782356249776
0.0143746206694784
0.01395099660309029
0.0122712165500694
0.009938422560588188
0.007693230708409682
0.006187954834169541
0.005797423058659532
0.006518979573129234
0.007990438708356225
0.009615180617420116
0.01075433402410267
0.01092666973661444
0.00995451184152593
0.008017240331172598
0.005596034001819042
0.003329367093665475
0.001825553019060903
0.001485994916743487
0.00239111479834068
0.004279901123308527
0.006627305826946608
0.008793871631268761
0.01020470221060193
0.0105054782891649
0.009653783301407813
0.007921691468120495
0.00581142478909592
0.003912011216247872
0.002736549103708727
0.002586094876569435
0.003475951933590781
0.005141142769974461
0.007116679426677741
0.008866905330953575
0.009926745330901689
0.01001803965872279
0.009109086142606795
0.00740841368242877
0.005294439779160785
0.003208310229183266
0.001537274935512272
0.0005223730803999845
0.00021241335619365
0.0004731748565072048
0.001045069381507157
0.001629727128249464
0.001979743411181125
0.001966308786145704
0.001607874839127861
0.001054047773830025
0.000532473023276101
0.0002757934044419371
0.0004501045469319139
0.001105412572707196
0.002160615210785389
0.003426156837907067
0.004656560332708583
0.005617405750550051
0.006147840704877329
0.006202094257360694
0.005859145255406169
0.005299316767712287
0.004754284580386482
0.004445384631815282
0.004525418481399081
0.0050397306198182
0.005915597862987312
0.006981431148843155
0.008010747543396238
0.008777892017838948
0.009112853495832613
0.008940185129451848
0.008294649994931482
0.007309658908288073
0.006183456483851576
0.005131140374469433
0.00433559061974819
0.003907944035285698
0.003867082568176755
0.004141173345467938
0.004589896958196979
0.005041021440166477
0.005331303448489287
0.005343383231994647
0.005028767319460872
0.004414536905259682
0.003591876751931928
0.002691325372441605
0.001851512942511191
0.001188281194473269
0.0007713512717980827
0.0006139176201317958
0.0006750050489992825
0.0008743495368365148
0.001114022364052017
0.001302393115598652
0.001374036879185658
0.001301643764627447
0.001098055187325409
0.0008089206826828454
0.0004982060582716015
0.0002309710739048154
5.746935121965147e-05
2.094413916834567e-06
5.951569765471767e-05
0.0001982232359858643
0.0003700493149719924
0.0005230497043403028
0.0006144627214802966
0.0006206556297253044
0.0005419538012705301
0.0004015304355202853
0.0002389345877596466
0.0001000263976097065
2.57426378546992e-05
4.244682665533708e-05
0.0001558066203590959
0.0003495568637024739
0.0005891644398015336
0.000829472099472122
0.001024526875093532
0.001137355644640774
0.001147623734830159
0.001055764136724018
0.0008826568671890411
0.0006650992509187698
0.0004482615839786281
0.000276516796413405
0.000184847087740002
0.0001920541915168844
0.0002975448689736792
0.0004817857233406024
0.0007104502965627291
0.000941268999603085
0.001132055480883874
0.001248628618844144
0.001270883809668313
0.001196103152609995
0.001039001896264754
0.0008285173833991661
0.0006022457652762003
0.0003994183084097603
0.0002538661271703194
0.0001882232757195372
0.0002102632149874672
0.0003120402816458335
0.0004717921239002536
0.0006582197748807118
0.0008362496088702152
0.0009732691334727026
0.001044704983228717
0.0010380503022687
0.000954618939743907
0.0008089084333882399
0.0006257672599736781
0.0004357351085065158
0.0002697546417752265
0.0001537756188382337
0.0001045285464725895
0.0001268837778294322
0.0002133687456835003
0.0003457418144792359
0.0004983850813281613
0.0006428727955964597
0.0007528818059972985
0.0008086536456363027
0.0008002560824884839
0.0007290612941219508
0.0006072876895775099
0.0004557186147200227
0.0002999278141075891
0.0001657951427384266
7.502004431440297e-05
4.140677559188505e-05
6.859594200888571e-05
0.0001495567719324248
0.0002679478992238855
0.000401200709397965
0.0005244275048929659
0.000614956983283272
0.0006563303277452441
0.0006411024013955306
0.0005721307685148086
0.0004619447109361289
0.0003303332985593391
0.0002007687361344321
9.603893870464198e-05
3.412957408266698e-05
2.496873973078805e-05
6.871029659220523e-05
0.0001558067145885425
0.0002689031713347993
0.0003861626661336119
0.0004854182144382287
0.00054829733817992
0.0005636246569023841
0.0005293941292804298
0.0004529854676048849
0.0003494792634997173
0.0002387072475842857
0.0001412309957434355
7.446163861262242e-05
4.942119650025255e-05
6.884358147373458e-05
0.0001270358908721201
0.0002113836369504055
0.0003051572617811155
0.0003910547293266102
0.0004545906775530093
0.0004867293470474805
0.0004852129749884654
0.0004543545785615892
0.0004034280994946074
0.0003441761479708807
0.0002880765101540285
0.0002439342285157115
0.0002165036372780612
0.000206271093603608
0.0002104498206098869
0.0002246892472665839
0.0002450054658816733
0.0002692769536066506
0.0002978136701323996
0.0003328231723292328
0.0003768974572283554
0.000430996068200083
0.0004926894601447704
0.000555211245583686
0.0006079281425653664
0.000638310305826202
0.0006350401771330877
0.0005916157060930383
0.0005092067810663954
0.0003982619350831994
0.0002777375430149468
0.0001720449369695159
0.0001060835835273612
9.946621297018147e-05
0.0001612267884531793
0.0002864599587170719
0.000455968990596161
0.0006392590632853681
0.0008004598391504429
0.0009059824508586199
0.0009321882968217896
0.0008710970904439933
0.0007327859905552879
0.0005436528324469375
0.0003406768084687978
0.0001632349490329911
4.410853085766603e-05
2.005225389579502e-06
3.751781097128385e-05
0.0001334553828700165
0.0002595712800954258
0.0003803646574861863
0.0004640962201149253
0.0004904952582080072
0.0004552329865813974
0.0003700690306856321
0.0002586244733790918
0.0001491378003449653
6.628094703817418e-05
2.443595840290471e-05
2.433651075813042e-05
5.406265471145565e-05
9.40179442974354e-05
0.0001242979201195505
0.0001321161021325273
0.0001168793804768668
9.114067198687623e-05
7.692679510856813e-05
9.833989757046791e-05
0.0001727242326420329
0.0003030793846453124
0.0004743951588764641
0.0006554475550865317
0.0008060197011545349
0.0008878057672898995
0.000876014020603007
0.0007682597030980013
0.000587666941863471
0.0003789768861216918
0.0001981133476912027
9.778837295941942e-05
0.0001130326942386531
0.000250774974495964
0.0004866692786951316
0.0007704031129140338
0.001038510456259564
0.001231066460283902
0.001308003854981463
0.001260097988288884
0.001111521241549122
0.0009129766104440158
0.0007270922287452766
0.0006103266967830311
0.0005964659061903162
0.0006865008515182286
0.0008482378828616768
0.001025517777603843
0.001154939324085519
0.001184841116837821
0.001091126296456011
0.0008851643953491422
0.0006112240687809973
0.000334040487013308
0.0001201709023562935
1.867404865887092e-05
4.673832518691581e-05
0.0001849111006277961
0.0003831897735162694
0.0005762515412999264
0.0007031981540243173
0.0007256418595337793
0.0006386610473203755
0.0004710453335296298
0.0002749794722587489
0.0001082118734974833
1.484475215696967e-05
1.084782570159575e-05
7.947451249935057e-05
0.0001783013837677195
0.0002559767824394702
0.0002733022119859057
0.0002214828539282496
0.0001309672353595968
6.688322532385931e-05
0.0001112410513182592
0.0003365652929223768
0.0007787399997387237
0.001417903083882605
0.002174285807470707
0.002922044102896482
0.003518466981763569
0.003841427868843552
0.00382438082624266
0.003478373482152385
0.002894158503109733
0.002221745372294338
0.001632569927103136
0.001273684120223317
0.001227301184989579
0.001486828268995886
0.001957430926129061
0.002481540711161191
0.00288280116335756
0.003016588771430884
0.00281237968550632
0.002295711332868942
0.001582839412276917
0.0008490431833531629
0.0002793986032038579
1.579097954288384e-05
0.0001158361134335745
0.0005359091696675276
0.001143351440440631
0.001755037988244808
0.002190687392568882
0.002325292528084322
0.002124913652601935
0.001654750908203707
0.001056808970704033
0.0005040398499782829
0.0001449253067128252
5.627738402190147e-05
0.0002199516263725042
0.0005317838632627823
0.0008413602038482456
0.001010733357053286
0.0009731828694702361
0.0007718892821371972
0.0005628133746447233
0.000576923944189085
0.001049389658262096
0.002134987477102333
0.003836363344107391
0.005970168653696627
0.008188387472614803
0.01005671139883665
0.01117437940580085
0.01130657629264284
0.01049035770709423
0.009080157284496416
0.007708539672646349
0.007162332997543738
0.008192936796893247
0.01130595958575277
0.01658143047361157
0.02357764718580454
0.03135434787571808
0.03862503847932124
0.04401582566883756
0.04637870411394372
0.04508834143784433
0.04024955664068752
0.03275268367936496
0.02415136552733358
0.01637386994798183
0.01132045529293627
0.01043053904221118
0.01431960683010979
0.0225755164845856
0.03377587240835198
0.0457396434014307
0.05598346096127795
0.06228704956288073
0.06326074277236554
0.05878594741703164
0.0502234959184096
0.04032582824151115
0.03284681419289361
0.03190617411835761
0.04121528614635981
0.06330840895210274
0.09893091190673813
0.1467014750878308
0.2031332263180137
0.2630147882745767
0.3201091079965286
0.3680390301703427
0.4012323836584232
0.4157409260161672
0.4098169298922273
0.3841521591111818
0.3417290100522367
0.2873399196089841
0.2268550011937021
0.1663606248518934
0.111330383698609
0.06594024221000143
0.03263548678654043
0.01199772436621215
0.002909495543072014
0.002947958396742578
0.008942103693487127
0.0175670394811169
0.02588152332367836
0.03172559452469292
0.03392850811681701
0.03231860835570947
0.02755918861397851
0.02086428789743953
0.01366460005047051
0.007283943941669095
0.00269330382823191
0.0003695387699631787
0.0002732269899450436
0.001931643739243742
0.00459574901251382
0.007430491835522981
0.009695853069677492
0.01088448100256588
0.01079462132446431
0.009531161479887534
0.007444635243333164
0.00502786161002674
0.002795873848883007
0.001175646835811275
0.0004263170984628637
0.0006025077335708373
0.001563367481234018
0.003019984135524221
0.004608653369082005
0.005971160773892356
0.006826516143791308
0.00702037428964637
0.006544468194983192
0.005525535040455121
0.004188694437142687
0.002804665322743069
0.001633410224212917
0.0008743032270183975
0.0006323700142929121
0.0009058544818118416
0.001594938734846462
0.002528329454150782
0.003501045110887867
0.004315323420952039
0.004816781585410722
0.004919555963810746
0.004616649455636517
0.00397534567073597
0.003119054693954616
0.002200939151820961
0.001374230396137385
0.0007649309524166618
0.0004517931587101162
0.0004561492420959392
0.0007427402620856249
0.001230395174162842
0.001809615503831773
0.002363861798630029
0.0027900259130965
0.003014922329860771
0.003005356370047227
0.00277036667876388
0.002356311181730807
0.001835961777480561
0.001294120489398758
0.0008124952390170488
0.0004565318751002644
0.0002657636219483761
0.0002497503378401722
0.0003890660077313481
0.0006410507208056533
0.0009488665018402321
0.0012520331973082
0.001496548654186399
0.001642999218780417
0.001671489301521923
0.001582914115028701
0.001396705164347957
0.001145803359046027
0.0008700211251434037
0.0006089616139075631
0.0003958357925897881
0.000253049321499745
0.0001900103528832473
0.0002033858573956177
0.0002792769543436764
0.0003968202403962501
0.0005323093627527648
0.0006630896243374012
0.0007706235485794786
0.0008422724689324104
0.0008719071875266775
0.0008592497849330781
0.0008087232036755234
0.0007278127801285225
0.0006257256171626796
0.0005123309620910219
0.0003976171821754074
0.0002914983047562395
0.0002037002386357685
0.0001434924895519652
0.0001190444855052691
0.000136321115153863
0.0001976802365152069
0.0003004430207111429
0.0004359314449045341
0.0005893465487695959
0.0007408796875633269
0.0008680694846233528
0.00094925663563387
0.0009675704914568264
0.0009147459167611255
0.0007938495473169681
0.0006202676218474959
0.0004204248288463892
0.0002281866044570892
7.942440392814178e-05
5.613466333266381e-06
2.76322659926935e-05
0.000151036374343108
0.0003638806089105181
0.0006377276530391617
0.0009318627652173346
0.0012000478412022
0.001398798300600695
0.00149534891354727
0.001473899834154165
0.001338830975072493
0.001114036976275392
0.0008385904463516252
0.0005593719355640893
0.0003222261088291172
0.0001634147185009083
0.0001030870887358683
0.0001420637198370699
0.0002626587483925993
0.000433177127491102
0.0006151376575726583
0.0007715306051966109
0.0008743542183634552
0.0009097365279477738
0.0008796858438772788
0.0008001951290089019
0.000696275885336027
0.0005953021293342269
0.0005202766503959655
0.0004846571971313371
0.0004898948759889172
0.0005261300769306413
0.0005756991859382262
0.0006183624479913552
0.0006367831389616197
0.0006208527488697685
0.0005697305189306878
0.0004912556694585125
0.0003990981277636777
0.0003086331306131348
0.0002329306902045046
0.0001800982285737331
0.0001527678069323178
0.0001498115544631865
0.0001695869225781324
0.0002134344358562673
0.0002879770633500156
0.0004050345506850033
0.0005786531126095505
0.0008197778937087581
0.001129814458719522
0.00149516856144354
0.001884691436798537
0.002251537234887121
0.002539927335411957
0.00269565186017384
0.002678656012768495
0.002474166694676946
0.002099741609490341
0.001605753483214102
0.001068517121052248
0.0005768130635531332
0.0002145628310970569
4.328304172488074e-05
8.857940420537821e-05
0.0003338159748833882
0.0007229684417308164
0.001172159393201741
0.001587372300876334
0.001884504550979791
0.002006770041583806
0.001935781109790678
0.001693410765252675
0.001334474705289558
0.0009321602672892696
0.0005598843693682664
0.0002745005935200209
0.0001047846853260119
4.796493403946946e-05
7.472357987604506e-05
0.0001409110978034111
0.0002023379912273098
0.0002284093277971668
0.0002107087849972879
0.0001643047537593543
0.0001215444382095843
0.0001204375413224939
0.000191163777569121
0.0003447870693391844
0.0005676380769492437
0.0008230566367925947
0.001060126697782431
0.001226897429910906
0.001284359815251426
0.001217127815188524
0.001037807983036621
0.0007837541723146915
0.0005072564911828293
0.0002619036059137502
8.910297451497363e-05
8.474641914798697e-06
1.471351331555609e-05
8.164018523671309e-05
0.000171872527333625
0.0002491387019816118
0.0002893373003316758
0.0002871010790117753
0.0002559571350343993
0.0002222557163678937
0.0002149300328053445
0.0002544994751356058
0.0003448314161954107
0.0004704597414630288
0.0006003188797813531
0.0006969718065756704
0.0007283528531745444
0.0006784559719277424
0.0005535898178220829
0.0003819783398757435
0.000206744526988535
7.411664431934333e-05
2.033551930858583e-05
6.110106819218125e-05
0.0001867363639539741
0.0003645926135119185
0.0005480186651951833
0.0006893292051095199
0.0007529680304962196
0.0007250899952189699
0.0006167665497884723
0.0004600245957836806
0.0002979131345341324
0.0001717981881491039
0.0001094597209585523
0.0001177416044034747
0.0001816493099733284
0.000270070533394606
0.0003462105309289181
0.0003794305172145944
0.0003548368894129381
0.0002777565269434137
0.0001717624083996457
7.103513308611468e-05
9.388729537298067e-06
9.577648683258454e-06
7.603702635000672e-05
0.0001933511372704995
0.0003308433950209513
0.0004518200419105386
0.0005245994208070789
0.0005318995009951442
0.0004757592348467079
0.0003765026601153421
0.0002661878540766477
0.000178546495334552
0.0001386480404637026
0.0001554126166508433
0.0002192074851237402
0.0003053288115597806
0.0003820531757328453
0.0004208743025376829
0.000405603531009605
0.00033757193361477
0.0002353433120393955
0.0001289539833559033
5.062706887199527e-05
2.466718398598515e-05
5.977772317447578e-05
0.0001461476071522749
0.0002582448726952412
0.00036241374715989
0.0004271616794132146
0.0004328024352118988
0.0003777582137504113
0.0002793791710041481
0.000169223748840691
8.381083173519722e-05
5.401641453227637e-05
9.575539520057395e-05
0.0002049821167236617
0.0003583985908849563
0.0005195066582672971
0.0006486154176627714
0.0007134555408464647
0.000697904099829691
0.0006059305452620402
0.0004600890304836647
0.0002948245090999675
0.0001469181786483044
4.545854431941537e-05
4.614890254620417e-06
2.077413422020833e-05
7.497513460278202e-05
0.0001396228959003547
0.0001873732569668595
0.0001995913159084215
0.0001718501065890963
0.0001149587017688153
5.121748906923534e-05
7.31162994229301e-06
5.73288013631372e-06
5.749645945454989e-05
0.0001582095896543068
0.0002886268762731612
0.0004196141567266052
0.0005201135317222975
0.0005656517722922146
0.0005452859495100029
0.0004648333309112446
0.0003454451959998115
0.0002182027395888822
0.00011584368885999
6.427106534030941e-05
7.581490576609215e-05
0.0001462594722595959
0.0002562126490493131
0.0003764749414845952
0.0004757609860889104
0.0005288482883982209
0.0005227503148000018
0.0004595806828697867
0.0003553341331707003
0.0002350334357978897
0.0001258470289017624
4.98710074248655e-05
1.867189731410842e-05
3.098516121549251e-05
7.398405611936198e-05
0.0001276809324809433
0.0001711898635102996
0.0001889162365067843
0.0001751180569907647
0.0001354792529965454
8.536609041611665e-05
4.523184121136478e-05
3.454923633685135e-05
6.584558881248177e-05
0.0001405755386273533
0.0002479718122468944
0.0003671140271477469
0.0004720121772857506
0.0005380199729525781
0.0005483687529880232
0.0004987210437852087
0.0003990289324107842
0.0002716493874492713
0.000146611614106545
5.471592883988366e-05
2.04784800429395e-05
5.623419220299164e-05
0.0001590512912161335
0.0003110970395588319
0.0004832526685247816
0.0006413886256655963
0.0007537656506421172
0.0007977080760345124
0.0007645070406189183
0.0006611279124061529
0.0005085750703719917
0.0003373653557546322
0.0001810247632520019
6.926575517060371e-05
2.197589039136966e-05
4.553305811572462e-05
0.0001320181272061272
0.0002613542171816062
0.000405742758276397
0.0005356276148960153
0.0006254648471253842
0.0006586426958258105
0.0006301726743531495
0.0005470013560147654
0.0004259730817152875
0.0002900207843411722
0.0001632769601428216
6.659292880816977e-05
1.374713156698057e-05
9.541624611373807e-06
4.962628645030669e-05
0.0001221371281953573
0.0002106175254198868
0.0002974226232295902
0.0003671054059365929
0.0004089546414206422
0.0004183477622649078
0.0003968625824169518
0.000351184915495508
0.0002912345576742868
0.0002279883845938022
0.0001713869269637855
0.0001288481985133104
0.0001044203146161772
9.877060836189883e-05
0.0001097779957073863
0.0001334799962321065
0.0001651569361495192
0.0002002803790191214
0.0002350574785756854
0.0002666996554542229
0.0002932881530382663
0.0003135291847908891
0.0003264302187215586
0.0003311309674361285
0.0003269681820501195
0.0003137297635459548
0.000291994538196001
0.0002635669899187089
0.0002316259176431156
0.0002006577121000844
0.0001759580701970268
0.0001628304763202063
0.0001655927826665322
0.0001865570317758424
0.000225243221535959
0.0002780575398118461
0.0003384934524588144
0.0003980229191453956
0.0004473800166848395
0.0004782317330203674
0.0004847947420393349
0.0004651036400908211
0.0004217068100864012
0.0003615562991872144
0.0002950147759285306
0.0002342416066745137
0.0001910807482375265
0.0001748913779509743
0.0001907044879331897
0.0002380996436680446
0.0003110270120705228
0.0003985924634878967
0.0004868650286121725
0.0005612676506772002
0.0006091256146152082
0.0006220279359908547
0.0005975451465925827
0.000539689180051812
0.0004584702097819963
0.0003681818796549314
0.0002849427243295174
0.0002238140420034676
0.000196032559674316
0.0002069927607957193
0.0002551566024647804
0.000332280286874438
0.0004248574969768101
0.0005165013534163997
0.0005909624885602942
0.0006349592815091931
0.0006406396800148082
0.0006069239841701025
0.000539643692470349
0.000450359438583334
0.0003542502831425062
0.0002671939005151178
0.0002029921007218285
0.0001708249266669473
0.0001738070877447276
0.0002085941035672762
0.0002662524006999001
0.0003340917225715582
0.0003981809747084685
0.000445859849144728
0.0004680142323306335
0.0004604774709644136
0.0004244473110759228
0.0003659356308973003
0.000294309683460299
0.0002204647218247114
0.0001547848648579827
0.0001054398601990792
7.734163625217903e-05
7.173539011873346e-05
8.648965121885554e-05
0.0001169107313241887
0.0001568196732882563
0.0001996376658592644
0.0002392838994166027
0.0002707012271606968
0.0002902588095152733
0.0002957882793869157
0.000286570908665139
0.0002634495056276391
0.0002288262590213794
0.0001868440913783238
0.000143233433483694
0.0001050641190823861
7.997592235479433e-05
7.505578442839026e-05
9.542227693488237e-05
0.0001428111589907851
0.0002145207321236763
0.0003030794056255656
0.0003968669985639856
0.0004818330604240795
0.0005439076380980046
0.0005720297816225636
0.0005605936042820806
0.0005113496665846575
0.0004336135987767996
0.0003429669609405683
0.000258342056248913
0.0001981813826942833
0.0001763155544051755
0.0001986683684463338
0.0002615694251183012
0.0003520558094663194
0.0004504299015076855
0.0005344787319037028
0.000584422857462629
0.0005874817138802625
0.0005410637549966898
0.0004535141803934909
0.0003425040391265276
0.0002310434067740719
0.0001423103393069233
9.430892335523944e-05
9.573122560033901e-05
0.0001440627337087087
0.0002262934070037297
0.000322160906040217
0.0004090685990111921
0.0004674795231339416
0.0004854627676291858
0.0004612260419389021
0.0004032044145653052
0.0003275694172198904
0.0002539820627659073
0.0002006401359396895
0.0001799821378926004
0.0001959553412806839
0.0002436331864627056
0.0003109123349829385
0.0003819428561714833
0.0004412015379277765
0.0004769713153735456
0.0004837736675901509
0.0004627285390226866
0.0004204356102045171
0.0003666867862860086
0.0003118125438750798
0.0002645203448988423
0.0002308165700817626
0.0002139942610336438
0.0002156207401185044
0.0002366802550667657
0.0002784869562886481
0.0003426507960705404
0.0004302540730533953
0.0005402123953524136
0.0006679308929316609
0.0008045197398218066
0.000937570564060303
0.001053247217715578
0.00113975741787502
0.001190880097789201
0.001208816439957929
0.001205135676292474
0.001199139458237478
0.001214036331110202
0.001271105024098432
0.001383855773661501
0.001553189610043341
0.001765384232528424
0.001993348716060217
0.002201222382444554
0.002351622183819228
0.002413252044066882
0.002367753594496856
0.002213869244925752
0.001967635132724819
0.001659127628500494
0.001326263415680921
0.001007214512959168
0.0007333511344773099
0.0005240826099081899
0.0003850213896037023
0.0003090263332376454
0.0002800162253794089
0.0002779788863988079
0.0002840995275891417
0.0002844540999913361
0.0002718941112805821
0.0002457425143718486
0.0002100378268182397
0.0001709502228971881
0.0001344161943000727
0.0001045866101415208
8.33967046553937e-05
7.116967746413749e-05
6.782517273521544e-05
7.409977990843792e-05
9.235923076445091e-05
0.0001266847486000396
0.0001823293699303499
0.0002647246618642024
0.0003783733419930115
0.0005260298771892353
0.0007081703555006416
0.0009230893953276528
0.001166988115291022
0.001434558206456571
0.001719119909694674
0.002012988045116601
0.002307691330046184
0.002593998573540017
0.002862384803229703
0.003103075562762832
0.003306583373247274
0.003463864718798495
0.003566484193501879
0.003606639621894371
0.003577468181192115
0.00347371726063863
0.003293106227975019
0.003037793692490734
0.002716779205843913
0.002346910276215564
0.001953641420556962
0.001568957861465822
0.001227985498982897
0.0009631158723910189
0.0007979557266843863
0.0007417263534135078
0.0007862933925097876
0.0009068452289245306
0.001066802893063436
0.001225257722020372
0.001346645015273409
0.001408319069114067
0.001405198199248218
0.001349001347654474
0.001262746474369495
0.001171906213951755
0.001095452631024112
0.001039877488679956
0.0009993459317793655
0.0009620948567031262
0.0009221571193325578
0.0008921171996627117
0.0009119088111975511
0.001049004172528621
0.001386887651247726
0.002003013234667161
0.002941200008481969
0.004184916057881093
0.005643779529991511
0.007156426520204916
0.008519048397256099
0.009530352538341046
0.01004992872152615
0.01004998540285319
0.009648537669258942
0.009107437345781462
0.008790753488366776
0.009086083308202438
0.01030398933972525
0.01257977114408543
0.01580184858627962
0.01959590945236829
0.0233713018846159
0.02643530767338893
0.02815369151622324
0.02812196088158663
0.02630967402141085
0.02313520942969484
0.01944125034423845
0.01636582321209844
0.01512009888133709
0.01671829693485336
0.02171269839692805
0.02999746124730067
0.04073382276030951
0.05243486861335177
0.0631905565779486
0.07102604806029457
0.07429746456619463
0.07207334637405417
0.06439479641543182
0.05236151506220148
0.03801346431785697
0.02400826276767202
0.01314658448403483
0.007851731204088819
0.009672145612201376
0.01893873657563139
0.03463596313913694
0.05451802640411065
0.07547926879975239
0.09407881019983708
0.1071615227186776
0.1124386555899989
0.1089081797678564
0.09705923983419545
0.07880146492632803
0.05712755770713485
0.03560061348758049
0.01771223887751984
0.006291715510712978
0.003011137620703056
0.008127733881258968
0.0204658101623105
0.03766556857650571
0.05661576948845001
0.07402222612823217
0.0869637036173701
0.09338200838103132
0.09238035087440349
0.08431916222090481
0.07068611863732489
0.0537838280020547
0.03628860623209684
0.02079338347978614
0.009374165058103725
0.003298283961426124
0.002872031565835166
0.007475096649193401
0.01574146941315395
0.02584693349344814
0.03584787796140325
0.0440106711753984
0.04906349994032996
0.05035677098663937
0.04789756845270195
0.04227673230257785
0.03451113642780163
0.02583270557600239
0.01747550451804496
0.01048239200678876
0.005575473471492894
0.003087352730767313
0.00296351936386328
0.004825059377757412
0.008067789692952954
0.01197866403125842
0.01585201621409086
0.01908178093930741
0.02122907888852718
0.02205264365257206
0.02151169727284518
0.01974363332421565
0.01702442824565113
0.0137200575274318
0.01023844411745173
0.00697962178373833
0.004296322532421545
0.002457482944142093
0.001624598623577167
0.00183514381575889
0.002999439962253415
0.004909608064749417
0.007263322489382447
0.009698228426112388
0.01183984447675211
0.01335026374377438
0.01398035306083318
0.01360746959175241
0.0122611413832672
0.01012403366063794
0.007510010365615593
0.00481778866134415
0.002471234912970741
0.0008484318332880079
0.000218546663305002
0.0006917441857247262
0.002195741049526753
0.004482904660758876
0.007167126453346636
0.00978782201391957
0.01188866387562724
0.01309710411748155
0.01319261549715099
0.01214853905800957
0.01014023658924369
0.007517692206226089
0.004743582601764345
0.002312649037487799
0.0006613665684772205
8.694098694299589e-05
0.0006926710715377933
0.002367127590494607
0.004803442151046431
0.007556993249587753
0.01012720601384252
0.01205344034903553
0.01300090524688955
0.01282477519067451
0.01159528700386494
0.009581973228597471
0.007196760424013964
0.004910472339002853
0.003155733278385918
0.002241693645185151
0.002293034190321367
0.003231527768490613
0.004802022291518984
0.006637541115260888
0.008350236976861557
0.00962735163944693
0.0103062070228329
0.01041412902774992
0.01015649896196937
0.009856465654104973
0.009858083571111365
0.0104155152901122
0.01159834914491213
0.01324004151996074
0.01495183395422834
0.01620677081026147
0.01648200489954656
0.01543150729644043
0.0130457421758996
0.009753780909870481
0.006426016754180235
0.004259322517308018
0.004544705776094427
0.008358385171920691
0.01623102080089392
0.02788507552206192
0.0421012508361229
0.05680417605402927
0.06935110557365767
0.07704965274370004
0.07777216883010843
0.07058943732205987
0.05624883399577734
0.03736926901200903
0.01823269250783685
0.004176644046864797
0.0005990193054036841
0.01177442960563372
0.03968557986980616
0.0831342696562436
0.1374306997064293
0.194751465766085
0.245307021671568
0.2791591010778665
0.2883658062884168
0.2691337414211412
0.2234040896176714
0.1594682416296911
0.09133238129209496
0.03663975210893463
0.01350698419988338
0.03660285162763714
0.1133327930081048
0.2408666521391785
0.4049622045376421
0.5808751052052705
0.7370357930089163
0.8406018887763284
0.8647299345886852
0.7958410532703813
0.6397917271149952
0.4253791002978847
0.2040742539280595
0.04529304394542136
0.02778151840012574
0.2275772376823975
0.7046007506950728
1.490199747589537
2.577054562765288
3.915313833192635
5.413489775061089
6.947194923227102
8.373817344283438
9.549633980858413
10.35032862075572
10.68765979881783
