# RCS in m**2 for a L=5 cm PVC cube at 22.5 degree aspect angle
# frequency = 89.25 GHz, 
# theta = linspace(0, 6.2832, 1441)
# phi = linspace(0, 0, 1  1)
17.20096555223594
16.97393311392419
16.04072546814985
14.49727310990468
12.49909360185683
10.23950481508083
7.92314472458361
5.739109574982512
3.838079588070301
2.3170133949616
1.213126854062071
0.5076787901628961
0.1379056015279716
0.01434507426589285
0.03983446225237499
0.1266843278136038
0.2091019707956455
0.2492567919318042
0.2367556489527811
0.1827178195222797
0.1105552737601354
0.04601316660675513
0.008832563341336622
0.007704392157745293
0.03918584859811598
0.09022205635654584
0.1430749066650777
0.1810041753977968
0.1930716796343817
0.1768356145483502
0.1384043360949723
0.09008812563761781
0.04648289193664942
0.02020745755769114
0.01848148481186573
0.04142128214344462
0.08239161150381015
0.1301696870259594
0.1722004332720385
0.1979865088712099
0.2016810533018152
0.1832490194902453
0.1479905783102995
0.1046966327759984
0.0630408358067472
0.03099796660413442
0.01297503081180646
0.009118731788300329
0.01586884492673349
0.02748298482856228
0.03800668017107741
0.043076809924356
0.04104836796481855
0.03317900134977796
0.02289940906425907
0.01446926104375595
0.01147814335473825
0.01566026447663144
0.02636725724521113
0.04081942056787286
0.05500683390054596
0.06493503941594342
0.06780731740510443
0.06279815921161007
0.05119550912637084
0.03592158233624831
0.02059761607863138
0.008473195613039164
0.001544299550154902
0.0001147147550483284
0.002900162970735694
0.007604461473670217
0.01175396934328241
0.01351466342791237
0.01223447374076993
0.008560298566503588
0.004118714827580161
0.0008889801064296084
0.0004873144620128047
0.003599017623987647
0.00973479979518959
0.01737906451069672
0.02446764500578142
0.02903455634880999
0.02981516921805126
0.02662142664808175
0.02037636908630408
0.01281245696323373
0.005937068982138759
0.001440324041284554
0.0002259411678667045
0.002204386299330007
0.006395896040709784
0.01129483981195893
0.01536953278529074
0.01753436048654196
0.01744979268801164
0.01556893593442337
0.01292684535112342
0.01075923938033539
0.01007525057864684
0.01132536941674917
0.01426339809104325
0.01803848475017768
0.02147764407945828
0.02345995827737395
0.02326393404269835
0.02077779699862324
0.01651558144001711
0.01144126624078174
0.006666448355303447
0.003120129515957881
0.001294527863964586
0.001141115891359611
0.002140077079524774
0.00351131532451609
0.004492411907071153
0.004591089238483861
0.003733307043042415
0.002265052858215555
0.0008141516386377753
6.148145531567944e-05
0.00050039413359654
0.002260827565009497
0.005053420708692714
0.008248554522106554
0.01106195575655335
0.01278781945699693
0.01300524590980834
0.01169715724293119
0.009246665950947109
0.006317267681411408
0.003655674562206928
0.001879000688387487
0.001309646209271163
0.001904346523693609
0.003293643629145884
0.004914073032349916
0.006189166546271414
0.006702926086209239
0.00631523209065603
0.005187277157359118
0.003715915415230373
0.002400151947208635
0.001684700232823843
0.001827153555849874
0.002827905441378361
0.004439890650345539
0.006251074336494581
0.007811170938931365
0.0087634168866741
0.008941586967123027
0.008406773501391468
0.007414955779033821
0.006329633450532456
0.005508688147382728
0.005198143112829843
0.005465112355389351
0.006186414663837701
0.007093169826423299
0.007855536121522622
0.008181232312845212
0.00789740358016148
0.006995368480051608
0.005625678713250935
0.004049720459009289
0.002562078767907597
0.001409745077149429
0.000730181619696129
0.0005245350703851904
0.0006719176717407347
0.000977224115570244
0.001236985930678842
0.001302532036662909
0.001122389549986561
0.0007529063792979463
0.0003349301135817672
4.571280921056894e-05
4.084702356262076e-05
0.000403587157545208
0.00111639031319328
0.002062173798761053
0.003054834543687998
0.003889370459522717
0.004397836540388322
0.004495549858377468
0.004204524462159734
0.003649336408269166
0.003025141859770936
0.002548371987989046
0.002401800569094999
0.002688566023575027
0.003406386716284767
0.004448007636241374
0.005626484980515525
0.006719590345032188
0.00752051794051228
0.007883725184246333
0.00775554400539125
0.007182125247981337
0.006294995073115988
0.005278399650070828
0.004326951036435644
0.003603825277756357
0.003208239342388122
0.003159846605642997
0.003401220878965656
0.003816784705606603
0.004262983356218181
0.004601432196446288
0.004728206116107971
0.004593038338103574
0.00420455794910587
0.003623375969331755
0.002943687425750729
0.002270325149565065
0.001695930646877383
0.001282834308279746
0.001054172271268857
0.0009936533887782164
0.001054217112844497
0.001172070239818449
0.00128237518464419
0.001333404559302845
0.001295813238663008
0.001165900957967793
0.0009626847658412285
0.0007206213263360959
0.0004796388457377577
0.0002754007055290134
0.0001318662223802971
5.739743584875676e-05
4.500732721320637e-05
7.606253272433763e-05
0.0001261767035788422
0.0001717379608241953
0.0001953318971888234
0.0001891769792211377
0.0001556593230961604
0.0001054959062433235
5.395611413596687e-05
1.633856292124582e-05
3.852294654464513e-06
2.080328311078314e-05
6.371366138153806e-05
0.0001224119058162805
0.0001827309498261455
0.000230153943740865
0.0002532877861586947
0.00024672792126755
0.0002123322215495939
0.0001588457278703066
9.996581916577404e-05
5.129744875500024e-05
2.684751689004476e-05
3.593390194637142e-05
8.101999208721098e-05
0.0001570120245619488
0.0002521642190964682
0.0003502859186091061
0.0004339402022160433
0.0004879112714159687
0.0005022252654358979
0.0004742182766724435
0.0004092058076039804
0.000319557741252675
0.000222512804069523
0.000137001421516846
8.009198830546617e-05
6.384386721494922e-05
9.293861035663996e-05
0.0001637420665816063
0.0002648437234903707
0.000379044016423224
0.0004863556639700878
0.000567646945086731
0.0006081111636910026
0.0006000103895074271
0.0005441733205882855
0.0004499815455809417
0.0003338239538525576
0.0002162298657630929
0.0001182536913687046
5.767533371078885e-05
4.577556131881395e-05
8.51606287261182e-05
0.00016921633678795
0.0002831413465350688
0.0004065176103328582
0.0005169760879426542
0.0005941817232699447
0.0006236354177857782
0.0005994002545468357
0.000525261022601546
0.0004141910029030972
0.0002860367442115072
0.0001639137766485625
6.992541781906612e-05
2.104662721742373e-05
2.586920765939461e-05
8.292563183992139e-05
0.0001809003488934981
0.0003007304645586339
0.0004192061577076187
0.0005134154420637324
0.000565153614969578
0.0005644633686148643
0.0005115483784480926
0.0004167164705731654
0.0002982861861163838
0.0001789267952502622
8.112249544634061e-05
2.265643344775678e-05
1.312214460702439e-05
5.210226808917916e-05
0.0001294323633176293
0.0002274948308753802
0.0003250161295462093
0.000401616850101607
0.0004420057443321469
0.0004390906623807213
0.0003951645682373047
0.0003210453762426272
0.0002333436980344233
0.0001505813425828624
8.897574427314709e-05
5.892603636828902e-05
6.306993556205434e-05
9.620419392900819e-05
0.0001471374815260787
0.0002019044063062071
0.000247513721905427
0.0002752481710860305
0.000282620317193374
0.0002735393459397451
0.0002566706256697983
0.0002423867860652095
0.0002392985720755263
0.0002513370947744864
0.0002762724233619621
0.0003061787560109003
0.0003298213842547787
0.0003363644858233429
0.0003192685942473472
0.0002793179758329402
0.0002256606834310906
0.0001743691305769302
0.0001446656129448232
0.0001536844593467891
0.0002110945433140732
0.0003151611987207321
0.0004514453615354647
0.000594976824356638
0.0007154359685421442
0.0007844195801579694
0.0007829310268788744
0.000707126535277444
0.0005706681506784595
0.0004026459331446322
0.0002414552540318576
0.0001258270383835807
8.521792928440906e-05
0.0001320108109752729
0.0002577087129321126
0.0004342678129498716
0.0006204641444107025
0.0007718390642384582
0.0008517425782691055
0.0008405647646656679
0.0007407530090904341
0.0005761681486452961
0.0003858272747846171
0.0002136974568462883
9.728764206874773e-05
5.801825142910949e-05
9.608718200234156e-05
0.0001911951715400009
0.0003088838022411781
0.0004106449396348991
0.0004648984728115554
0.0004556503043333433
0.00038636296491952
0.0002779827871355729
0.0001617368190701132
6.918176489053362e-05
2.229373501706748e-05
2.700402632100123e-05
7.204213131974764e-05
0.0001334870831605629
0.0001835227161167301
0.0002005788682283848
0.0001773362932370279
0.0001239400112453733
6.498637282716339e-05
3.113166038390755e-05
4.793682554747827e-05
0.0001256030803576029
0.0002532962835272773
0.0004004506093150891
0.0005250614200059512
0.0005870941838182661
0.0005626616374593283
0.000454410163263624
0.0002944071395796733
0.0001376243014454448
4.739508044379107e-05
7.658883741272889e-05
0.0002501180258641634
0.0005542796261461838
0.000936844600154294
0.001318621356575355
0.001613751646349996
0.001753275866972925
0.001704967424578116
0.001483484783306286
0.001147281019648946
0.0007829487264337577
0.0004809487063896879
0.0003101672799077536
0.000298575446362868
0.0004260976939070739
0.0006319570122839443
0.0008343134972510296
0.0009562707022409918
0.0009501883393184478
0.0008126584697597796
0.0005853851847666104
0.0003415502744394276
0.0001620093737702465
0.0001086986155855606
0.0002040635233392892
0.0004230511035191075
0.0007004618345409077
0.0009514504166422368
0.001098515009374248
0.001096265595951262
0.0009457559341643616
0.0006935555583096192
0.0004156812746578707
0.0001918644518797339
7.875709539326362e-05
9.130287590987625e-05
0.0001989626768802919
0.0003384738326087359
0.0004390440567311851
0.0004514454657240362
0.0003704786148533327
0.0002423553609823192
0.000152951219908701
0.0001996715561044111
0.0004555660439691917
0.000937517703163888
0.001590120483646955
0.002292279503163991
0.002886537764795582
0.003223597868537151
0.003208662348410749
0.002834975227402937
0.002192817998541371
0.001449188319802577
0.0008029222197617011
0.0004276662847007934
0.0004198268020400742
0.0007678837791444934
0.001353754314159412
0.001986871570809253
0.002461714618944623
0.002622127060121305
0.002411964698206625
0.001896138769206138
0.001244699485022881
0.0006830409333815149
0.0004233843843090095
0.000597726239211606
0.001213395944373534
0.002145571602322486
0.003169513141111367
0.004024199766023901
0.004487266672352775
0.004438730673243982
0.003893962580754567
0.002995098573703794
0.00196415956037644
0.001033178536782407
0.0003739682430186485
5.091927885282974e-05
1.285316613010768e-05
0.0001266298719786934
0.0002416532714266447
0.0002623647079726333
0.0002023600081954702
0.0001982465727438706
0.0004740001540392409
0.001263284244885048
0.002712974853124151
0.004799684608054368
0.007292299722199819
0.009779293163032431
0.01176349373115652
0.01280281124053841
0.01265906874986169
0.0114088961639949
0.009476574658265088
0.007567209661562277
0.006506268727772969
0.007019909903311673
0.009511703257404133
0.01389996360438557
0.01956866011432476
0.02545889283275803
0.03029228043014957
0.03287923403308982
0.03243703893800431
0.02883355445987138
0.02268473926059612
0.01526303352311068
0.008227267132852727
0.003225588243576697
0.001467332272422818
0.003372367642927236
0.008398704583980478
0.01511250259587369
0.0215085941609548
0.02552571142423856
0.0256497522952406
0.02146599903331174
0.01401619599746398
0.005855978568309818
0.0007634244905987638
0.003125869861634024
0.0171060149776135
0.04574416930046963
0.09017485016853655
0.1491368792573459
0.2188620901075986
0.2934480463510961
0.3656018351550465
0.4276796526498312
0.4728215113365032
0.4959900420619511
0.4947279401216493
0.4694982269566252
0.423562057425112
0.3624325213113558
0.2929783517580441
0.2223886946641261
0.1571492585580155
0.1022125725886157
0.06047458528508184
0.03264263874802433
0.01745601966450241
0.01220054125165684
0.01339285431848245
0.0174937891024944
0.0215233392653354
0.02347764900893741
0.02249820421920622
0.01879760180509103
0.01338725870603037
0.007689173474507344
0.003124543777824838
0.0007640620308429058
0.001104337159267097
0.003999117259397338
0.008741776728046824
0.01426269537504299
0.01938769203594862
0.02309626019586352
0.02472443680199675
0.02407629652907183
0.02142928283254901
0.01744052661903266
0.01298581523297047
0.008964662918564705
0.006119827022292092
0.004901667840630139
0.005402594551003136
0.007367518504559353
0.01027144834237208
0.01344320105855028
0.01620672480032074
0.01801125885935287
0.01852602710406262
0.01768585553815148
0.01568136369711709
0.01290277475502422
0.009851511951515051
0.007038553217025238
0.004890643460267587
0.003680055632696503
0.003488894584077325
0.004211048221905793
0.005587598140190803
0.007266572588153406
0.008873328686990044
0.01007849784298555
0.01065168841811441
0.01049268404313193
0.009637296274782331
0.008239198207925666
0.006533179223681026
0.004788389770981656
0.00325957658273767
0.002145775193375704
0.001562022662817382
0.001527634314332759
0.001971293068981952
0.002750576263375195
0.003681271880634054
0.00457076616124261
0.005249855527441999
0.005597854416511639
0.00555807160299369
0.00514156876769912
0.004420003132585011
0.003509671414667113
0.002549762269672348
0.00167884986556985
0.00101328832191259
0.0006305000135652133
0.0005596517404922959
0.0007800871041331225
0.001227657052377807
0.001807127439133173
0.002408580538336759
0.002925053030699178
0.003268777670236085
0.003383681681585949
0.003252434560478563
0.002897368290140053
0.002375435090886869
0.001767946085783191
0.001167182685744012
0.0006616908195420509
0.000322665570726591
0.0001933068996833486
0.000282824809229608
0.0005657705320158612
0.0009867581682786086
0.001469832147781341
0.001930748447725419
0.002290696691600365
0.002488750289340453
0.002491438935014188
0.00229797174563218
0.001939879757001564
0.001475739658998671
0.0009810891490830958
0.0005359637918830071
0.0002113023442114751
5.717463757214314e-05
9.426820220098202e-05
0.000310543905829449
0.0006634003726710022
0.001087128812670569
0.001504396845730534
0.001839843417242689
0.002033232481753521
0.00205014299768778
0.001887880100767673
0.001575794589108728
0.001169750209475728
0.000741811186646485
0.000366951517719738
0.0001092851813705458
1.038054168609874e-05
8.185439302013272e-05
0.0003036502733055706
0.0006283341754939945
0.0009904460958032122
0.001319367949978192
0.001552751222905978
0.00164824971731211
0.001591035496774845
0.001395805445993477
0.001102883037369679
0.000769426598587913
0.0004575427091205645
0.0002219756622729044
9.965423598488507e-05
0.0001035313438673773
0.0002215953636084568
0.0004211403679046694
0.0006571012927297136
0.000882431489605673
0.001058139083441229
0.001160687623065896
0.00118526800122395
0.001144439829848665
0.001062693401757483
0.0009686469933602614
0.0008868585965887077
0.0008314935309217862
0.0008034242801319601
0.0007914208972111017
0.0007769192537205876
0.0007411250945140909
0.0006722382447617395
0.0005708097004715322
0.0004515436338565932
0.0003409883332512958
0.0002714119564409536
0.0002724628117249638
0.0003627330790447145
0.0005434638777857986
0.0007961792892666632
0.001085085706664409
0.00136370240653912
0.001584463447853552
0.001708772032176714
0.001715140158407378
0.001603595271008121
0.001395135981750811
0.00112662040357266
0.0008423534515182202
0.0005846361660931684
0.0003855128627790679
0.0002617482967993152
0.0002138598552331447
0.0002292456885290576
0.0002879884836826675
0.0003695148773478114
0.0004580980668525266
0.0005456632356694048
0.000631371717601741
0.0007184198114277464
0.0008094903076003242
0.0009025568189316269
0.0009888197580220333
0.001053532791891962
0.001079742967312737
0.001053766535487313
0.0009705665998713074
0.0008371996206143076
0.0006727772699069094
0.0005047778387868141
0.0003623504128555658
0.0002684678356075424
0.000233429100627513
0.0002516472045814629
0.0003030155004745143
0.0003587027593649201
0.0003898618496850913
0.0003767433784605834
0.0003154099591385943
0.0002198829847493211
0.0001187918685930954
4.720757028149559e-05
3.598610030357064e-05
0.0001016733606207772
0.0002400995964625651
0.0004258139570110114
0.0006178144781127293
0.0007701927523952034
0.0008447173156414966
0.0008217385059552202
0.000706162745753735
0.0005265665607457495
0.0003275510432459503
0.000157480249542063
5.50733967165526e-05
3.88525031180412e-05
0.0001025285316835449
0.0002177155890090006
0.0003431974242141214
0.0004378238679498921
0.0004732993752531002
0.0004426538605405843
0.000362055856992384
0.0002651851668492532
0.0001920467741612749
0.0001756591412878415
0.0002308589490745051
0.0003487899380508474
0.0004989493800311583
0.0006381844625395543
0.0007240667403211968
0.0007283285785069624
0.0006462193476033652
0.0004987829087895215
0.0003271137462947153
0.0001803777979558984
0.0001011343449972641
0.0001124893674458363
0.000211080938184457
0.0003680066751875641
0.0005375382953064633
0.0006707576213040157
0.0007301263372721371
0.0007002353104822966
0.0005917205021534379
0.0004371087642915138
0.0002800401808071949
0.0001614742382634094
0.0001071765679397655
0.0001205011604210637
0.0001826322635758525
0.0002600476898849547
0.0003166201939170161
0.0003262715504875387
0.0002820551393591494
0.0001985931586166787
0.0001071329108672749
4.485127451760268e-05
4.196780170342515e-05
0.000110901674919226
0.0002411676731925325
0.0004017044701830289
0.0005500069607637633
0.0006451351083671828
0.0006604315068344574
0.0005919300392320705
0.0004595901320267399
0.0003010577285956055
0.0001600163638851582
7.26246493646041e-05
5.668782243216651e-05
0.0001067579884660314
0.0001968045005997745
0.0002894402465171841
0.0003486742749001559
0.0003519869579121087
0.0002978023280630537
0.0002059640784673176
0.0001110066371719882
5.054943846348631e-05
5.252742851578005e-05
0.0001254743454515433
0.0002550246396785667
0.0004077845138966633
0.0005414253588808809
0.0006176545590228097
0.0006141990537786105
0.0005316506891207205
0.0003933213949362673
0.0002381533084842965
0.0001086712965970114
3.828681108797478e-05
4.142935251562245e-05
0.000109849754045278
0.0002159945922001907
0.0003222984029599602
0.0003931733615560257
0.0004061344002760222
0.0003582762494487959
0.0002663415327881749
0.0001605521003642629
7.422089412623069e-05
3.272612348272497e-05
4.540125570426371e-05
0.00010289289876138
0.0001807960524595925
0.0002483131420794665
0.0002789550342795814
0.0002598849709389227
0.0001966911172895596
0.0001121001832403776
3.897578627530996e-05
9.726757074711078e-06
4.555961738623358e-05
0.0001489619284391765
0.0003018638081754517
0.0004699933186977301
0.0006124370436927011
0.0006931841412275433
0.0006915007614098439
0.0006078089275901843
0.0004634875133390669
0.0002945648416448876
0.0001414280270413755
3.744054450197216e-05
8.877638151253239e-08
2.693858465126692e-05
9.766925363230788e-05
0.0001813129624878481
0.0002462914033057768
0.0002702935904083132
0.0002468957746432402
0.0001870071085619308
0.0001148376261855603
5.97750575116041e-05
4.663279439035306e-05
8.741802981203168e-05
0.0001770711735095869
0.0002943943596689787
0.0004081956015522725
0.0004863092445381657
0.0005053645160147407
0.0004579969324329549
0.0003555452119702557
0.0002253730060009376
0.0001036237602742285
2.529234083357574e-05
1.463914673035191e-05
7.838660610998722e-05
0.0002037383315517079
0.0003615989093783044
0.0005142785756707293
0.0006251008404520178
0.0006679025085592161
0.0006333671213584683
0.0005308344054007448
0.0003853848945734979
0.0002307956516472797
0.0001007677745784163
2.049748448613293e-05
9.452386687707313e-07
3.719397459029211e-05
0.0001109682731294715
0.0001964964905737863
0.0002679633543639536
0.0003063508109071499
0.0003040421797774213
0.0002658332610628028
0.0002065530114029511
0.000145962919094036
0.0001026038421012903
8.834485130380327e-05
0.0001051888734262955
0.0001450655803263656
0.0001926469565722695
0.000230251522753964
0.000243350263215475
0.0002251685324166047
0.0001790033434134644
0.0001176564352568761
6.00618238911748e-05
2.615250434387243e-05
3.120987368043359e-05
8.131900413298151e-05
0.0001711513305296697
0.0002846202781893208
0.000398455540051345
0.0004876588160164011
0.0005315147387234495
0.0005188817551427898
0.0004511668901757287
0.0003423437556619817
0.0002161638987535114
0.000100838331469437
2.286276911671345e-05
9.775036755237868e-07
4.199610658370178e-05
0.0001392210939140107
0.0002738131090634866
0.0004188691866615148
0.0005451794808252672
0.0006273427851124948
0.0006491152062195073
0.0006065840482195764
0.000508797259491527
0.0003756899060085096
0.0002337175550994327
0.0001104831485419246
2.912679327836851e-05
3.887207097058955e-06
3.764374370361332e-05
0.0001217660566561606
0.0002382148454012185
0.0003634910990555661
0.0004732982662468774
0.0005472938581014615
0.0005726879509457095
0.000546308489849241
0.0004746873400636508
0.0003723234832088836
0.0002585586603865072
0.0001538190490488104
7.575854613125501e-05
3.635024843589731e-05
4.003422083362883e-05
8.343663279919949e-05
0.0001564949547219101
0.000244619428763745
0.0003315425080178002
0.0004022525567285753
0.0004454108459135737
0.000455051430903241
0.0004311908991151726
0.0003793921920715663
0.0003095085682368767
0.0002337039891525049
0.0001644348744797524
0.0001123695392120067
8.483245560003005e-05
8.48918412127462e-05
0.0001111223026740527
0.0001581192551467967
0.0002175269506703627
0.0002794845567959944
0.0003342013036231524
0.0003733893441710422
0.0003914775868283313
0.0003863220044814696
0.0003593926482187974
0.0003154655090085028
0.0002618039614081689
0.000207009443073121
0.0001597216250387186
0.0001272871116151987
0.0001146779845543537
0.0001237157035492709
0.0001528393197280485
0.0001973077250315274
0.0002499768360357277
0.0003023721682634996
0.0003460836765399805
0.0003740434957907782
0.0003817438390643822
0.000367963429018472
0.0003349838544656547
0.0002883001764051725
0.000235698722995658
0.0001860001720212052
0.0001475953383844948
0.000126993733903765
0.0001277185221451275
0.0001496413401282119
0.0001889700127354291
0.0002388841010303602
0.0002906566861294708
0.0003351679038841193
0.0003645233165348134
0.0003734255038589548
0.0003601537312171927
0.0003268720435512429
0.0002792717788174655
0.0002255932280502662
0.0001750859487264708
0.000136419535162942
0.0001160428954054218
0.000117043889939304
0.0001385740767405763
0.0001759991832005406
0.0002217483080988065
0.0002667761404386036
0.0003021719815085249
0.0003208655924360323
0.0003189287892568829
0.0002962769629574356
0.0002566419678059107
0.0002068945895838855
0.000155620751362822
0.0001115733044195877
8.193033557310934e-05
7.101599282100284e-05
7.947946008408475e-05
0.0001042657904064384
0.0001392411382411124
0.0001764575626631381
0.0002076950563966201
0.0002260861496452339
0.000227360256068963
0.0002106766763895828
0.0001786682488523002
0.0001368506689657959
9.253613759129884e-05
5.332141500563699e-05
2.565806994886047e-05
1.362300080195549e-05
1.821187984910183e-05
3.722918371235104e-05
6.580913523619979e-05
9.742043189535013e-05
0.0001251938750193805
0.0001432209401517014
0.0001477239264188434
0.000137700505566432
0.0001150886690311179
8.431279314217843e-05
5.146076912631201e-05
2.303396510708837e-05
4.729923286435584e-06
3.330408994176192e-07
1.099171575884808e-05
3.497803879006001e-05
6.79887506990978e-05
0.0001039531963897488
0.0001361637914265638
0.0001585653683047114
0.0001669757211264101
0.0001599389439332707
0.0001391283497505308
0.0001091710441020657
7.684317189409836e-05
4.987339341933586e-05
3.546477497851397e-05
3.890463757002961e-05
6.243739376523344e-05
0.0001047219750270934
0.0001609564019584535
0.00022372845512633
0.0002843232652886149
0.0003345035197904022
0.0003680424572844419
0.0003821012872068582
0.0003778312180473955
0.0003602071480287433
0.00033717625307874
0.0003180749488497685
0.0003117741297393313
0.0003249686062122954
0.0003606882778172643
0.0004176557560600248
0.000490464355037403
0.0005704278579343494
0.0006472960021189821
0.0007110944065434708
0.0007540943192924626
0.0007723164764197896
0.0007664982722999464
0.0007421027886062833
0.0007086785044094105
0.0006781897452829274
0.0006631566063284903
0.0006743460714230055
0.0007187055841006951
0.0007977889379519175
0.0009069886072744731
0.001035687322266191
0.001168530403796529
0.001287604348731209
0.001375185292830318
0.001416847119966248
0.001404088244915985
0.001336265966856228
0.001221198498381602
0.001074242747557673
0.0009160928225215505
0.0007692790270105159
0.0006542431207927914
0.0005857339641136344
0.0005700432256876774
0.0006037998422241265
0.0006747444323242489
0.0007639490609699265
0.0008494899199996644
0.0009106950676833988
0.0009317776738594516
0.0009047158077411541
0.0008302287959094498
0.0007172050707926684
0.0005805202966929938
0.0004379236377777166
0.0003065610576920054
0.0002002185729141508
0.00012727340605822
9.010397054985057e-05
8.56878518812718e-05
0.0001070502381943807
0.0001452197639902282
0.0001911577606980436
0.0002372262470627154
0.0002780803991222669
0.0003111591941875666
0.0003363408601429441
0.0003556652966100885
0.0003728191701075204
0.0003926878048496896
0.0004209580204283079
0.0004636096743005864
0.0005263501009871222
0.0006138740532476002
0.0007288965886836908
0.0008712730857824199
0.001037318937873917
0.001219637373500199
0.001407518774087055
0.001588175893183349
0.001748732963601692
0.001878275173765895
0.00197023340496633
0.002023832166546471
0.002044884936072231
0.002045191666995544
0.00204016233913933
0.002045799393742432
0.002074805939083363
0.002132716933955031
0.002215418531156678
0.002308255460360218
0.002387744950102576
0.002425620081358989
0.002394891504124553
0.002276339412658334
0.00206449972937299
0.001771351821777995
0.001426206692428538
0.001072040748083459
0.000757789408856296
0.0005291997699060386
0.0004190234123449473
0.0004400184599944323
0.0005819054593577689
0.0008134869981654436
0.001089465987212936
0.001360548215605438
0.001583572941923242
0.001730006139909661
0.001789706766438448
0.001769696089193988
0.001688626890795435
0.001568973816604704
0.001430376345770235
0.001286075905877659
0.001144507042366702
0.001015138720368318
0.0009164170221045066
0.000881512579868822
0.0009588963992070977
0.001204656480851276
0.001667429517816789
0.002368807505608252
0.003285950236612235
0.004342420231615903
0.00541394680152562
0.006351138721521299
0.007015466431514234
0.007322084362068472
0.007276298407236812
0.006991692540027481
0.006680568614910099
0.006613085776292965
0.007051320993459784
0.008172223132622626
0.0100007454386972
0.01237275768833872
0.01494739570994832
0.017269905371611
0.01888268458478619
0.01945529652757805
0.01890679088338943
0.01748097841788696
0.01574802629007208
0.01451660457076679
0.0146676402202511
0.01693663607421567
0.02169358733098102
0.02877832992678213
0.03743398125853643
0.04638301838469755
0.05402967610612044
0.0587819255103705
0.05940424222550564
0.05535396469387565
0.04699411530026152
0.03564092283989496
0.02339853942714189
0.01282176899072497
0.006423016052844127
0.006167061459978195
0.01301281318230489
0.02663454747739721
0.04537700906685909
0.06648886139471909
0.08656475586459383
0.1021769939120215
0.1105079659864764
0.1099221549898276
0.100312323091994
0.08317047556471235
0.06135661442035489
0.03860270859773399
0.01883184714249872
0.005461242637112083
0.0007643949400378283
0.005472177489559023
0.01864718804791623
0.03786669043456527
0.05968877273562314
0.08027099600131092
0.09607637866466451
0.1044752298111246
0.1041845634396703
0.09543770821190882
0.07987966449246697
0.06021114185844671
0.03967531729138701
0.02145795003966257
0.008159857136100514
0.001378692997807362
0.001518704629103185
0.007804826091355157
0.01851180135895196
0.0313284351631378
0.04380358184078996
0.05375803676798131
0.0596316852544948
0.06067115365117286
0.05697666373975033
0.04939228322456518
0.03929147861226959
0.02829048628358581
0.01797040984858007
0.009627042559983416
0.004110816210853662
0.001749579201941872
0.002373554153280917
0.005407197759554914
0.01001129861123744
0.01524346343898157
0.02020363933679678
0.02415222851363277
0.02658592981340913
0.02726497132228354
0.02620548310840774
0.02364061853372544
0.01996247096303166
0.01565974386700629
0.01125161465686057
0.007233120439889103
0.004024928215548128
0.001934411315525818
0.00113080935369908
0.001629401949500981
0.003291583428087363
0.005840420987665834
0.008889946616366098
0.01199251902466085
0.0146921244190264
0.0165867319565283
0.01738506323516777
0.01694997896518304
0.01532411728844256
0.01272836841143104
0.009532817043619834
0.006206371544776666
0.003244115664103733
0.001094914157048861
8.770380010137907e-05
0.0003802997566164942
0.00193094766297004
0.004503372451889687
0.007700385390413888
0.01102676233257317
0.01396206071444207
0.01604765739481166
0.01695280735994948
0.01653101467526292
0.01484212893546824
0.0121457218744173
0.00886202700842776
0.005510753858955126
0.002630772094865778
0.0007011158598318946
6.53806151283622e-05
0.0008785510070538098
0.003078842130687208
0.006390641033160144
0.01035890416848504
0.0144125798802202
0.01794304526584048
0.02039748626654707
0.02136366056013703
0.02064372679872786
0.01829798585817435
0.01465449170527093
0.01027935219248765
0.005904448918285276
0.002327158368509972
0.0002848606477001782
0.000327126492736803
0.002706779358350095
0.007306225874341594
0.01361712684494703
0.02079054871454281
0.02774412734943627
0.03333590637166948
0.03655840451366272
0.03674371017779678
0.03372465575889799
0.02792820812918293
0.02036236797223972
0.01249905603324792
0.006041189797865304
0.002626664944371411
0.003495488033134707
0.009202070484400811
0.01941954766198322
0.03290568325756089
0.047637610304997
0.06113877036899213
0.07092414601816069
0.0750197442146439
0.07242662811185922
0.06345062452959475
0.04979284661841941
0.03435112625174326
0.02075331380659552
0.01266152894969096
0.01298608665688681
0.02316926673716721
0.04269694642060558
0.06896777610764293
0.09763277282981211
0.123325528738749
0.1407563438716403
0.1458803948181305
0.1369711523013174
0.1152767257194051
0.08510121238792946
0.05317805655225313
0.02743671076093539
0.01529447669338576
0.02188996331839944
0.04859345807623701
0.09221694323908973
0.1451928391830084
0.1968498158030966
0.2355435014946496
0.2513991723323855
0.2389383722569937
0.1990709787987498
0.1397942457999923
0.07523517837922693
0.02306843540755128
0.0005779966496354538
0.02018834260965502
0.08545614991566838
0.1886275728813357
0.3105696248361316
0.423847799338576
0.4984787822363413
0.5100171428856473
0.4482263515635508
0.3247650259096811
0.1779111051223788
0.07267486833721502
0.09537065136959545
0.3428194024178284
0.9072582583178916
1.858777468702861
3.2293046235206
4.998990254942501
7.091437599057172
9.374730024492068
11.6734359983362
13.78863323404238
15.52101817973643
16.69896291207856
17.20095890446922
