# RCS in m**2 for a L=5 cm PVC cube at 22.5 degree aspect angle
# frequency = 90.5 GHz, eps=2.766+0.035i 
# theta = linspace(0, 6.2832, 1441)
# phi = linspace(0, 0, 1  1)
18.8605970055503
18.36534433896034
17.10344381341121
15.2030576908113
12.85562926670416
10.28909227097442
7.736389033990931
5.404539878223213
3.44939051736272
1.960054159835572
0.9548109137357216
0.3885810066496547
0.1696533819156089
0.1819057122518199
0.3079529840234437
0.4489348575227272
0.5376851184773287
0.5436588345594087
0.4697753097653594
0.3430768399140808
0.202049404001845
0.08390347515919729
0.01462300080943848
0.003653122827256882
0.04372871218761434
0.1151044302904801
0.192457316656049
0.2523046106635219
0.2789686088916069
0.2676736074809125
0.2243495594152273
0.162604117636473
0.09901457280687229
0.0482384442292778
0.01928650847726526
0.01385960467560852
0.02695318376216017
0.04928788756102367
0.07065084654339916
0.08307532987808942
0.08293305351245973
0.07145141192030094
0.0536560757737041
0.03623891125208042
0.02511370806307217
0.02345873615710585
0.03082622334464916
0.04352641706254532
0.05607008340146398
0.06314357455705917
0.06144753596467623
0.05080850861957026
0.0342329462379821
0.01692660490655453
0.004614422766183365
0.001716919483464184
0.009953490709297541
0.0277929104431678
0.05090052486394919
0.07341281377029722
0.0896282711136417
0.09560407053853021
0.09017557148933221
0.07513666307848751
0.05456211046580644
0.03352982264591212
0.01664166161394568
0.006804607693521777
0.004601898156729883
0.008402828833224718
0.01511335719438084
0.02129183031861144
0.02425578009893951
0.02284321908575576
0.01761938521815684
0.01051136301670471
0.004035612415680391
0.0003967191375773651
0.0007568548281521719
0.004902913747083718
0.01138767484729751
0.01806941975862407
0.02284388439641211
0.02432009848765215
0.02221833312020027
0.01738080038652033
0.01141493764597596
0.00611039812716563
0.00283950781332348
0.002141949290871173
0.003621430382837994
0.006173226285013405
0.008445299424396554
0.009363248522077251
0.008533456190582463
0.006388052692343713
0.004026371875154693
0.002814392394086047
0.003882200390471653
0.007693830381500106
0.01383459618699615
0.02108827068817264
0.02778011327448294
0.03227096473044678
0.0334496553516228
0.03106072750752152
0.02577453112094745
0.0189742626085567
0.0123438078781968
0.007375348520313733
0.004960686504353107
0.005179137405021753
0.00734020211772515
0.01025356399853395
0.01263096949494143
0.01348969225588051
0.01243304930479891
0.009729613544998688
0.006178977571796539
0.00282147412798418
0.00059189389448372
2.966257454627201e-05
0.001134340975268617
0.003400816820663176
0.006012501776171382
0.008119974116238549
0.009110455263888923
0.008783541125534899
0.007381780614403707
0.005476583198945053
0.00375500770344912
0.002783416936469664
0.002826267315529542
0.003775574258285916
0.005208845751089795
0.006549439025208842
0.007270759263004211
0.007075738364870914
0.00599209757976341
0.004356266713889346
0.002694748622363965
0.001545035842485944
0.001277372838720978
0.001975457064983595
0.003412943247176285
0.005132366317020722
0.006597957114793893
0.007372053443530453
0.007258088189189783
0.006365028487601875
0.005074660793048261
0.003921388644212845
0.003424734078402847
0.003924760167516554
0.005472502034375732
0.007805729752860515
0.01041822541028755
0.01269835258199177
0.01409833030478149
0.01428123208203661
0.01320785202738458
0.01113881953184258
0.008554846350565481
0.006022264084661114
0.00404193807385169
0.002925777960571951
0.002731483310085035
0.003271088700345519
0.0041849030330209
0.005055970171071769
0.005529846551493858
0.005406317400313117
0.004679926338496866
0.003522025635023222
0.002214392155490584
0.00105830116784339
0.0002862373543473906
2.093720862877951e-06
0.0001645454638759913
0.0006146473323402639
0.001136150970047719
0.001527864883097391
0.001665761165804329
0.001536923826674618
0.00123705587866943
0.000934222641562915
0.0008117437859041313
0.00100846361171969
0.001573768636007552
0.002450787451885116
0.003491323152151421
0.004497341035494051
0.005276080485292914
0.005693056873786739
0.005707545113875677
0.005382184502557302
0.004863357695216002
0.004339951216491422
0.003991771638679461
0.003941979679176719
0.004225710753241504
0.004783159396512641
0.005477823189850572
0.006133384966578137
0.00658044031637981
0.006698923090597723
0.006446968468780408
0.005869110066680632
0.005082253607512335
0.004244537067974557
0.003516206339696836
0.0030213397408288
0.002820667457396711
0.002901206378455209
0.003183947329347244
0.003546779114007669
0.00385617965611102
0.003999061967997445
0.003908244460123557
0.003574337774841298
0.003044472776685343
0.002406995170739923
0.001768359227721013
0.001227973271921737
0.0008563394247921561
0.0006821412014575926
0.0006898275804388653
0.0008274926798151679
0.001022326163372517
0.001199068187499997
0.00129720975382886
0.001282835453392197
0.001153225899698735
0.0009337108094191771
0.000668350512289096
0.0004076415513145066
0.0001957775676955662
6.128457042362057e-05
1.213192578974057e-05
3.645644674385289e-05
0.0001078585007217641
0.0001935275232193654
0.0002629923340690233
0.0002952464821701827
0.0002827656073824533
0.0002317307472554494
0.0001587549763672762
8.551190077249255e-05
3.223811382824704e-05
1.261892513335612e-05
3.048484280552869e-05
7.940501808091885e-05
0.0001449221668195637
0.0002087286262826752
0.000253527272856987
0.0002675113277770488
0.0002471631240803169
0.0001979704819805743
0.0001328618779977242
6.88928558091194e-05
2.302325107549223e-05
8.079171459127534e-06
2.971602882808128e-05
8.51802169867394e-05
0.0001640021084441751
0.0002504332991342275
0.000327002649379692
0.0003783890818446226
0.0003947146185136656
0.0003736099781529865
0.0003204874998771202
0.0002473706679099985
0.0001701355893261105
0.0001052029964574157
6.608889324587287e-05
6.077912011580596e-05
9.024712773812927e-05
0.0001484543773159962
0.0002237875726593388
0.0003015309503003758
0.0003668270515436729
0.0004076143251803492
0.0004168253010898142
0.0003935855137635918
0.0003431471600345494
0.0002756590465526465
0.0002041115176968036
0.0001417934702121379
9.984642503129337e-05
8.533748802447156e-05
0.0001000983889520113
0.0001406181580766019
0.0001988549208045954
0.0002637975258496608
0.0003234789358563203
0.0003670710296381254
0.0003867745193629577
0.0003789706570846657
0.000344897266343191
0.0002903029826916474
0.0002244886137837723
0.0001587336476934395
0.000104463277630433
7.127420192886719e-05
6.531859400234263e-05
8.814931990954353e-05
0.0001362799435755912
0.0002016014511720424
0.0002725403576109088
0.0003360004089493819
0.0003796237284647615
0.0003940752061266685
0.0003750568784956985
0.0003244881594735953
0.0002506025961950547
0.0001668589664721449
8.971696325093523e-05
3.555597004343475e-05
1.738801806739847e-05
4.187212634244347e-05
0.0001074078711288659
0.0002037629542301798
0.0003135253357450028
0.0004151866566907434
0.0004874606147055687
0.0005139144631249455
0.000486951494824389
0.0004101893085023076
0.0002985792582936547
0.0001759774382996288
7.050859469942239e-05
8.595888281634947e-06
8.920272114920723e-06
7.764253488674128e-05
0.0002061480988951543
0.0003719502887790048
0.0005429096104586253
0.0006838309531642796
0.0007642481499575821
0.0007655316369020574
0.0006857263487590476
0.0005407131707427566
0.0003613984955334799
0.0001872933613434953
5.786756662901074e-05
3.609689959754716e-06
3.895699491679901e-05
0.000158729728502792
0.0003390670065354916
0.0005427321663868853
0.0007275095996630264
0.0008558714504703885
0.0009032715764026513
0.0008634522698946067
0.0007491677560756338
0.000588370228852969
0.0004169450444547989
0.0002696969946189966
0.0001722879021698048
0.000135846759815355
0.000155799186314409
0.0002149654065360752
0.0002898045949665807
0.0003579302996591166
0.0004046607240466763
0.0004266686641844364
0.0004316201172544075
0.0004341885620462296
0.0004496741483359388
0.0004873852545695858
0.0005460163056165168
0.0006127157621725237
0.0006662426280425062
0.0006835337538826062
0.0006475604175719422
0.0005542072022344346
0.0004154612409752013
0.000258052699071402
0.000117134285254171
2.701406652449103e-05
1.117476728111927e-05
7.492967360416842e-05
0.0002028540312172939
0.0003621672469940577
0.0005111718841150477
0.0006106281452911841
0.0006345930221111818
0.0005775597181773129
0.000455713262329535
0.0003017543369886638
0.000154859505897184
4.889410548623191e-05
2.474928869077947e-06
1.416305476732875e-05
6.427581881143942e-05
0.0001228469966350582
0.00016109305111828
0.0001625961907827162
0.0001302389281653135
8.635824128555907e-05
6.557036768641534e-05
0.0001023695748908828
0.0002174977976547558
0.0004076785191200132
0.0006426293809958411
0.0008710639423491153
0.001034486107442473
0.001084978273438299
0.001001514107260868
0.0007992162533187388
0.0005285347020061564
0.000263068458493854
7.988224496073771e-05
3.743611907032599e-05
0.0001579622765117651
0.0004199735434032137
0.0007635069900383395
0.001107047110868589
0.001371017435407283
0.001500924010938964
0.001483118193893486
0.001347434349470571
0.001156640195418564
0.0009853379350901698
0.0008951674231369214
0.0009143766270873064
0.00102849956105936
0.001185276482170714
0.001312488106888809
0.001343038562687157
0.001238710753666796
0.001004959758307092
0.0006911878833361598
0.0003761176551519092
0.0001429427792354731
5.194660978686568e-05
0.0001202301613984121
0.0003151998424777808
0.0005645781394124301
0.0007798554732086225
0.0008855014552330109
0.0008441949921996245
0.0006692452926103944
0.000419734602269708
0.0001796266334418024
2.788177617777491e-05
9.904553189752222e-06
0.0001206207052839613
0.0003058467391717128
0.0004823214506402829
0.0005701470262722377
0.0005264604563636387
0.0003681910383083059
0.0001745092582351184
6.62752085698133e-05
0.0001676220542217605
0.0005615445772875515
0.001254210800589915
0.002161357462058656
0.003123086109663613
0.003944961548609022
0.004453792890058137
0.004551084494168766
0.004247191702010273
0.003663209922415182
0.002998919134215285
0.002474628219020268
0.002264013483125791
0.002439367965497401
0.002946480896915843
0.003618250922422136
0.004224388794885687
0.004541809429711694
0.004424688384021081
0.003851246071713577
0.002932415630263067
0.001878854639072682
0.0009357793706347609
0.0003071002850724315
9.291865656887913e-05
0.0002609605735656247
0.0006620430884816057
0.001084663929441534
0.00133080859581766
0.001287447338759103
0.0009685988678267084
0.0005126291611776537
0.0001335088794108092
4.182921094159336e-05
0.0003617587171741239
0.001073897947625283
0.002006262609174847
0.002881280625074855
0.003406255991516857
0.003380085074977617
0.002779738441883543
0.001793807594245312
0.0007856688886971165
0.0001908015231480497
0.0003758433375519949
0.00150317574183105
0.003447911157633027
0.005802243001450934
0.007978717510719794
0.00939038424647835
0.009662015728001436
0.008806937146845812
0.007307748513139901
0.006060482668769835
0.006178299084486722
0.00869284379256588
0.01422547648179626
0.02272105898977491
0.03333022809701566
0.04449166014701312
0.05422701159637868
0.06058819451978796
0.06216371755917266
0.05851635891221828
0.05043232497951624
0.03989580608940425
0.02976810940891026
0.02321629953994585
0.02301298978764845
0.03085651003845965
0.04688086695602308
0.06948452539024751
0.09554098953522244
0.1209721572088424
0.1415776759288987
0.1539498780918192
0.1562761065207094
0.1488439343365827
0.1341211433039525
0.1163830565498578
0.1009271237025725
0.09304313490796319
0.0969299951502709
0.1147874702049827
0.1462658947846035
0.1883912490063077
0.2359938864227018
0.2825512575504665
0.3212837951343606
0.346326140834728
0.3537033580853304
0.3419749868755677
0.3124231831184267
0.2687711762361276
0.2164931596591521
0.1618714331804429
0.110969501627259
0.06871413016120341
0.03825028168656888
0.02062642619105118
0.01488420975725206
0.01846319945614328
0.02783195568613537
0.03920878114081644
0.04923272742889667
0.05547115776614518
0.05669315870145953
0.05288806382583448
0.04506221239143646
0.03487663763325108
0.02422078295937881
0.01480797956702194
0.00786764667653733
0.00397900468710397
0.003057406213523867
0.004473252143857476
0.007261320689483476
0.01036391123043826
0.01285704719824061
0.01411436012952537
0.01388607518374885
0.01229007943880432
0.009728553809613599
0.006759839268701213
0.003956517107814665
0.001782107583789785
0.000508824251061507
0.0001872340703880416
0.0006665285375982062
0.001654876011279654
0.00280056567775553
0.003774647348944778
0.004337483275616792
0.004377149217410465
0.003915902895794221
0.003087126091793379
0.002091760975722116
0.001146202573968066
0.0004330061491266642
6.538398254492589e-05
7.056099773615889e-05
0.0003933910270794151
0.0009170883353250754
0.00149464804920552
0.001983210323046668
0.002273861894810871
0.002311118191233865
0.002099393397081895
0.001696232420424615
0.001195272133149021
0.0007035213911620864
0.0003178763130472975
0.0001061128117594984
9.536012519801211e-05
0.0002699027317839364
0.0005777796179506921
0.0009439328708505939
0.001287026864818387
0.00153599692160867
0.001643204812970188
0.001592106259739414
0.001398166233646544
0.001103618709204613
0.0007674921119621244
0.0004531567580162723
0.0002159846345233752
9.3476912140347e-05
9.928292220593654e-05
0.0002222822907929287
0.000430207579102094
0.000676975345602683
0.0009120380583103865
0.001089976966473526
0.001178499091806071
0.001163548603091951
0.001050780335461971
0.000863389510851547
0.0006368668541830488
0.0004118804901510343
0.0002266232318811284
0.0001100483126011807
7.715537056027347e-05
0.000127047113038453
0.0002439468610989317
0.0004008430953033068
0.0005649383457953653
0.0007039161425225836
0.0007917332369218285
0.0008130050899878886
0.0007652384142786647
0.0006585935968646579
0.0005133846645211051
0.0003557832134814358
0.0002127698232977925
0.0001070907829560547
5.333169473908628e-05
5.5667350935455e-05
0.0001077046871010706
0.0001942868360981088
0.0002948615916558993
0.0003876688514583401
0.0004539033023925146
0.0004810648631123578
0.0004648811232383833
0.0004095180270744103
0.0003261233049312972
0.0002301285337700859
0.000137934263825533
6.366065693426484e-05
1.667965524435865e-05
3.389789522890838e-07
1.206962582451704e-05
4.471150398799831e-05
8.865652865000898e-05
0.0001342401513465305
0.0001737980052534679
0.0002029337326379684
0.0002207558735011758
0.0002291475011832273
0.0002313710592118638
0.0002304429003261762
0.0002278534700921553
0.0002229451357455797
0.0002132225163897969
0.0001954643500943469
0.0001673626709948635
0.000129131097917107
8.462253932179494e-05
4.149826397093508e-05
1.026968168266579e-05
2.362000980860817e-06
2.755194886361944e-05
9.141166056866022e-05
0.0001933724856522727
0.000325963678600777
0.0004754936913050556
0.0006240844469461883
0.0007526899704424664
0.0008444808883191567
0.0008878335007587171
0.0008783259999751148
0.0008193387373302298
0.0007212267931016838
0.0005992881780571756
0.000471072772049291
0.0003536899747023641
0.0002616368906373351
0.0002054685106293416
0.0001914121699288412
0.0002216985593387381
0.0002952095811655488
0.0004080841027141706
0.0005539199211000566
0.0007236713317664866
0.0009053173319516625
0.001083732892123601
0.001241294584870617
0.001359384474046737
0.001420837608322635
0.001413050138125839
0.001330977839168525
0.001179314607334464
0.0009730436185215022
0.000735969246630969
0.0004973256786929254
0.0002869689013159817
0.0001302872792587196
4.385746026283827e-05
3.299623399801156e-05
9.175252135824244e-05
0.0002053288177883235
0.0003542297202442581
0.0005189844789597543
0.0006842143463208856
0.0008407879115869824
0.0009856630779920667
0.001119563041034975
0.001243341814484164
0.001354393375418787
0.001444477922482875
0.001499883959678327
0.001504216746624711
0.001443174709205077
0.001309934646378699
0.001109458306694749
0.0008602145338247435
0.000592355319251525
0.0003424321694451948
0.0001458391289367905
2.874426315047069e-05
1.771325258881074e-06
5.718946992561728e-05
0.000170556847401492
0.0003065582895899494
0.0004275560851666876
0.0005026691861306343
0.000514896037923772
0.0004644651534233128
0.0003675089816662441
0.0002505477637504774
0.0001424657921512042
6.634320565998398e-05
3.342843093891111e-05
4.103483273836654e-05
7.476482847436485e-05
0.0001142431499958903
0.0001404663833945685
0.0001424043354185697
0.0001207770813390503
8.779380292508263e-05
6.298806785319701e-05
6.645969730204322e-05
0.0001116982079755039
0.0002003064990441202
0.0003203193484154406
0.0004487305232567261
0.000557536431840925
0.0006214375982206182
0.0006249127393481339
0.000566531371868259
0.0004592592715984592
0.0003266156388443628
0.0001961327135538244
9.194155797997129e-05
2.88508982202307e-05
9.552383243104072e-06
2.565559843541452e-05
6.193768906314953e-05
0.0001022608092548819
0.0001350930446532282
0.0001568302759662668
0.0001719238708239323
0.0001898978957471872
0.0002204867412647487
0.0002686781593994237
0.0003315303707761689
0.0003979379934910104
0.0004515511953672733
0.0004758917627524227
0.0004599843638713853
0.0004025336461123867
0.0003131984949011484
0.0002103876486604975
0.0001162274165438657
5.024372349012122e-05
2.375807361294541e-05
3.68252200186161e-05
7.866116836146148e-05
0.0001314603030053491
0.0001762766944519779
0.0001991813406169113
0.000195551415516486
0.0001712406788376202
0.0001401896199023662
0.0001194010061419266
0.0001228236917245863
0.0001563111179919225
0.0002152163106896125
0.00028549956648915
0.0003478856352601423
0.0003838703422029202
0.0003814610996411359
0.0003389632430349028
0.0002655038534132492
0.0001782480967435409
9.719396344701404e-05
3.92719641774711e-05
1.362643381959421e-05
1.953419630172812e-05
4.751398050504212e-05
8.317266177088995e-05
0.0001123940048917603
0.0001260996419323033
0.0001230476529573471
0.0001097819980839694
9.775472345553136e-05
9.883011049035614e-05
0.0001205895947064853
0.0001631294891878295
0.0002185060523355343
0.0002728635715695743
0.0003107791586184361
0.0003201233218571776
0.0002960648803746471
0.0002427064083266531
0.0001719521825073063
9.985597539314943e-05
4.181675651871892e-05
7.968139682274643e-06
4.750699439396992e-07
1.340545170460516e-05
3.528909176297354e-05
5.341885066642225e-05
5.848696430017654e-05
4.794546622366966e-05
2.703048266042219e-05
7.048771531694366e-06
1.485637807652395e-06
2.120653301770836e-05
7.03140522037094e-05
0.0001440112599279435
0.0002293126301957965
0.0003082676784294568
0.0003629653612872432
0.000380662051676637
0.0003574663178417263
0.0002995748520153051
0.0002215740996444209
0.0001423389407888379
7.982891441885544e-05
4.623932372069707e-05
4.497485250881699e-05
7.024263022095491e-05
0.0001093310159743469
0.0001467587999203091
0.0001690481356057303
0.0001685779927542478
0.0001455195405665794
0.0001072481977773707
6.558029943462849e-05
3.278572034310707e-05
1.76310665501326e-05
2.270301784336142e-05
4.385482365321875e-05
7.182882683472679e-05
9.553469078010953e-05
0.000105907902525012
9.907799153616739e-05
7.786720732835063e-05
5.112900986439191e-05
3.10729546328764e-05
2.943191283358453e-05
5.360727886438249e-05
0.000103976579579024
0.0001731675584527678
0.0002476779128360137
0.0003111976642366733
0.0003489915868957993
0.0003518512976344548
0.0003186945898418127
0.0002569956306963296
0.000180990232378141
0.0001080261996932798
5.428398856599658e-05
3.073346549973858e-05
4.061896430214419e-05
7.896530881084364e-05
0.0001341584838184925
0.0001911951584224674
0.0002355550377871612
0.0002567660441456225
0.0002506891792264001
0.000220024991954562
0.000172988732647289
0.0001207425582112785
7.417877999378596e-05
4.119870016630653e-05
2.495879484269748e-05
2.367949355232588e-05
3.185346813567985e-05
4.241998375046065e-05
4.923026124301136e-05
4.903960864267009e-05
4.245098189159814e-05
3.355793927427844e-05
2.846765801614898e-05
3.310767922774753e-05
5.105444654290691e-05
8.200542765463131e-05
0.0001213725162043697
0.0001611843090027516
0.0001920476597999819
0.000205692609478475
0.0001973566191994382
0.000167442307560053
0.0001218551456587475
7.097276257622843e-05
2.73925713142237e-05
3.017163794833085e-06
6.139893548440422e-06
3.928908498040602e-05
9.832973014415346e-05
0.0001731263821627386
0.0002495218699778552
0.000312420971308313
0.0003489824536571977
0.0003515171060516951
0.0003192127708937478
0.0002583898749750003
0.0001812701837327656
0.0001034678195400897
4.073136502594368e-05
5.761759685174464e-06
5.605702369299605e-06
4.030413909424812e-05
0.0001029626886164125
0.0001812041139133342
0.0002597450672176951
0.0003234328610349253
0.0003602035659818138
0.0003633850537775397
0.0003327869556507929
0.0002746092811149867
0.0002000730894721992
0.0001231134704187708
5.773765131303749e-05
1.537635092092628e-05
2.906582524805989e-06
2.153127940835523e-05
6.680410983078667e-05
0.0001296329719485633
0.0001981317672034827
0.0002598037644408418
0.0003038478493090901
0.0003229307252385542
0.0003143532757252409
0.0002803470635356263
0.0002274537147435464
0.0001652873440108226
0.0001047493800209263
5.612451013213713e-05
2.74155418311056e-05
2.303942646099035e-05
4.323575327519142e-05
8.415364448396715e-05
0.0001385717272146134
0.000197235573471187
0.0002503529615102164
0.000289247471849447
0.0003077612520242583
0.0003031816177741167
0.0002766574777767933
0.0002329546990897065
0.0001796410666056741
0.0001258452586228051
8.07358100744265e-05
5.203167267838851e-05
4.474123224429241e-05
6.033113446264089e-05
9.646855648112355e-05
0.0001474272084572825
0.0002049628585775061
0.0002597324057975192
0.0003027676556607799
0.0003270346081660922
0.0003285804578341815
0.0003072235829373791
0.0002666345034257634
0.0002137382904161813
0.0001575947758815857
0.0001078956336079602
7.333147567783875e-05
6.016176700830823e-05
7.111527648235261e-05
0.0001049281325848355
0.0001565153205867335
0.0002177630011853027
0.0002789170534559671
0.0003301442902833166
0.0003631890502852641
0.0003727462604075017
0.0003573832761283221
0.0003198016446690421
0.0002664384377223153
0.0002064542893997463
0.0001502760136789237
0.0001078959371450021
8.722530818239458e-05
9.28034008502226e-05
0.0001249658790172887
0.0001797156154191222
0.0002493080443673269
0.0003234014696109986
0.0003907455794626447
0.0004409241627721837
0.0004662404927848393
0.0004629816429156141
0.0004322674356972283
0.0003799848985097981
0.0003160169600933378
0.0002526825324710608
0.0002027209336003504
0.000177062809713509
0.0001828452701850129
0.0002219494148465616
0.0002904215431180578
0.0003789031582199018
0.0004741320603073034
0.0005611415957024677
0.0006259921834512363
0.0006584211217599315
0.0006538511949888241
0.0006145376727633026
0.0005493235403119533
0.0004721425907124598
0.0003994889035661695
0.0003471679548135508
0.0003272152260461413
0.000345370059121207
0.0003997237694745547
0.0004810506709052455
0.0005743764164847628
0.0006621255063609353
0.0007274482952765201
0.0007578347401497377
0.0007475400621661397
0.0006988384814387219
0.00062138319714761
0.0005301652127691049
0.0004421782579715217
0.0003728750679555366
0.0003328239630314906
0.0003256548855522969
0.0003475480104087783
0.0003882599508886309
0.0004337673858146926
0.0004695323407108799
0.0004837596205625109
0.0004699826275127299
0.0004282231845797032
0.000364662716276849
0.000289954955801723
0.0002164406832609172
0.0001553802696100254
0.0001144647650893025
9.63784817276089e-05
9.871885728976351e-05
0.0001150343784547453
0.0001367552239894467
0.0001554313763271268
0.000164607752043525
0.0001610759757176291
0.0001450727773967272
0.000119685198879503
8.962005898556541e-05
5.984406800006031e-05
3.443668444690202e-05
1.600856909779583e-05
5.636905000047102e-06
3.288702614796259e-06
8.390913956904893e-06
2.026982354622257e-05
3.826178554722326e-05
6.144568731386059e-05
8.815667070029499e-05
0.0001156010769072895
0.0001398054121544895
0.0001561683039913883
0.0001605766229902602
0.0001508899338841559
0.0001282706342725155
9.792594759995748e-05
6.889767477264652e-05
5.259637190455637e-05
6.046177309507185e-05
0.0001011036312616955
0.0001777286107829497
0.0002866123209673267
0.0004171819633938373
0.0005537559299803857
0.0006789276402484199
0.0007774553772415266
0.000840091370630175
0.0008660306043265804
0.0008633581809740276
0.0008474107635144356
0.0008371028571588189
0.0008502640928755292
0.0008990333501533464
0.0009866340853665844
0.00110604407444694
0.001241464697987501
0.001371544327101383
0.001474307815470557
0.001532124810396908
0.001535342825365164
0.001484530738973483
0.00138984043837648
0.001268521775271918
0.001140932400934595
0.001025934445475486
0.0009373217924739639
0.0008814750177702986
0.0008569437284096133
0.0008559148042733418
0.0008666977713265077
0.0008768600872466942
0.0008758461342555689
0.0008566452494194548
0.0008164274340206414
0.0007559966685609597
0.0006786683366669664
0.0005890357324508133
0.0004920512450595703
0.0003927705144968813
0.0002965156290826795
0.000209264462038322
0.0001380623110305295
9.060485967947488e-05
7.436918948624347e-05
9.496049208882178e-05
0.0001542543528106129
0.0002488702989737097
0.0003695456686444262
0.0005017747723204836
0.0006279474901719219
0.0007306799697885723
0.0007967378541535714
0.0008205938733877505
0.0008070342119199961
0.0007716621801323399
0.0007392072898883321
0.0007396288702104959
0.0008024865322813965
0.0009509031546102761
0.001195706730934849
0.00153196186087424
0.001937446714571603
0.002375226944443456
0.002798631321029701
0.003158463981894879
0.003411778380684861
0.00352911585240976
0.003499981619019093
0.003334632768164287
0.00306187480585384
0.002723513303169655
0.002365900492456325
0.00203125480797951
0.001749834173657626
0.00153540886243718
0.001384477484885828
0.001279561952117337
0.001195742133415314
0.001108196391029137
0.0009993301557101575
0.0008631260567649798
0.000706062604474006
0.0005443222676918497
0.0003987128626584903
0.0002887220112418804
0.0002278885922093296
0.0002219762024644748
0.0002702449958198595
0.0003687587255629706
0.0005147048100263025
0.0007087332116910548
0.0009543593803082308
0.001253521837326989
0.001599955639125627
0.001973116200823314
0.002334935814832734
0.002634477336736388
0.00281862613143623
0.002850257357519156
0.002727135745950427
0.002496874235488509
0.002260567206457455
0.002160701029556895
0.002353004181983567
0.002966231497925551
0.004059702445697479
0.005589547010123144
0.007398391073607204
0.009232222982062069
0.01079105394885202
0.01179990811297408
0.0120894691537609
0.01166030223032188
0.01071457172686383
0.00963653522577408
0.008921353108206851
0.009060455072993322
0.01040908200717414
0.01306825194428434
0.01681402550425508
0.02110362426369226
0.02516190694036616
0.02814622265281163
0.02935136396933111
0.02840938021727191
0.0254346964449352
0.0210695850056693
0.01640133962369392
0.01276561351102162
0.01145642085016462
0.01341625218053869
0.0189671531247433
0.02765657619736683
0.03826631211061219
0.04900190114446257
0.05782185004507007
0.06286868214339808
0.06288482078358558
0.05754267426429268
0.0475955819811601
0.03480042144304723
0.02163279358042597
0.01081918362813099
0.004788189703533651
0.005164639924773864
0.01239218892108521
0.02558753190716337
0.04266354090011659
0.06068898559400385
0.07644708946502214
0.08704253580858931
0.09047702428372641
0.08604620039120334
0.07448732542381435
0.05784346510503488
0.03908587265314164
0.02153805201597588
0.008261912424686959
0.001477056677650298
0.002173082921590072
0.009949033044346451
0.02312665233281631
0.03909752803625452
0.05484146444926196
0.06748437686266762
0.0748266068576481
0.07570011822233784
0.0701334529875854
0.0592780359485341
0.04513304735732592
0.03013958230581503
0.01671585451959306
0.006825538623696295
0.00167559664307107
0.001558232921511816
0.005881218344521894
0.01335037958174131
0.02225709204519399
0.03082015143111828
0.03749535338326197
0.04121936349789285
0.04153948797443275
0.0386193383839739
0.03314137087891084
0.0261287034484299
0.01872908016957259
0.01201387191822125
0.006808348516341156
0.00359727028409582
0.002494890203007145
0.003285549362307713
0.005508690828159409
0.008571340171476885
0.01185756003759587
0.01482457356137089
0.01706356402637464
0.01833148853246773
0.01854779467431958
0.01777249847173853
0.01617009710709374
0.01397190408911385
0.01144071328283969
0.008846461674491645
0.006442686981831897
0.004457396956132062
0.003074703731236876
0.002425283262853691
0.002570994228602677
0.003493175540930601
0.005084634204199375
0.007151548096218867
0.00942591394172991
0.01159443400599307
0.0133359014459745
0.01436951229713343
0.01450078834393484
0.01366076879124805
0.01192874016471193
0.00953138306578917
0.006819640915581462
0.004220445873847892
0.002171185657020804
0.001050010000108322
0.001107109304934724
0.002415393451182603
0.004846455392511166
0.008078074987516344
0.01163816679482652
0.01497243246381377
0.01753410923403637
0.01887834350190962
0.01874218030894082
0.0171025632659959
0.01419614654519391
0.01049477039419994
0.006642134289087533
0.003352089846695068
0.001292749414494118
0.0009651947307836974
0.002604906048786003
0.006120864183039044
0.01108864699743754
0.01679766279670543
0.0223595443635964
0.02684834431471992
0.02946861307975866
0.02970577645854244
0.0274452978905215
0.02302547715019276
0.01721574878148834
0.01110600520770516
0.005940886038995515
0.002892090428724324
0.002838595727798172
0.00617280054077921
0.01268377918388151
0.02154697935567257
0.03142493721391378
0.0406816608697409
0.04767728417987376
0.05108113965770592
0.05016599876798332
0.04500109647338525
0.03650696186331211
0.02634867870318332
0.01665915135288887
0.009653483621018512
0.007181485967787065
0.01031686283730189
0.01907112772282984
0.03230394052114128
0.04785882593461827
0.06294082829681139
0.07464163396367797
0.08056101059785305
0.07934752052435068
0.07107770041913042
0.0573450305724319
0.04102860795332113
0.02574470321568564
0.0151073745868605
0.01190302568169416
0.01740466736009339
0.03096379981196508
0.05001384314438079
0.07053609808118939
0.0878839432380016
0.0978521945588606
0.09772080747223152
0.08702219950519624
0.06783272668320817
0.04445524484987655
0.02249502901261893
0.007545345319891827
0.003717033893523351
0.01243641744927631
0.03181401102173256
0.05686641424099705
0.08059750042716199
0.09582452919325687
0.09728218619839533
0.08353622642379296
0.05808128129349627
0.02919492381847125
0.008366481307392979
0.007434178806936515
0.03501857852796086
0.09309027108302821
0.1747426202137103
0.2639724426207187
0.3383203000654855
0.3740898125281428
0.3538471374435195
0.2746493725251288
0.1553445794553693
0.04100587272899404
0.002669096582103052
0.1314231670612308
0.5267945841179731
1.280802609188125
2.459221591215326
4.084876560934933
6.123432141689423
8.479232841386802
10.99744304205127
13.47848048302956
15.70115825326377
17.44909188107417
18.54204183284534
18.86059874867325
