# RCS in m**2 for a L=5 cm PVC cube at 22.5 degree aspect angle
# frequency = 91.75 GHz, 
# theta = linspace(0, 6.2832, 1441)
# phi = linspace(0, 0, 1  1)
17.9228274573231
17.26294333561001
15.84734309805586
13.82566446902316
11.41002281601599
8.844397801494898
6.369844893364521
4.191565194608494
2.453374524162319
1.2237285047002
0.4947702874775739
0.193940335954553
0.2049803885657716
0.3937528368749458
0.6336591183115211
0.8259580032005138
0.9117987594373226
0.8746568582037665
0.7339755642549457
0.532654669124269
0.3218384004912937
0.1467688871353015
0.03662153986950776
3.209469089245063e-05
0.02642592077545365
0.09190683376512769
0.1675259700603089
0.227481471465417
0.2551674645014655
0.2458382839267841
0.2056877362573974
0.1481744353376004
0.08896805166195987
0.04115912720820973
0.01201567974031314
0.001996635428610385
0.005961260399324554
0.01589453809581647
0.02409842881270012
0.02578574863410021
0.02032706390128977
0.01090099862126771
0.00283336886638372
0.001310412560644631
0.009286467328699158
0.02628892012416988
0.04847813942374308
0.06988690204530298
0.08437908646385556
0.08766096968895891
0.0786824490083446
0.05998590405532084
0.03692244073929617
0.01601028526888071
0.002969374915617145
0.001055790604229332
0.01019428383941287
0.02714159126257169
0.04659079784292187
0.06283187475070336
0.07143937805037318
0.07048132058085943
0.06090214261502236
0.04602436700899329
0.03037198767526843
0.01822467465573907
0.01235633403826189
0.01333784028700943
0.01956848113807958
0.02797443969124929
0.03510138525176797
0.03823093923328958
0.03616548271195163
0.02946694886438037
0.02011540341431859
0.01074762546374254
0.003756345606425376
0.0005520718794341592
0.001212653281540415
0.004602825088382573
0.00888166342480572
0.01219720700082446
0.01331725545146756
0.01198981543420073
0.008929764565988501
0.00546526921566964
0.002993263346015915
0.002446175231558635
0.00396062903511969
0.006855207861271089
0.009911354146868275
0.01184612662688649
0.01180106001457752
0.009672109265072396
0.006165797416251546
0.002566085550658942
0.000294543695798832
0.0004187763274014536
0.003276782325578406
0.008343620026854091
0.01438323753871745
0.01983193264250823
0.02328619255443795
0.02393280186367211
0.02178575869114468
0.0176601686081504
0.01289764867153573
0.008937492361625056
0.00687736518394354
0.007157861295692866
0.009465945716993348
0.01287420124294552
0.01616089236954955
0.01819960700149913
0.0182938455605544
0.01635596045819339
0.01288600479265865
0.008771787875971618
0.004988086938756479
0.002296355094172476
0.001041364609008363
0.001099675294742567
0.001983587018882987
0.003051499962001867
0.003745800771232012
0.003776646305548245
0.003193456963950487
0.002329661680832167
0.001648815659804453
0.001553109892043576
0.002223809225361703
0.003548261175749671
0.005156521280754356
0.006549322216781355
0.007271712343755902
0.007070624492505673
0.005981726506617211
0.004319181661352203
0.002571503038360513
0.001242388495663953
0.0006885644788766932
0.00100927096162368
0.002021652939149324
0.003328853714897608
0.004455840514980909
0.005008099274236366
0.004801728971738674
0.003923263013550066
0.002701948443512592
0.001605107645079722
0.001090540820469477
0.001462295804826102
0.002774817715818847
0.004812594977106545
0.007150829589997137
0.009275215381062464
0.01072638295203454
0.0112222850979246
0.01072924553708295
0.009458211986474504
0.007795481732452167
0.006188566855402723
0.005022478664134203
0.004522500329196471
0.004707443749948787
0.005402967852403131
0.006306800030770178
0.007082645619918625
0.007454426264816219
0.007274883316275987
0.006551905745278199
0.005428973017520838
0.004131381038596739
0.00289606696572722
0.001907486223867298
0.001256524857279207
0.0009318209278788075
0.0008417614261695258
0.0008568241828135946
0.0008569768967580853
0.0007692185942568397
0.0005846840573718022
0.0003526762743346527
0.0001554878413757285
7.46365020035479e-05
0.0001597876768078861
0.0004107290386260976
0.0007772838420354306
0.001176162059560874
0.001518607584851867
0.001739618725031643
0.001818977147252616
0.001788035906449337
0.001720048319896017
0.001707543054310311
0.001833343890960711
0.002144258787898056
0.002635109031518811
0.003247094115796698
0.003881664577239999
0.004425416258218715
0.004778814085223543
0.004882074657437682
0.004729664625687492
0.004372240847374696
0.003903141175985008
0.003435720135008319
0.003076427875829612
0.002899795784940748
0.002932568995329606
0.003149855564755669
0.003483079220593778
0.003838047912784236
0.004117419108468133
0.004243280456647091
0.004172626656750146
0.003905123692740556
0.003480527464776271
0.002966868211535816
0.002444288463378437
0.001987596177798941
0.00165085384838778
0.001458702244514221
0.001404416478553382
0.001454831768785794
0.001560240814003543
0.001666721518132236
0.001727642521196079
0.00171241285139116
0.001610615891622358
0.001431585292559931
0.001199764940244157
0.0009477991233514517
0.0007087778532865349
0.000509530371156082
0.0003662730413801375
0.0002829825469333644
0.0002525173090385376
0.0002598269369842655
0.0002862052969090282
0.0003135895502601754
0.0003279398400566937
0.0003213326672720902
0.0002923029920138182
0.0002449880066276358
0.0001871263909525473
0.0001278211607706746
7.539129821129021e-05
3.572221854473568e-05
1.148881993654363e-05
2.128206853317016e-06
4.474524749756462e-06
1.382309538839842e-05
2.513618055345644e-05
3.411016512450418e-05
3.794809306357913e-05
3.572995511735947e-05
2.836472077254565e-05
1.819678833172376e-05
8.361156092843212e-06
2.074621927135053e-06
1.927528303356829e-06
9.349992569040591e-06
2.429566737291011e-05
4.520157951137482e-05
6.922682277921808e-05
9.273579158339443e-05
0.0001119208789364215
0.0001235269734643211
0.0001255331986233159
0.0001175513781640305
0.0001011501861044176
7.964539540836778e-05
5.771188059952566e-05
4.05430905832171e-05
3.297478320342614e-05
3.847639430989316e-05
5.836294227619223e-05
9.130971109237226e-05
0.00013334520387048
0.0001783515631551472
0.000219039079048479
0.0002482380391580913
0.0002603093771750077
0.0002523941310319066
0.0002251879503031287
0.0001831501415408157
0.0001339386012523672
8.719003679584901e-05
5.277772012091737e-05
3.887927948581111e-05
5.02682385553842e-05
8.707867556117254e-05
0.0001444711521548235
0.000213236095438079
0.0002813270608962451
0.0003360707727598026
0.0003666945406709831
0.0003665159169178445
0.0003345628438025478
0.0002760711635184416
0.0002017492830043359
0.0001258654065813333
6.352640082892484e-05
2.767504816656326e-05
2.635204796999709e-05
6.089016210342172e-05
0.0001254088387773459
0.0002078113145196502
0.0002921054101812857
0.000361578597964534
0.0004022665945592056
0.0004058331359971862
0.0003714115939065506
0.000305793913842854
0.0002220075275585422
0.000136676218196233
6.639480323502008e-05
2.429802305615357e-05
1.734220481100829e-05
4.498482090511219e-05
9.953677231402673e-05
0.0001680649535406853
0.0002353865918355848
0.0002875095787150494
0.0003145302034766212
0.000312495337788533
0.0002838714218895274
0.0002362981445685172
0.0001804441332539548
0.0001272355471886995
8.536911491784858e-05
5.972331452680256e-05
5.098657404086739e-05
5.646829994890416e-05
7.176756938507066e-05
9.263983406064449e-05
0.000116396533355489
0.0001424278496768847
0.0001716102938981295
0.0002048578308147833
0.0002414811693462732
0.0002778863546865115
0.0003074938518466641
0.000321952107645897
0.0003136585726491333
0.0002787964523345937
0.0002200316071102638
0.0001477621512709657
7.922240074625922e-05
3.521186527800593e-05
3.509297796489021e-05
9.114321336449996e-05
0.0002038818813528748
0.0003598997725350678
0.00053314072315967
0.0006898271749801022
0.0007960070285172784
0.0008261320220078694
0.0007703108114951483
0.0006381060923113586
0.0004576186918738571
0.0002697185785535617
0.0001184750169429112
4.031672300125018e-05
5.457214741563836e-05
0.0001580961856593154
0.0003255733978097751
0.0005157199060695821
0.0006817149667941421
0.0007833391318951522
0.0007974191925223953
0.0007235789338703546
0.0005839588841602487
0.0004166221449415608
0.000264683649047506
0.0001642353377310565
0.0001344958536197195
0.0001731488537787049
0.0002579196799489186
0.0003541451055223973
0.0004257349638002772
0.0004462634842632825
0.000406788546743216
0.0003179118289574803
0.000205797649736276
0.0001031754302188457
3.85550660916226e-05
2.707668473753504e-05
6.593525896572512e-05
0.0001359139774321354
0.0002083807995712565
0.0002554063359786538
0.0002594373666580181
0.0002192303532893878
0.0001499408996154757
7.724863173172776e-05
2.768754724546855e-05
1.844851260803127e-05
5.064938273074234e-05
0.0001085618717870763
0.0001655959364242495
0.0001950005874893359
0.0001817917585845843
0.000131286534151034
7.072345026964051e-05
4.255760382698445e-05
9.08800846763557e-05
0.0002450117286442885
0.0005058718791024661
0.0008399966922926332
0.001184444258472661
0.001461936730497289
0.001602314023487097
0.001564194868336099
0.001349691940892953
0.001007093710582725
0.0006199733837432013
0.0002849973885358227
8.50447690044088e-05
6.549694540497452e-05
0.000221249328055062
0.0004985966720481406
0.0008117699208853384
0.001069136865347575
0.001200955236830265
0.001180015087080656
0.00102833793591196
0.000808404100780536
0.0006011428441314801
0.0004784927900290403
0.0004794946263657947
0.0005977450109858538
0.0007844660965297752
0.0009660644826056276
0.001069981828843821
0.001050089144751091
0.0009024897874847227
0.000666489906375535
0.000410273427081901
0.0002061808008247135
0.0001048745777585449
0.000117408093857642
0.000212241480852009
0.0003285118912744428
0.0004011146785589551
0.0003884171199812035
0.0002921098120403243
0.0001609716108369395
7.589833051186541e-05
0.0001203567992534024
0.0003462045524633169
0.0007473499599722563
0.001251870143877624
0.001737456634413724
0.002067129058982543
0.002134275837272434
0.001902566134672917
0.001425910139912875
0.0008401561067971245
0.0003266812405537026
5.810732111336794e-05
0.0001428868070053625
0.0005871526105363842
0.001287691291503456
0.002060291926553879
0.002695936294345941
0.00302855489100668
0.002991560199714922
0.002644652262004009
0.0021602789778583
0.00177223315286642
0.001701086353285651
0.002080133773132525
0.002905636067443311
0.004028580115210111
0.005191672233328596
0.006102153201119038
0.00651687124904198
0.006313650131743898
0.005525679243666494
0.004328179376376985
0.002981795944404794
0.001751586474891939
0.0008293022924921017
0.000284854929930485
6.388404730666813e-05
3.093520019731723e-05
4.281135888087256e-05
2.35662755549354e-05
1.178175210872763e-05
0.0001589573426314484
0.0006751237378253967
0.001737414463329902
0.003393274289219139
0.005495226221906396
0.007698706189885124
0.009532920443045111
0.01053282852245555
0.01039477215756337
0.009106412839433193
0.007002360231196758
0.004716146100122643
0.003028799047014987
0.002648386798090228
0.003981439699052835
0.006967038275220434
0.01103402069104114
0.01520938400393671
0.01836346627583692
0.01953303910330043
0.01823346885000372
0.01466409119033826
0.0097320968141418
0.004867874498580694
0.001658535592953391
0.001392079077139966
0.004632668059000798
0.01095880492999984
0.01896200322573166
0.02654428920255993
0.0314714229289479
0.03206645275397123
0.0278706307761207
0.02009626968505717
0.01171619829216328
0.007122661310458441
0.01137788722958218
0.02918438052579577
0.06378007370891547
0.1159990310074361
0.1837197487319518
0.2618478932545937
0.3428966819646018
0.4180315267792383
0.4784862877028457
0.5169844051274881
0.5289599877780877
0.5133166080929225
0.4725808485978362
0.4124334073146362
0.3406987531043035
0.2660210014040139
0.1964755752620123
0.1383352473473526
0.09528430215865678
0.06813723473778065
0.05509680534828883
0.05245644632756885
0.05557223666771658
0.05989037362264402
0.06182472203983524
0.05932598332929669
0.05206540276931549
0.04123223073416557
0.02903584583839272
0.0180452476591832
0.01052616788111365
0.007914753530171974
0.01052926130023434
0.01755711543373056
0.02729422777893315
0.03756196731244301
0.04619220699773215
0.05148087759694966
0.05250202348667433
0.04923967211866488
0.04252028032715516
0.03377814458145893
0.0247178978976444
0.01695205294371807
0.01168927495819023
0.009534366893266744
0.01042478743435193
0.01370932784787494
0.01833366820477852
0.02308775790534324
0.02685849527717774
0.02883667547430326
0.02864348118776614
0.02635869887597584
0.02245696691691948
0.01767538065944553
0.01284282274927701
0.008713013927625983
0.005829454733844689
0.004446542140665004
0.004514535509339811
0.005724203509586029
0.007594980178633971
0.009585076285785738
0.0111998081696822
0.01207769597086975
0.01204220755405771
0.01111164221362981
0.009472735525394616
0.007425877749173287
0.005316521072699769
0.003466752517349175
0.002119326422975987
0.001403092627913852
0.001323074335296257
0.001773636023404005
0.002570028385733556
0.003489910276656359
0.004316583179102995
0.004876032395783163
0.005062233079920011
0.004847898696129374
0.004280445177030503
0.00346561092527769
0.002543505145019536
0.00166074370117112
0.000945139338526027
0.0004858389342229136
0.0003219045356760988
0.0004403730788230657
0.0007829643945772775
0.001259653097260517
0.001766166538742279
0.002202512222871998
0.002488736006678946
0.002577027296140602
0.002456842654131423
0.002154017553152354
0.001723820791814309
0.001239749111951311
0.000779992345298547
0.0004139929144114479
0.0001913610946276704
0.0001347422364885041
0.0002375638491293269
0.0004669421834058153
0.0007708228536380741
0.001087933589142159
0.001358829109724198
0.001535870269263952
0.001590712521759786
0.001517873376139796
0.001334236990507524
0.001074648398557939
0.0007846015749008238
0.0005116415184376076
0.0002969552164020239
0.0001687056427060127
0.0001382173565480184
0.0001994109784841565
0.0003314611204415223
0.0005036942676626644
0.0006819224918101353
0.0008346078322516619
0.0009379493666685325
0.0009789190279290831
0.0009559785682843056
0.000877703856165202
0.0007597727600562932
0.00062131615542128
0.0004813043087116529
0.0003558656180172425
0.0002567431584361545
0.0001909611905180151
0.0001614309667864398
0.0001679421758294898
0.0002080357748936936
0.0002774227069863088
0.0003698358006328708
0.0004765301387387589
0.0005858898887360892
0.0006836296541387446
0.0007539778947668399
0.0007820841670889203
0.0007571657403849585
0.0006759313256610208
0.0005452510129020388
0.0003831658574938781
0.0002174987524310545
8.18675488192286e-05
9.533386312210626e-06
2.614852268072814e-05
0.0001429237511585419
0.0003520174557843899
0.0006254763844526706
0.000918609775276757
0.001177544904385355
0.001349943594046381
0.001396564310529068
0.001301397076960534
0.001077652033969619
0.0007680678662763398
0.0004385161998291655
0.0001660880964896244
2.347504369905308e-05
6.302724266333286e-05
0.0003038459280562254
0.0007250650043623799
0.001267168359443141
0.00184171866627959
0.002347712015471727
0.002691456302127458
0.002806068310404228
0.002666007715602491
0.00229368488324088
0.001756345478098545
0.001153749316785781
0.000598940589916632
0.000196298289162903
2.121084964882656e-05
0.0001058436755359977
0.0004337029764942359
0.0009441295808867789
0.001545403637939125
0.002133405129600452
0.002611776933156939
0.002909212655862709
0.002990552766184025
0.002859693126970055
0.002554570843238047
0.002135931581137051
0.001672972031745489
0.00122941486584419
0.0008529709235458002
0.0005700201940727732
0.0003858804135477269
0.000289609834619581
0.0002612686779849097
0.0002792794184866623
0.000325862768733124
0.0003894323618908564
0.0004639460985099052
0.0005461360802652139
0.0006321654471092497
0.0007152294285452698
0.0007851446915324221
0.0008301031856528627
0.0008399713982166664
0.0008099246132889175
0.0007428402918333799
0.0006496799018899282
0.0005472946393225197
0.000454241031878249
0.0003858458220476933
0.0003500047297094426
0.0003450622873348303
0.0003604826585675922
0.0003801701443008825
0.0003874040724502973
0.0003699211587424161
0.0003235796264422456
0.000253409313719591
0.0001718756302968057
9.482624210861941e-05
3.653286797851891e-05
5.373718618202212e-06
1.539657669557406e-06
1.746714588425517e-05
4.079075446615167e-05
5.878300335821796e-05
6.278986375894948e-05
5.113863083878215e-05
2.956632418929598e-05
9.025549893537263e-06
1.614145210660874e-06
1.60300957795665e-05
5.41181562969527e-05
0.0001097161622360934
0.0001702388151274507
0.0002205504989957063
0.0002478274772614391
0.0002458303601270254
0.0002171237632028469
0.0001724591571400982
0.0001275265195869744
9.800229290653823e-05
9.461925058799204e-05
0.0001197522114232367
0.0001666935240203968
0.0002218467158106253
0.0002690470674480791
0.0002946311021826957
0.0002915926244576055
0.0002614494862858822
0.0002133185460162694
0.0001605701416227799
0.0001162526190031473
8.892066045078164e-05
8.025837893034256e-05
8.527754182186913e-05
9.494119785430785e-05
0.000100214325066183
9.600059572482243e-05
8.351535855363916e-05
7.016288359982196e-05
6.689549389494206e-05
8.39453458734116e-05
0.0001264643265908234
0.0001916256426612953
0.0002683463518844868
0.0003398855746548371
0.0003885459031206601
0.0004010151746967791
0.0003725758226409439
0.0003087588234718249
0.0002238886987966092
0.0001368887463415356
6.579263410005127e-05
2.261713451845911e-05
1.036397173486696e-05
2.29969093590192e-05
4.834718661459182e-05
7.288072598637962e-05
8.665869403685366e-05
8.676759993408119e-05
7.807381944371642e-05
7.10685267108913e-05
7.761635719337766e-05
0.000106067905064065
0.0001575875906273506
0.0002248642348734961
0.0002938272642179407
0.0003477491313429287
0.0003723778104090793
0.0003604378244104237
0.0003139071552049493
0.0002434256674267777
0.0001650011917513575
9.51504516110463e-05
4.611683220139143e-05
2.272985357628393e-05
2.184462014074715e-05
3.443643622572596e-05
4.951320267555228e-05
5.836241009681161e-05
5.764653289910559e-05
5.026861698463498e-05
4.374266712643109e-05
4.677452798508883e-05
6.530681305076541e-05
9.954457955272449e-05
0.0001431168408673147
0.000184695799703887
0.0002116539769845002
0.0002144368795785235
0.0001901553545023582
0.0001441055374486867
8.864250733063156e-05
3.960770329756567e-05
1.156899633357467e-05
1.327561469619392e-05
4.492211173757642e-05
9.803449780878188e-05
0.000158097923735268
0.0002089458783937817
0.0002376372770799958
0.0002381161120437606
0.0002126331588768754
0.000170479954709928
0.0001245543458319202
8.702407329483658e-05
6.545740414909576e-05
6.076329613488203e-05
6.755076693309283e-05
7.668167021622148e-05
7.906700415495803e-05
6.938613304411197e-05
4.836842525932269e-05
2.288175627973065e-05
3.738378093832827e-06
1.972055248629019e-06
2.481745487334684e-05
7.275541501960289e-05
0.0001386665381649346
0.0002093370657232429
0.0002690138512596266
0.0003037678275594108
0.0003054630932150212
0.0002739750343682286
0.000217153121714815
0.0001484271854883674
8.296115119982797e-05
3.348348473609415e-05
7.116093730029088e-06
4.013811184838582e-06
1.821469124257559e-05
4.022304341203757e-05
6.041143882042724e-05
7.214995155253603e-05
7.356036472545574e-05
6.755314862269115e-05
6.008768576280382e-05
5.75045567771178e-05
6.372451484116504e-05
7.852312209543727e-05
9.736379558058685e-05
0.0001128904608982273
0.0001176812999706098
0.0001072018458429203
8.206699502657703e-05
4.865696873823937e-05
1.789348955636364e-05
2.309067176120087e-06
1.235015263794373e-05
5.291307252275346e-05
0.0001212208335585803
0.0002067864625686046
0.0002934839281078256
0.0003633408687639331
0.0004010571897115233
0.0003979270570829275
0.0003542420062912552
0.0002794070711731352
0.0001897684149894222
0.0001047634877692514
4.220225085533711e-05
1.421073620514528e-05
2.450358310809437e-05
6.787690442913628e-05
0.000131831139738044
0.0001999097933201967
0.0002557349492279539
0.0002868405899167023
0.0002872225999759623
0.0002582053714627254
0.000207440362823161
0.0001464919615412971
8.774578562024526e-05
4.144237890207002e-05
1.358460641346627e-05
5.185867180000636e-06
1.282501998671946e-05
3.027793655261257e-05
5.061615800058735e-05
6.812556734113051e-05
7.961170453421864e-05
8.472941042973324e-05
8.53741172170633e-05
8.450723906073424e-05
8.473131067824886e-05
8.72116697749768e-05
9.121247401243374e-05
9.436161923511055e-05
9.361880762381202e-05
8.65135098878594e-05
7.229845134523055e-05
5.26176127142674e-05
3.145451194491005e-05
1.428305737303296e-05
6.697528145010143e-06
1.282254258051837e-05
3.397285954099238e-05
6.795773601784833e-05
0.0001092543171804783
0.0001500271697354966
0.0001818631007902957
0.0001977095922573702
0.0001936026303146835
0.0001698034804405486
0.0001309011832377329
8.497870438296246e-05
4.194498056057661e-05
1.136269955200184e-05
3.611282483622296e-07
1.200684413302787e-05
4.457399858872509e-05
9.183242250189264e-05
0.0001443725452237195
0.0001915364475618614
0.0002237283318488688
0.0002343938087151735
0.0002214036429132468
0.0001874911538765378
0.0001396202114560741
8.755034144449959e-05
4.173624589459217e-05
1.122892264646004e-05
1.814155597641958e-06
1.490606768796788e-05
4.733750228132523e-05
9.211822260383328e-05
0.0001398963406207954
0.0001809533141928407
0.0002070955857415867
0.0002133120796805258
0.0001986431299977048
0.0001662763963600395
0.0001227692315083098
7.666729853997484e-05
3.671900468736447e-05
1.01806591571829e-05
1.424859499783607e-06
1.119947443961985e-05
3.662446896359173e-05
7.188811057321519e-05
0.0001095091795114439
0.0001418644535807537
0.0001626545136248194
0.0001680873625884853
0.000157476036477014
0.0001332385673261517
0.0001002624565961878
6.484763702145315e-05
3.34451915087701e-05
1.14054293757815e-05
2.035053645637365e-06
6.093468608081474e-06
2.180463034776471e-05
4.534377025090567e-05
7.169841827564694e-05
9.564710523316645e-05
0.0001127581046180695
0.0001201190995315145
0.000116744901625867
0.0001036174842684595
8.335989244202475e-05
5.964933240755004e-05
3.653376786836278e-05
1.772068552327485e-05
6.020757448368175e-06
2.978211778705616e-06
8.726939250117512e-06
2.206207896756023e-05
4.068322736497132e-05
6.154524651128669e-05
8.13105054079779e-05
9.67806821760267e-05
0.0001053406129920461
0.0001053607546881702
9.649956576058509e-05
7.988240084653642e-05
5.808995333191538e-05
3.491072779932587e-05
1.484297366281038e-05
2.37909973501718e-06
1.145818989542492e-06
1.305949949396656e-05
3.767885137934399e-05
7.195306022937914e-05
0.0001104596611735358
0.0001462654165262876
0.0001722019425854474
0.0001824507835691585
0.0001740237247777563
0.0001478574366156819
0.000109075371668642
6.638987215030116e-05
3.04962299513751e-05
1.184579028950847e-05
1.819975280693142e-05
5.247346582786062e-05
0.0001115458770491436
0.0001863389891079045
0.0002633876992367397
0.0003275067200253121
0.0003652856849564722
0.0003684550201559311
0.0003362054126291301
0.0002760962222060653
0.0002029416457234635
0.0001358240384061647
9.394491809473628e-05
9.202263826783304e-05
0.0001365426796037942
0.0002236532871694327
0.0003394977520781314
0.0004628568859970796
0.0005697920505203964
0.0006391732515527141
0.0006576537240915169
0.0006231539293187603
0.0005456483781499619
0.0004451362241523848
0.0003471632977817435
0.000276866447095389
0.0002530541607381969
0.0002836819091256122
0.0003639286841598806
0.0004773092412192459
0.0005994682108052822
0.0007040722589261424
0.0007687552703666491
0.0007802569764335382
0.0007371481970109019
0.0006496462632428748
0.0005366412686811072
0.0004208850641004641
0.0003234591934008295
0.0002591405339909313
0.0002335622534434249
0.0002429101870948775
0.0002759329478458466
0.0003175751984233268
0.0003530663901848582
0.0003714515212279164
0.0003675686592564706
0.000342276758499995
0.0003010235721584949
0.0002516530314309274
0.0002020289926994525
0.0001584385623006274
0.0001250476468590144
0.0001044302188561694
9.853537949454271e-05
0.0001096027204740708
0.0001403122129650786
0.0001928896533876658
0.0002675353804183078
0.0003605921696363341
0.000463460051686998
0.0005629737028604322
0.0006434946713628223
0.0006907128397096817
0.000695850680972764
0.0006594248614075513
0.0005930091958612884
0.0005181153587970939
0.0004621478795931865
0.0004519761257139463
0.0005068238062174779
0.0006322282424305005
0.0008169909807517808
0.001034012869216722
0.001245594612251519
0.001411398033288203
0.001498047061582436
0.001487016411783096
0.001379675216152968
0.001197321977186865
0.0009764260912913927
0.0007605327299038156
0.0005901030152969917
0.0004934676946350448
0.0004811073115686795
0.0005439294152622232
0.0006566547655575058
0.0007846895172202851
0.000892578856155071
0.0009523181171197251
0.0009488411948738746
0.0008821064100984661
0.000765259824007277
0.0006200728628035501
0.0004707035926116138
0.0003381998870281476
0.0002363794480980781
0.0001705661740161519
0.0001384645987311792
0.0001330141370461452
0.0001455891282150256
0.000168805742530856
0.0001979544894698964
0.0002310383760428057
0.0002675756804919148
0.0003071916510089598
0.0003484870910100792
0.0003890618108825571
0.0004264510658594962
0.0004600085736714626
0.0004926588116936025
0.0005318599851407994
0.0005890630005304581
0.0006774111012888212
0.0008081508403883155
0.0009865688082017598
0.001208488949149763
0.001458671065376435
0.001711969092281537
0.001936884472035073
0.002101665166682487
0.002181599933635256
0.002165200736906152
0.002058641249218006
0.001886624294845207
0.001688869583893393
0.001513404858633848
0.001406617503514024
0.001403299633785258
0.001518161467920005
0.00174095820034212
0.002036750019247256
0.002351801602077456
0.002623429051380015
0.002793169801084511
0.002818792037754014
0.002684035494515808
0.002402365947505165
0.002015019421322686
0.001582382346584977
0.001171494550235107
0.0008419781181839865
0.0006343303277430221
0.0005625382768782058
0.0006133117402649657
0.0007516643731955364
0.0009308551190075835
0.00110443504711784
0.001236411995101495
0.001307509006894953
0.001315882692099561
0.001272855295507528
0.001195702872760937
0.001100809409441999
0.0009992804143859426
0.000897508279498795
0.0008017216515231083
0.0007250054604954916
0.0006927033647643779
0.0007432530159091306
0.000921703680308142
0.00126683248356802
0.001794487145769812
0.002482840773459523
0.003265409806945549
0.004037923611841004
0.004678242121443036
0.005079516800113064
0.005185555112234652
0.005019909330774993
0.004697577811222691
0.00441060992897867
0.004388119368403185
0.004836577418188144
0.005875169732927196
0.007483699700366637
0.009483011571380911
0.01155671805637064
0.01331843946349506
0.01441254985786046
0.01462251960673627
0.01396137244869929
0.01271219341537309
0.01139893528418536
0.01068608556053675
0.01121933169032408
0.01344395754859978
0.01744443140195922
0.02285450048446626
0.02886527113339543
0.0343571222125617
0.03812121938879549
0.03914885464411286
0.03690663575164189
0.03153915542685422
0.02393934824001331
0.01564469113492534
0.008580579559102712
0.00467333810294302
0.005424688333753353
0.0115359062543175
0.02267279870762465
0.03742609548333002
0.05351901827668064
0.06819242500181305
0.07874805728096813
0.08308848917060338
0.08018687639416675
0.07034608223103704
0.05520930709189498
0.03748441918413176
0.02046232578552371
0.00738068828646676
0.0008046172194777004
0.002109530078415944
0.01120439849855842
0.02652935638636363
0.04535475061769159
0.06428576138002177
0.07992022285154964
0.08947310154486796
0.0912982001615926
0.08516454776714472
0.07226498730231659
0.05495926018894565
0.03629018158123492
0.01941227125519087
0.00700548741457656
0.0008098341677325397
0.001367191217892705
0.007989344510141197
0.01895858805048225
0.03191106477652172
0.04429749518321038
0.05386367791572029
0.05901901476617473
0.05907053207005899
0.05426405267760542
0.04565668913150547
0.03485069851853048
0.02366577275281101
0.01379313379121493
0.00652835321899989
0.002588042665523648
0.002065213277640809
0.004489748146549681
0.008984638774568633
0.01446599563720278
0.01985437761576261
0.02424492832199938
0.02702731675343907
0.02792897555096449
0.02699952913216525
0.02454343909484688
0.02102607645195363
0.01697838839574099
0.01291314916580421
0.009264133146997991
0.006358265434752575
0.004403386591969908
0.003496960500251188
0.003636774666689065
0.004733877688811677
0.006621336780295792
0.009061044207140902
0.01175396598052308
0.01435870875946858
0.01651957407456353
0.01790948641063431
0.01827759866053128
0.01749857525873947
0.01560990963817086
0.01282684282947529
0.009530169684322007
0.006219697493700957
0.003440130267159086
0.001692480907113851
0.001339540152116294
0.002530673807193747
0.005157562791085302
0.008852720019847191
0.01303921792525617
0.01701784729807023
0.02008963729073523
0.02168062054881921
0.02145669754554249
0.0193987054912628
0.01582535548904719
0.01135135181357982
0.006794874289635275
0.003031344064506046
0.0008397951970718692
0.0007481886099977702
0.002923602155704978
0.007119314341667012
0.01270078997812474
0.01873983431171356
0.02417759293332153
0.02801224113933893
0.02949639017568616
0.02828932606058876
0.02454748457843854
0.01892291146925149
0.01246860027189556
0.00645783170896256
0.002157065220233746
0.0005780413491414439
0.002269573373058444
0.007182172587105649
0.01463934847852452
0.02343394176830043
0.03202508750133685
0.03882583887856891
0.04250499096908136
0.04227088780232156
0.03805796670517773
0.03059260146826383
0.02128874400366542
0.01201919408471546
0.004761006584116081
0.001211059692674483
0.002420038528150733
0.008542312486478186
0.01874452001570169
0.03132002563788733
0.04397545182312287
0.05427759139422792
0.06013564164994505
0.06026271439278464
0.05448418773575136
0.04383764532095606
0.03042117758712823
0.01700795347728092
0.006485282339090715
0.001251139261432175
0.002667260690524932
0.01071746203172815
0.02394802351856484
0.03971464443283881
0.05472492595065486
0.06572992915853554
0.07026550033506093
0.06722793993744579
0.05717921601703145
0.04226550297372784
0.02577242771311962
0.01137045847769917
0.002258526203993261
0.0003618338830557084
0.005830982922598248
0.0169585775364266
0.03057014275252824
0.04282326216469909
0.05023213378990776
0.05064323895915654
0.04392250117153059
0.03211132315294313
0.01896784666641264
0.008976362166422841
0.006025122252783583
0.01213066114489988
0.02656890945892617
0.0457588033303257
0.06401900079514426
0.07515958401373472
0.07451976946636223
0.0609648241977109
0.03819662571812876
0.01483178019941617
0.002980072706720069
0.015355260053881
0.06148029128542411
0.1438344003995243
0.2551515221442192
0.377761057881946
0.4860680004353157
0.5519091336862431
0.5526430649594453
0.4802423415885458
0.3496730789554799
0.2042757252776519
0.1161343715864915
0.1801770989939067
0.5019680632893972
1.180473301243739
2.287756450247292
3.85056462177594
5.834941892524321
8.141533441837018
10.60829615921251
13.02646119415393
15.16596603526818
16.80452488975786
17.76122919262786
17.92284002595033
