# RCS in m**2 for a L=5 cm PVC cube at 22.5 degree aspect angle
# frequency = 87 GHz, 
# theta = linspace(0, 6.2832, 1441)
# phi = linspace(0, 0, 1  1)
11.17321142159697
11.04275038643528
10.40572802630025
9.331494999763029
7.935163629152646
6.361336446871367
4.763869213312212
3.285070556395749
2.037639604437546
1.092211966546312
0.4720768757775009
0.1556511919294297
0.08564903619070095
0.18294976041495
0.36231214277258
0.5470424785904516
0.680168093999624
0.7304712389475081
0.6928849865187555
0.5839497141213051
0.4338102932842735
0.276878621143285
0.1432263784281265
0.05243817998033647
0.01087941628991111
0.01248918637562836
0.04241463043326754
0.08221416025042863
0.1151698574535117
0.1303875588881895
0.1248028315816877
0.1028497590966878
0.07413584739172624
0.0499591927865626
0.039707128833395
0.04812229629851406
0.07409047336574556
0.1111703934412341
0.1495815095837983
0.1790231278133267
0.1915008836436857
0.1834002134627265
0.1562937196781914
0.1163447712005954
0.07253132881288175
0.03424779867482807
0.008933358690437819
0.0003556793302372039
0.007952142215187615
0.02732079925664592
0.05165616399180733
0.07367674435400567
0.08750279739019924
0.08999539961157917
0.08125128909383757
0.06420001407517327
0.04349616467338391
0.02407536496140376
0.009795551233569157
0.002540556801177987
0.00197813208809538
0.005977208987986112
0.01149913210076148
0.01565380730869411
0.01659173220004532
0.01398470735371564
0.008979147088988455
0.003684482371078834
0.0003867207275505827
0.0007510419454382252
0.005263262617031155
0.01307268817976083
0.02226432741393109
0.03046089546013617
0.03555078185887885
0.03631726212857042
0.03277684499752322
0.02613405268326727
0.0183827285879166
0.01168495064441353
0.007724833344370027
0.007232235351268827
0.009817162456518437
0.01414916780662203
0.01841933131782379
0.02093207486762173
0.02064448676437185
0.01749023407903929
0.01239535473871868
0.00699026414882641
0.003107773023562454
0.002225362851851348
0.005015271078694882
0.01113312629446018
0.01930244237136942
0.02766174825308158
0.03426881854355938
0.03761444922677432
0.03700086114779899
0.03268498965557998
0.02575764362440835
0.01780884541970139
0.01048025314648697
0.005043360748309933
0.002111081684927395
0.001560017764615053
0.002664258485823706
0.004386391182287053
0.005726935025998628
0.006026220447038361
0.005131783074489062
0.003393908933236537
0.00150255384371561
0.0002290568646397806
0.0001582537955966323
0.00149522288324271
0.004003023277537453
0.007083196957555178
0.009968578328002483
0.01196147494034906
0.01264357152580138
0.01199235761655886
0.01037243011954067
0.008408729608889472
0.006784879606629201
0.006030088055680886
0.006361067277079975
0.007624241895296549
0.009353371356779921
0.01092131573626646
0.01173817580171075
0.01143467321903869
0.009975827903065835
0.007673645950993051
0.005096560325026916
0.002903340037547422
0.001654259216538797
0.001652111639905662
0.002859530092463672
0.004914199173704726
0.007235219531026559
0.00918763655789538
0.01025850888983677
0.01019323681082124
0.009057262708468333
0.007207693233061082
0.005185516413929623
0.003562828971712648
0.002785977997061935
0.003059400413992614
0.004298796019234373
0.006163052216020152
0.008153286141875772
0.00974806404972263
0.01053756631601015
0.01032180733567013
0.009147443882685877
0.007280537603555982
0.005122572944118686
0.003100520144204809
0.001558237640859498
0.0006796955756730259
0.0004612543187241847
0.00073625305881794
0.001240843239240671
0.001699756707069315
0.001906624485707558
0.001777569886933674
0.001364680790183221
0.0008292972836994009
0.0003850944870279315
0.0002293282500906334
0.0004824946229192171
0.001152875182104251
0.002135042034374524
0.003240986323446824
0.004253785709304002
0.004987884148616053
0.005339362461398892
0.005312120230511598
0.005014402904896734
0.004626812878705555
0.004351347474590301
0.004356385310493196
0.004730723163072227
0.005460183223972377
0.00643064021922693
0.007456966460328264
0.008329626541725295
0.008865735191367246
0.008953749982064461
0.008578479870031012
0.007822658276934845
0.006846107815575981
0.005845955444962809
0.005010725148599081
0.004478307076451796
0.004307150411069764
0.004467745514516833
0.004854107125314418
0.005312403515668755
0.00567852338351126
0.005815691581008341
0.005643968604901054
0.005154290480506116
0.004406692720668391
0.003512676354535008
0.002607576243421613
0.001820114763411122
0.001245599861161305
0.0009282951725024371
0.0008571731493786564
0.000973430263840498
0.001188278563364888
0.001405064025295612
0.001541519338298384
0.001546155969422197
0.001406370593442483
0.001146926970396353
0.0008202213248842309
0.0004911243333789398
0.0002205819579757982
5.167201249831945e-05
1.041613148445556e-06
5.731341137122112e-05
0.0001861666315555347
0.0003403304181415219
0.000471844020144555
0.000543593232128824
0.0005374438424814405
0.0004574295061943532
0.0003274934144637905
0.0001847860536961744
7.011530845964382e-05
1.801581461517106e-05
4.865393876499584e-05
0.0001632497564822475
0.000343927125323463
0.0005578166210017983
0.0007643394115332406
0.0009240314218780842
0.001006931828991393
0.0009987110815634309
0.0009035495222240745
0.0007430573517646084
0.0005516691441575699
0.0003695961672294986
0.0002347703777429758
0.0001755091853655884
0.0002050402766510839
0.0003193497650019015
0.0004981733224346162
0.0007091429384443135
0.0009141459966827036
0.001076477288179686
0.001167571444761462
0.001172115368753822
0.001090453230175026
0.0009382111182870951
0.0007430369812815926
0.0005394114738504609
0.0003623429691366274
0.0002411548417494914
0.0001945253386034076
0.0002275046642401418
0.0003310617447803068
0.0004840614259605694
0.0006572735059090586
0.0008188052350982289
0.0009394030692146676
0.0009977009808507264
0.0009835280469182171
0.0008993542811562335
0.0007595339835831297
0.0005873935758010342
0.0004113447299337344
0.0002595713947607548
0.0001554280557561605
0.0001136029622862878
0.0001378210911993571
0.0002205645525053076
0.0003445901915233971
0.0004861337059183438
0.0006191068817020516
0.0007195477124844278
0.0007696585936810202
0.0007607038905577877
0.0006942111135899827
0.0005814991444707244
0.0004415553593350033
0.0002975548559839932
0.0001728130467100128
8.684120336213921e-05
5.202321094400518e-05
7.170414658436834e-05
0.0001397919010346518
0.0002420429023855383
0.000358774819248296
0.0004682918324743022
0.0005508127892832414
0.0005918428267706029
0.000584518172120919
0.0005306782525741575
0.000440237434849015
0.0003292225315382465
0.0002167990170465435
0.0001217360382342662
5.911728904868167e-05
3.778659141159765e-05
5.90365618516135e-05
0.0001166340106447014
0.000198285994731433
0.0002880991435911897
0.0003695917301618118
0.0004286717557513541
0.0004560384587062437
0.0004485369711268758
0.0004093574878561172
0.0003469322025937696
0.0002731381169699402
0.000200776122162815
0.0001413171930370192
0.0001030333225723475
8.989539179236906e-05
0.0001015364440209271
0.000133933098187542
0.0001807167223410608
0.0002346825833095718
0.0002891036382029018
0.0003386011703782951
0.0003794539852939144
0.0004093966084566295
0.0004270997977233812
0.0004316715721929931
0.0004224154839680138
0.0003990179283257737
0.0003621852074087377
0.0003144242997301556
0.0002608361914601544
0.000209267705659016
0.0001697671974889002
0.0001531030794952449
0.0001685245827638222
0.0002212483088460637
0.0003102519339979467
0.0004270467976205057
0.0005560098565403955
0.0006764608346747169
0.0007662576860173584
0.0008063930903350213
0.0007855083226021479
0.0007034001445238103
0.0005721647415741409
0.0004149628030827993
0.000262051104941802
0.0001448016429299969
8.897420867283969e-05
0.0001087535658268603
0.0002029535427320975
0.0003544535543129509
0.000533246749461951
0.0007025257966002553
0.0008265136540644224
0.0008784889841818892
0.0008467242957171335
0.0007372593316425611
0.0005725016675811341
0.0003860985021517262
0.0002150729849267059
9.12816823485988e-05
3.41987140598892e-05
4.682127315184626e-05
0.0001157122273680935
0.0002150794291718351
0.0003138692082420551
0.0003838393188084419
0.0004066617879326068
0.0003780045389594133
0.0003076835716547015
0.0002159704671326452
0.0001271032775734653
6.205809085236065e-05
3.265697549278944e-05
3.871318758808749e-05
6.90587411540864e-05
0.0001060571295670696
0.0001321630033676448
0.0001363930677579305
0.0001185703744550037
8.993018977021326e-05
6.963075871664527e-05
7.818584943621647e-05
0.0001297944644668048
0.0002261139001511467
0.0003536053238661348
0.0004857453733637373
0.0005898244807636412
0.000636589197209587
0.000609961654527359
0.0005138280345041469
0.0003734153143204401
0.0002303857351879411
0.0001325001491883713
0.0001205099322472733
0.0002158718152416391
0.0004129926743403198
0.0006785924495764575
0.0009588727889822469
0.001192808713342434
0.001328397555565077
0.00133695256288973
0.001221650653264607
0.001017389438797205
0.0007818646841203844
0.0005798998551188748
0.0004654826195812538
0.0004665164129595584
0.0005767687132773993
0.0007574483433509076
0.0009482704877189257
0.001084787221101005
0.001117227269987455
0.001025164836818558
0.0008237689636066257
0.0005596921539910138
0.0002977022874758113
0.0001019072058603563
1.720518784517682e-05
5.644990135411402e-05
0.0001971599038280228
0.000388811753260481
0.0005684273036031971
0.0006796437323262245
0.0006894018678269401
0.0005970416199360553
0.0004330574023484099
0.000247957857969635
9.500742906135163e-05
1.234611543742944e-05
1.082911590339813e-05
7.149947795684802e-05
0.0001540273269472638
0.0002133828062625783
0.000219344084829859
0.0001718726743222151
0.0001066138462620676
8.751951742294583e-05
0.000187810783503754
0.0004645388228969597
0.000934582607696357
0.00156026738716519
0.002250399777644298
0.002878208061874003
0.003312363742482667
0.003453115912125011
0.003262972662173054
0.002782385004960545
0.002124762681273607
0.001450378761747359
0.0009257129710894524
0.0006788613742881807
0.0007635484693217545
0.001142580178002109
0.001696260226604631
0.002254458811241044
0.002643731687169463
0.002736797943576735
0.002490057637596725
0.001957917902274184
0.001279300031580888
0.000639594070480801
0.0002183463312838143
0.0001378021810713056
0.0004269918124762298
0.00101218402970807
0.001736861892797316
0.002405338915198449
0.002838061855087202
0.002921717225203014
0.002639558575689155
0.0020730032663173
0.001374015276948436
0.000716888657483464
0.0002448054231895082
2.796346383415819e-05
4.721422130531452e-05
0.0002090433621659566
0.0003876494947913428
0.0004806509101020085
0.0004596107470857655
0.0003967924560248682
0.0004562286930338719
0.0008477468188352019
0.001755165745071498
0.003259784066077619
0.005283819782784805
0.007577179505745973
0.009757346763400933
0.01139993037585713
0.01215937126038182
0.01188792181612158
0.01071780524506926
0.00907558443414168
0.007615487907547971
0.007077261713267887
0.008098106454780771
0.01102263153594082
0.01576292119195351
0.02175182070934688
0.02801326571317328
0.03334651257193443
0.03658931328184958
0.03690345260336848
0.03401169542660043
0.02832411295125185
0.02090817452351881
0.01329842782449506
0.007173427870531083
0.003969984358075857
0.004520362924598423
0.008803737151488506
0.01588375727363419
0.02406540040463892
0.03125547480933562
0.03546277923795856
0.03533987976104663
0.03063952848578188
0.02248183942036436
0.01334904407065774
0.00678299896710509
0.006819743525123782
0.01725305796529789
0.04085828266745856
0.07873071012468984
0.1298556500630458
0.1910396388075248
0.2571938140984655
0.3219693528187851
0.3786202598692087
0.4209759493031003
0.4443330276373785
0.4461423533113871
0.4263556008891253
0.3874017542531595
0.3337783007270331
0.2713594508609266
0.2065323464118073
0.1453109718713223
0.09256051382436999
0.05147070703358565
0.02331827280244908
0.007544850979497151
0.002106745214911986
0.004010280736438397
0.009923065538340792
0.01675583765553139
0.02211524869748618
0.02457077948157583
0.02371238462451673
0.02001730654643402
0.01457778441705395
0.008757077804408488
0.003848879122191362
0.0008053111323881592
7.129846735987059e-05
0.001549858383567184
0.004682481995478749
0.008616166645111252
0.01241233816163217
0.01525032024047099
0.01658599606698145
0.01623649544504916
0.01438459663790746
0.01150722731888849
0.008252457096141875
0.005293229041572236
0.003189807269621259
0.002286943295554598
0.002662933641230669
0.004135620600659862
0.006318881850702063
0.008714268094583781
0.01081582074777004
0.012209355826507
0.01264395330656477
0.01206763170324982
0.0106221066510317
0.008601406812098162
0.006385569181689696
0.00436347810126866
0.002860559068959979
0.002083874340191734
0.002093596855465424
0.00280285053690786
0.004005069240860755
0.005420106201649712
0.006749894114075719
0.007732873310381467
0.008187473330548449
0.008037984108755459
0.007319834922885684
0.006165089720994289
0.004772233975743647
0.003366984085615996
0.002161632968692061
0.001319964934549985
0.0009330829355426699
0.001009712388251695
0.00148095469311543
0.002217809185772316
0.003057351086266819
0.003832223901823321
0.004399000507261635
0.004659919070060681
0.004575537813673153
0.004166868240143808
0.003507301567160392
0.002706691664780299
0.001890652222422183
0.001178860193020282
0.0006659279446482187
0.0004079419321971795
0.0004159010134913364
0.0006573508657175078
0.001064704723178714
0.001548745102932429
0.002014645780779676
0.002377812423676482
0.002576873070484038
0.002582023268158224
0.002397687039764063
0.002059260313271601
0.001625180440566614
0.001165588043602614
0.0007499725621343017
0.0004356859175634636
0.0002593219127086237
0.0002321421261996637
0.0003400376994465875
0.0005478128039718413
0.0008066519437990218
0.001063484585292788
0.001270281042708215
0.001391839338820864
0.001410762847688412
0.001328897102640002
0.00116535575999083
0.0009514995843044921
0.0007243417796300733
0.000519319577610044
0.000364172764170086
0.0002746801847555631
0.000253159924738619
0.0002896524482886919
0.0003653545787618261
0.0004574279320767319
0.0005440852966876517
0.0006088441701036015
0.0006431673573150284
0.0006469838827824822
0.000627226473619266
0.0005948578266914452
0.0005612522487084603
0.0005348362712784262
0.0005188764019142619
0.0005109229773224678
0.0005040424953826642
0.0004894351143054709
0.0004597728459446868
0.0004122844123305948
0.0003507881681434864
0.0002858667927510012
0.000233191113981994
0.000210087922323282
0.0002312076453233294
0.0003042226306172873
0.0004267591589985219
0.0005853238288647488
0.0007567348674173574
0.0009119901775099431
0.001021802512818474
0.001062681776271438
0.001022304289324132
0.0009028416219700761
0.0007214701803932445
0.0005077398856295573
0.0002982763032038053
0.0001298252800330329
3.214719259969358e-05
2.210620762809747e-05
0.0001004286811951122
0.0002516806415296286
0.0004475126480438687
0.0006524464746764727
0.0008309395247741551
0.0009541562451131446
0.001005032902866565
0.0009806643340386323
0.000891515364307617
0.0007579613023316927
0.0006050390574610013
0.0004567443988502684
0.0003312617371193153
0.0002380909586788867
0.0001776658154513688
0.0001431740173256967
0.0001239429844196853
0.0001092895939232301
9.171002529691289e-05
6.863248331302548e-05
4.236864065996239e-05
1.851724850653277e-05
3.541917485965533e-06
2.43696458093844e-06
1.733958870683034e-05
4.757364451352783e-05
9.10771416027949e-05
0.0001466012812010674
0.0002157919397400539
0.0003041147010331949
0.0004198941687084326
0.0005715067229408929
0.0007631324353935773
0.000990433574964257
0.001237565121602491
0.001476906879603549
0.001672359139856962
0.001785852922810434
0.001786237261044499
0.001658166012228545
0.001408841479444626
0.001070438083322398
0.0006969204483938652
0.0003552789370532053
0.0001127238242460772
2.243239768046456e-05
0.0001111988579313568
0.0003719713163138186
0.0007634794698170374
0.001217360276481655
0.001651450132243929
0.001986536387321051
0.002162503470048082
0.002150485691875986
0.001957807877303355
0.001625015997864499
0.001215540474279516
0.0008007233353721105
0.0004440171036659778
0.0001881426666334032
4.824301881185469e-05
1.232243526933713e-05
4.848388257355797e-05
0.0001165058829449896
0.0001803849195069594
0.0002182925700996363
0.0002272940695970199
0.0002217776595786478
0.0002263870854921802
0.0002658578260955204
0.0003549761618534637
0.0004918617797986983
0.0006566022849724033
0.0008157639355401818
0.0009314103398862835
0.0009720266017595202
0.0009219608776627393
0.0007866747039001868
0.0005920198746378273
0.0003778536029888353
0.0001876678241913982
5.727617206187377e-05
5.827161743867549e-06
3.16137418326279e-05
0.0001138847853180683
0.0002199066805219353
0.0003151484053326609
0.0003734198123889485
0.0003839760098779018
0.0003535357475714821
0.0003027111529765099
0.0002581628997792812
0.0002430227753199871
0.00026864428128588
0.0003304012300488859
0.0004087997911725278
0.0004757245336244033
0.0005037572132235336
0.0004756656299956315
0.0003911161618838898
0.0002682059280714567
0.0001393175253430891
4.230353560873374e-05
9.56047561321995e-06
5.825585680100702e-05
0.0001846214438521836
0.0003641365370892341
0.000557601150112595
0.0007214145736050271
0.0008191028007432232
0.0008307887573847344
0.0007579019900831307
0.000621915807973849
0.0004574868708017041
0.0003023868280330532
0.0001869076589408626
0.0001262086776203395
0.0001175268142630224
0.0001429412153536539
0.0001766286715880153
0.0001941585046698669
0.0001808526327541009
0.0001366378708156377
7.587907505766827e-05
2.240707777072056e-05
1.314684944201031e-06
3.028456126609906e-05
0.0001131487023843254
0.0002377602902494212
0.0003789040549132031
0.0005052590596311124
0.0005884199910681977
0.0006110284304883999
0.0005716512882559363
0.0004849089613432843
0.0003767969242918488
0.0002767519944101643
0.000208929186350237
0.0001853147151771715
0.0002027922289435166
0.0002449853023535682
0.0002882077049784195
0.0003095971606461612
0.000294848860074302
0.0002431026519898589
0.0001674618902704983
9.096342353151497e-05
3.930848642261262e-05
3.255810978182986e-05
7.844709121804014e-05
0.0001693789321482841
0.0002841507881959848
0.0003937931031766105
0.0004699982242131392
0.0004933927105281596
0.0004593697718683292
0.0003795500030857389
0.0002785799412207286
0.0001869460774944791
0.0001322959227430141
0.0001313905735767771
0.0001853362891669307
0.0002793128733003346
0.0003868161391208676
0.0004773027696385785
0.0005246989820467141
0.0005146476341784204
0.0004481382210819709
0.0003408126130306599
0.0002180251009991763
0.0001075108891395827
3.147186018440718e-05
8.18088102034357e-07
1.280253016665647e-05
5.289268319866374e-05
0.000100064071798799
0.0001338300577364224
0.0001409220386546465
0.0001195037193753854
7.977158511666342e-05
4.064962579632439e-05
2.380203728828457e-05
4.655447022286056e-05
0.0001159821024221947
0.0002259417485624447
0.0003578396087562127
0.0004851457085798016
0.0005803512044620949
0.0006222533425298626
0.0006018105766893565
0.0005247740238730842
0.0004102747411575709
0.0002860335672342696
0.00018116132338732
0.0001188349470723911
0.0001105227696408291
0.0001534793114208311
0.0002319481045547823
0.0003217725576790094
0.0003969364989457111
0.0004364534987822632
0.0004294633733370271
0.0003775673204499266
0.0002936989811430117
0.0001979488321761663
0.0001118284593818659
5.238726176231277e-05
2.785802656389466e-05
3.608321615258365e-05
6.588973286221539e-05
0.0001010050855301597
0.0001253489292964169
0.0001280530025932832
0.0001069001318708782
6.913947406226301e-05
2.947282123576016e-05
5.767374862699638e-06
1.372269364686964e-05
6.193437875755118e-05
0.0001487303306292719
0.0002618029770807962
0.0003805380433111256
0.0004809244857059303
0.0005413291662660075
0.0005481208968730194
0.0004993146108502695
0.0004057213062063162
0.0002887407994926324
0.0001758031738441308
9.408489122130543e-05
6.436181480100349e-05
9.611360666684373e-05
0.0001852413127834998
0.0003148828344233024
0.0004589858568761081
0.0005880061942842198
0.0006753937543782407
0.0007031244907401337
0.0006655514440104016
0.0005703560587686755
0.0004366770659870597
0.0002908591483912974
0.0001607325021231058
6.994665447395635e-05
3.320945698118027e-05
5.369871558156095e-05
0.0001229712782456345
0.0002232776733511151
0.0003316001011445416
0.0004246839332044014
0.0004836188475787573
0.0004974136688106004
0.0004646301340299118
0.0003929624994429752
0.0002970490032804951
0.0001950790626125049
0.0001048254423752601
4.034387261965898e-05
9.500418877502144e-06
1.31387652079813e-05
4.564526334729498e-05
9.678169321968841e-05
0.0001542492195863678
0.0002063251017386051
0.0002440864318479946
0.000262748062783291
0.0002619633597976292
0.0002451695479697051
0.0002182143276810395
0.0001877010543287293
0.0001594579922214829
0.0001374184687793053
0.0001232205241146459
0.0001163793218807996
0.0001150403868827846
0.0001169520885575768
0.000120349205438668
0.0001245856492516867
0.0001303013953956556
0.0001390342851216922
0.0001525501035275338
0.0001719586880450783
0.0001970056641565573
0.000225639014408216
0.0002540993104564208
0.0002775819848735863
0.0002911867022693807
0.0002911417377392651
0.0002759103766993386
0.0002468896857489552
0.0002085596756675383
0.0001679214192877393
0.0001333516393582825
0.0001130208358681588
0.0001132013988792969
0.0001368319223135013
0.0001826425291709662
0.0002450157118666228
0.0003148088310558907
0.0003807774199475614
0.000431659624237919
0.0004582857087725504
0.000455444519074848
0.0004231158481122544
0.0003667262894256613
0.0002963943207705126
0.0002253088649584231
0.0001673494709424841
0.0001346077459827629
0.0001350185016455219
0.0001707765925179289
0.0002377102673109912
0.0003258264231950349
0.000420948330546458
0.0005072529397759998
0.0005700101844843057
0.000598369745427488
0.0005874783322691595
0.0005393588538214006
0.0004627842168601619
0.0003717681939871736
0.0002830961510407016
0.0002132899131194604
0.0001755741824886792
0.0001774722924879605
0.0002193373939577711
0.0002942488912092873
0.0003892397033415153
0.0004876212658966145
0.0005720817300478198
0.0006277498359088858
0.0006449738218610008
0.0006210168159204361
0.0005604923271720032
0.0004743913607040708
0.0003780709702374143
0.0002882298433276476
0.000219930207752993
0.0001837947558559079
0.0001842327461912693
0.0002187573546309374
0.0002787386875365614
0.000351139411028296
0.0004211751690026972
0.0004750191706215077
0.0005023679206182425
0.0004981208399752202
0.0004630288901672996
0.0004032058186417691
0.0003287024454309949
0.0002514312261635256
0.0001829215192970798
0.0001322946321866562
0.0001049447193547931
0.0001020177643462341
0.0001206475543757929
0.000154920490025926
0.0001972267882871634
0.0002396891028388963
0.0002753771018273153
0.0002990973352771024
0.0003078740450670056
0.0003009129653389313
0.0002793565721124875
0.0002459979686989599
0.0002049043315594743
0.0001612066588503403
0.000120751202900397
8.978903459034883e-05
7.437354751847429e-05
7.957262731856607e-05
0.0001084593785082282
0.0001611513056888092
0.0002340622021053628
0.0003197723976707094
0.0004076033019760444
0.0004851025892512587
0.0005401338022620022
0.0005634197306152718
0.0005506694715700932
0.0005042187635200339
0.0004331345533377608
0.0003520823725606223
0.0002786170520643064
0.0002297608075657246
0.0002181695102173052
0.0002490893505879922
0.0003187783575350888
0.0004147071241487057
0.0005179050479463611
0.0006068766696917454
0.0006622129264012692
0.0006709981698277502
0.0006298724300271241
0.0005459202169247009
0.0004353426089646083
0.0003197935942636822
0.0002216265466488323
0.0001588176914698169
0.0001409493115925768
0.0001673002414915233
0.0002272082340802653
0.000302945979204274
0.0003741406325273579
0.0004227005454794998
0.0004370470349830379
0.0004145723591361664
0.0003618115553504395
0.0002923530967578213
0.0002230791653798658
0.0001697830199425146
0.0001433792699745313
0.0001474988615961091
0.0001781967246711879
0.0002254891940197015
0.0002763828483696443
0.0003183853635781772
0.0003424175700668397
0.0003447301199740282
0.0003270391635386248
0.000295303390178779
0.0002576801323456998
0.0002222330002580876
0.0001952691873064399
0.0001806314153212378
0.0001799417343290253
0.0001936282745245813
0.0002219077402028888
0.0002654225756643404
0.0003249916682834448
0.000400690685034152
0.000490409810136228
0.0005889563541540717
0.0006878898719146814
0.0007768677141017284
0.0008461194465992154
0.0008897393518784083
0.0009085541634043232
0.0009116995263771553
0.0009160303409645254
0.0009429538824293355
0.001013507521295747
0.001142286981489748
0.001332427851186331
0.001572491421636025
0.001836982771787597
0.00209024473712544
0.002293056908612321
0.002411153237459304
0.002422274088135396
0.002321336061616596
0.002121632618974799
0.001851701975139422
0.001549170767856498
0.001252653159882487
0.0009940837354629629
0.0007930537728224531
0.0006545678372208788
0.0005705372752494405
0.0005240749144980221
0.0004952217983954065
0.0004665475196704671
0.0004270374825990728
0.0003734341438803248
0.0003092371516895004
0.0002418906201063521
0.0001795597501535031
0.0001284804727854465
9.168788409434707e-05
6.935469912973203e-05
6.011388123424752e-05
6.269081915993109e-05
7.695782537233422e-05
0.0001039465112983612
0.0001448836724393342
0.0001997302639192798
0.0002662526517604071
0.000340224197901128
0.0004170409321598872
0.0004945586016172678
0.0005759602649555162
0.0006716379042242149
0.0007986768785264429
0.0009776707942507948
0.001227035770025347
0.001556428730671304
0.001960966062947835
0.002418109141078488
0.002889263439393593
0.003324997602843073
0.003674670203064385
0.003896383191857926
0.003966143770649906
0.003882657717053664
0.0036672659458767
0.003358513627979495
0.00300298643667386
0.002644702187598838
0.002316873664146606
0.002036701320349125
0.001805944341159293
0.001615044557428629
0.001450394003851849
0.001300988580693172
0.001163151071975876
0.001041158965632563
0.0009443246926281331
0.0008819554260013021
0.0008582294580514377
0.0008689871169497374
0.0009025249688531697
0.0009432661027606705
0.0009776417425109848
0.0009991227363745159
0.001010662202165523
0.001022908820471661
0.001048702592135303
0.001095974684895881
0.001162426419758832
0.00123483593091016
0.001294749099058488
0.001330018614129213
0.001348268055178641
0.001387615231891219
0.001518619567274716
0.001833899102241696
0.002425728785005628
0.003354733119667166
0.004620320779256041
0.006139986139982664
0.007751245730678325
0.009235886685065668
0.01037089880880329
0.01099014138435433
0.01104644337000087
0.01065183086583769
0.01008143504907244
0.009731626324121957
0.01003553699891559
0.01135168724355619
0.01384980612594133
0.01742816378186331
0.02168538926136796
0.02596803443582312
0.02949430556421921
0.0315279643333355
0.03157540763382765
0.02955100012491762
0.02586872136135841
0.02142829211889659
0.01747483714628808
0.01536520539076616
0.01626564272631936
0.02085864563936306
0.02911699530166043
0.04021655446712186
0.05260582167638225
0.0642573618088958
0.07303227314445501
0.07712550415407771
0.0754643378311633
0.06800213591898015
0.05581766622571947
0.04099444784714878
0.0262774655420987
0.01459145796938953
0.008471783564856322
0.009560373414013605
0.01823893410320778
0.03349552565196683
0.05306124226127652
0.07377932303921973
0.09216610069956931
0.1050498923306932
0.110146340022958
0.1064954157876137
0.09464397560976266
0.07655164637844476
0.05524809228097939
0.03427349684305437
0.01706277598358488
0.006324625837692423
0.003592504089611435
0.008976631897887551
0.0211904495861091
0.03781658471467329
0.05577601869185986
0.07187825861359093
0.08338878593171972
0.08846628431722013
0.08643924190821399
0.07785020960314606
0.06429502237504411
0.04807742010654437
0.0317813907978842
0.0178057071756803
0.007986764872595148
0.003327606529996083
0.003908549422995461
0.008952730294951803
0.01703537856412387
0.02638058541995042
0.03519389914038158
0.04195297024016304
0.04563247911237587
0.04581256894458507
0.04267875263306438
0.03692008500746792
0.02955595140612369
0.02173438005446708
0.01453123785601495
0.008796033886192881
0.005050602015892698
0.003455717400600227
0.003843193605886776
0.005789871285892583
0.008719344833131207
0.01201012791546305
0.01508765681125377
0.01749599302558916
0.01893506730466615
0.01927254854306676
0.01853086143376339
0.01685908374165284
0.01449608155608179
0.01173496936164524
0.008886614360379054
0.006251765161171085
0.004092862933615391
0.002614229273134018
0.001942391372179468
0.002112945400583529
0.003063588816781109
0.004636406018383071
0.006590737429218201
0.008630270432412648
0.01043795453217311
0.01172228480712388
0.01225955543086305
0.01193423223703213
0.0107627136999928
0.008898030187001105
0.006611268181354089
0.004253586353054137
0.002198998437429759
0.0007834618768848078
0.0002445023605641739
0.0006774039418860014
0.002013760828198481
0.004028485492090033
0.006375244361314146
0.008645514822512116
0.01043856954545839
0.01143440542055286
0.01145138173723192
0.01048123871947176
0.008692478329472939
0.00640046984349248
0.004011904859602647
0.001950461481855984
0.0005781135148715434
0.000130071883122404
0.000670959731496572
0.002084735166186706
0.00409889202128549
0.006337370966953477
0.00839472741880354
0.00991283889065986
0.01064948839746949
0.01051966457505701
0.009606931928043285
0.008138516744285666
0.006431930195034883
0.004824523092085415
0.003602849531383438
0.002944637559603622
0.002890861652832929
0.00335067987778332
0.004139431520246455
0.005039795835035562
0.005870693769364933
0.006543055000880417
0.007089785456409678
0.007655367623592246
0.008447174211532587
0.009657365299404211
0.01137611123529058
0.01351972886453124
0.01580015346671261
0.01775399286856432
0.01883412262004053
0.01855341221194772
0.01665230510610916
0.01324810128515706
0.00892423232296459
0.004715957345153936
0.001979160173996312
0.002139214858634064
0.006364296500056785
0.01521781611779084
0.02838342129397875
0.04452402502779455
0.06137198220342847
0.07603068236355318
0.08552283586042714
0.08744295394505108
0.08064035931941135
0.0657447096932218
0.04540172646458892
0.02408460388095668
0.007481430962596773
0.001460304596283276
0.01081863630698324
0.03802084069417507
0.08221062609500038
0.1388099043077798
0.1998199271026869
0.2549740123789587
0.2936136093967241
0.3069301982933368
0.2902749134348483
0.2449126974977597
0.1787966874796077
0.1060414425909236
0.04487556248973383
0.01441499037584321
0.03058235538761465
0.1020578522094964
0.2270479327873769
0.3918609381442101
0.5716529137311495
0.7340601993245313
0.8448501947707419
0.8754522415337026
0.8105809637328391
0.6548261367806864
0.4365473300116737
0.207881730043265
0.04010668637773986
0.01489892987605416
0.2119278062714001
0.694907913909197
1.498496163191581
2.617543385923868
4.002733312482215
5.561154059437074
7.165032883504217
8.666742059334988
9.91641832014632
10.78331257076325
11.17320729283241
