# RCS in m**2 for a L=5 cm PVC cube at 22.5 degree aspect angle
# frequency = 86.5 GHz, 
# theta = linspace(0, 6.2832, 1441)
# phi = linspace(0, 0, 1  1)
10.31412501418563
10.10979288270966
9.438612017130977
8.372324528833047
7.024306662722671
5.533749449802344
4.046356187656673
2.694728202109694
1.58153167552298
0.7681563423899627
0.2702398421773041
0.06059388965211022
0.07847072137049943
0.243236953326138
0.4697350329323617
0.6825353708845702
0.82675427575322
0.8738275084058266
0.8217458352104241
0.6904147323702222
0.5135539874696082
0.3292023900997006
0.170858798096098
0.06100649100881615
0.00802032132241106
0.006657579907904449
0.04153037851390547
0.09236057639092617
0.1395790839532774
0.1689185437050309
0.1740300795752118
0.1567650292975909
0.125332780492155
0.09106898662671144
0.06479176192892465
0.05374890433069441
0.05987716101309015
0.07971078661641223
0.1057999474522428
0.1291238997259901
0.1417642920074021
0.1390839746116288
0.1208698035066014
0.09118943689921058
0.05708944619872118
0.02656615296057636
0.006393570261561086
0.0004042111863073078
0.008653490711019276
0.02762886225697639
0.05138442187114868
0.07323235921420608
0.08750434173924063
0.09090877026650367
0.08315741462438846
0.06674760489756547
0.04603345646837713
0.02589307515916647
0.01038814728848204
0.001788502711540736
0.0001923620446753444
0.003792918041223193
0.009659361806938301
0.01475884511569913
0.01690099030436231
0.01533737476448327
0.01086072690332076
0.005418440229595671
0.001385107598978491
0.0007428380313757761
0.0044207492414602
0.01199108076254127
0.02179523099086396
0.03144728079856921
0.03854346707049208
0.04136274336666896
0.0393438179362064
0.03320885716627745
0.02471080334367447
0.01609292756041178
0.009432189253099164
0.006063534678684897
0.006252846213106563
0.009200540253360749
0.01336094588723843
0.01696767294427102
0.01859740904481013
0.01760422432484131
0.01429615721009661
0.009814457659645077
0.005757046839772336
0.00367239009777482
0.004574923538457737
0.008626757197773909
0.01507609676980643
0.0224615374297402
0.02901762819523389
0.03315734318067635
0.03389326398846219
0.03107785724373074
0.02540627530333203
0.01818912780878137
0.01097242237759266
0.005121865522156219
0.001485456125255446
0.0002290568292983913
0.0008762805274906787
0.002526465288997064
0.004174128152459738
0.005028779419769864
0.004740029084446745
0.003468304332854057
0.001789586979679922
0.0004746290109887084
0.0002176919584053154
0.00140064671085923
0.003964311809547195
0.007421172204932687
0.01100109734529222
0.01388036841727453
0.01542176204737902
0.01535381751972537
0.01383664099183475
0.01140006057393406
0.008776109949309632
0.006679505130980937
0.005603328647282537
0.005689246090359364
0.006707237671084997
0.00814664881490984
0.009386727550784981
0.00989349614437258
0.009382758093448742
0.007903395413377595
0.005817456564125969
0.003687585001595905
0.002106297136874471
0.001519972080402233
0.00209850365535606
0.003687029413472379
0.005852515679288481
0.008007822542260826
0.009578117005712924
0.01015879555641776
0.009623189440084312
0.008150021429411323
0.006165463361705487
0.004219863991867943
0.002834262985731846
0.002360313467712587
0.002891151656622058
0.004245299779860491
0.006025058100295333
0.007729795084496092
0.008890947842492891
0.009192516412397385
0.008543856037004537
0.007090787793627166
0.005162140746628676
0.003174073491706212
0.001517045811841775
0.0004586092778255512
8.669614568933849e-05
0.0003052718667322916
0.0008802900303692113
0.001519410159257393
0.001961485770609182
0.002050278324672582
0.001773072680508438
0.001255385334070882
0.0007161862163968704
0.0003979255864477276
0.0004924614657271958
0.001083684737022708
0.002122278953898513
0.003438113394203017
0.004786422169360636
0.005912801705028847
0.006620326169107789
0.006819651786624155
0.006549692922078185
0.005964882818367475
0.005291998744087379
0.004770518724805031
0.004590524060436933
0.004845385056354975
0.005510272173671979
0.006450457785640426
0.007457233684367414
0.008300109692718566
0.008783354621925386
0.008791477343672019
0.00831399735190759
0.007444069476887918
0.006353388318144998
0.005248934885019227
0.004324840975302596
0.003719324568723812
0.003487345410630707
0.003594058432103644
0.003929183543833876
0.004337879761707185
0.004659228071575321
0.004763700186166973
0.004580217135994488
0.004108217732080338
0.003412459487794902
0.002603316366733421
0.001808864000578614
0.001144925702945905
0.0006904006006985524
0.0004737015154412186
0.0004712489413819267
0.0006184209394518819
0.0008283197661042345
0.001014158466200891
0.00110908039962308
0.001079498788757224
0.0009292304483279157
0.0006944495723010169
0.0004313390809535284
0.0002001440453976654
4.973581373386059e-05
6.094052657000099e-06
6.743378476927553e-05
0.0002064291034978432
0.0003785453073135217
0.0005340501464909521
0.0006306785417847759
0.0006437289858414817
0.0005715883112074075
0.0004352358564207017
0.0002727549102941662
0.0001295727465947839
4.748907259047872e-05
5.482412970880654e-05
0.0001598398029481883
0.0003487677309010928
0.000588960134564025
0.0008360012111865902
0.00104334899374705
0.001172209271139915
0.001199514757177859
0.001122677334366205
0.0009597707598698296
0.0007455961852462621
0.000524472166473182
0.0003412002056072923
0.0002324231318766505
0.0002194323040743263
0.0003045818714325074
0.000471214972507461
0.0006873412538297935
0.0009121786335018284
0.001103902848837502
0.001227722046309033
0.001261944669115366
0.001201664316546828
0.001059151746658296
0.0008609617531474032
0.0006428021953706461
0.0004426568185410847
0.0002939610951151285
0.0002197768330777144
0.0002290592525807604
0.0003155849050999952
0.0004595971802372817
0.0006318350048391098
0.0007989612645536402
0.0009296165337305267
0.0009998251626849879
0.0009969874103454913
0.0009216070722922394
0.0007868423492298892
0.0006158467262478327
0.0004373746246144934
0.0002807085666679528
0.0001705369817280132
0.0001228605844430715
0.000142439734657482
0.0002222984816939038
0.0003452297783256635
0.0004869735323394438
0.0006206240107782403
0.0007212500377821287
0.0007703320852715637
0.000758653460802162
0.0006878649254778071
0.0005700363495255113
0.000425347645792505
0.0002785115124172535
0.0001543691817029045
7.355295712906009e-05
4.88775247991474e-05
8.315376465340839e-05
0.0001687239473770703
0.0002888552999370947
0.0004208220742751157
0.0005398577933403962
0.0006236852199193874
0.000656513397147028
0.0006318865554205459
0.0005539058031543919
0.0004364973228836538
0.0003008966526131462
0.0001718583801970734
7.301187036138548e-05
2.254318877989647e-05
2.974141512544935e-05
9.320902540678846e-05
0.0002010165649871084
0.0003328891472947297
0.0004639217362441473
0.0005692838998128517
0.0006289346391057805
0.0006314772066320035
0.0005763926065105413
0.0004742181075788822
0.0003445334711789294
0.000212264735358787
0.0001028097892420033
3.712614414791054e-05
2.767834374293257e-05
7.598849927080915e-05
0.0001724372994831154
0.0002982437679897172
0.0004292664973688248
0.0005408765000096545
0.0006128244756006826
0.000633140443973491
0.0006003027133935515
0.0005231250778610837
0.0004185618155308616
0.0003078834637484676
0.0002120913987115621
0.0001476063037127437
0.0001232196175347368
0.0001388730253077612
0.0001865551483651003
0.0002529202460338814
0.000322970265016496
0.0003838097992792455
0.000427518117309274
0.0004524489009565077
0.0004626444702280613
0.0004655880518240696
0.0004690774314424448
0.0004780433521074656
0.0004924134576293154
0.0005066468903476356
0.0005112738267204757
0.0004960347994352436
0.0004537471502107552
0.0003838715378616781
0.0002945262376219679
0.0002021616061564283
0.0001286372347903159
9.63171369680106e-05
0.000122141813884624
0.0002123035327428166
0.0003590272846935288
0.0005405402567616399
0.0007245719430419006
0.0008748258431569479
0.0009590940062418687
0.0009570018490953458
0.00086543472354921
0.0007001676676355834
0.0004929869482360732
0.0002849433625818077
0.0001170490113842507
2.078322921733701e-05
1.079184960270135e-05
8.15752584856592e-05
0.0002091405610663425
0.0003571842269774529
0.0004863379023049589
0.0005639774247375938
0.000572111494214126
0.0005112086968093695
0.0003990777485772367
0.0002650736694562706
0.0001414051078884662
5.403664514142254e-05
1.577360929380927e-05
2.360381309626863e-05
6.099511673923734e-05
0.0001044730412950547
0.0001323983658944969
0.0001332002853986168
0.000110367805689518
8.240730976301256e-05
7.7438674326395e-05
0.000123926344694893
0.0002401551506027405
0.0004257845295147149
0.0006584789765987053
0.0008968231831027683
0.001089897060287622
0.001190433327930486
0.00116878232615074
0.001022906215272312
0.0007817037992348285
0.0004999245226703073
0.0002455454458448813
8.284143366248362e-05
5.542041942647469e-05
0.0001741535487659553
0.0004134609058606112
0.0007174607779545928
0.00101433328914734
0.001235502741049425
0.001333918042171919
0.00129672672129535
0.001148319623190915
0.0009428745608984228
0.000748422247726349
0.0006269165886988364
0.0006159789188037775
0.000717810976461423
0.0008984076786165894
0.001097711676456061
0.001247459188417223
0.00129178577565341
0.001204326802980201
0.00099676331060799
0.0007158889565647051
0.0004302882256168679
0.0002103253707433209
0.0001072556740100658
0.0001381695396293163
0.0002810761894346345
0.000481825847863735
0.0006708616232584845
0.0007846057886253658
0.0007849312297939453
0.0006706292778817489
0.0004771415459841304
0.0002644162673842601
9.70296132279119e-05
2.238973322355784e-05
5.469102555339745e-05
0.0001698745207808942
0.0003138431722944968
0.0004218104800064623
0.0004428568934933458
0.00036173530120339
0.0002103213680758191
6.383548868292903e-05
2.175415711385151e-05
0.00017803879344845
0.0005892262794082478
0.001250252635185832
0.002086267024517676
0.002964430677871426
0.003724066012029864
0.004217450522329515
0.00435030903972316
0.004110331659722421
0.003574428004270697
0.002891780301566985
0.002245810824897715
0.001805730026172769
0.001680236069502242
0.001886848431853723
0.002346379124688449
0.002904300170386199
0.003374116714364786
0.003590314888637068
0.003456202926458963
0.002972500366840062
0.002238220678927949
0.001423141159283249
0.0007194867016447309
0.0002866493799010555
0.0002052897243839111
0.0004545791168336786
0.0009194088699417941
0.001426084002206678
0.001795735436187126
0.001899673464223232
0.001699451756080187
0.001258989985117332
0.0007243984725033944
0.0002769351458676289
7.326193700185981e-05
0.0001919433781111209
0.0006035948939066286
0.001176160653121246
0.001715442737335163
0.002030141925544692
0.00200208226954815
0.001638399293402484
0.001087121127377946
0.0006067529862693996
0.000494735033966113
0.0009927876345560483
0.002197026330666714
0.004002126466959273
0.00610197314888049
0.008054608160191466
0.009401586597459944
0.009812969699604046
0.009219296526172451
0.007888531910602931
0.006419098142203992
0.00563537907678848
0.006402579646747748
0.009397542927609278
0.01489182345726533
0.02260550196113931
0.03167973401911201
0.04079095598432183
0.04839657954110319
0.05306674927059804
0.05383612486337529
0.05048651532485797
0.04369123851902376
0.03497106405678038
0.02645349315461257
0.02047060536152924
0.01907394215902036
0.02356633223533194
0.03415889644151193
0.04983396889096382
0.06847005469362889
0.08720908249004083
0.1030137326503028
0.113304898990182
0.1165515217100147
0.1126864217090357
0.1032511288174539
0.09122517463689753
0.0805503468329772
0.07544023252445567
0.07958187255646183
0.09539279543033694
0.123469106436595
0.1623336151988789
0.2085435068240145
0.2571391045602434
0.3023718563774699
0.3385712479643896
0.3610072285112509
0.3666229189772237
0.3544708558325913
0.3258255486706129
0.2839462949497256
0.2335418938933723
0.180040913038911
0.1287933327326399
0.08433582013924198
0.04983396124737799
0.02678819914324591
0.01500081410362956
0.01282429103667954
0.01759496249370139
0.0261738531117878
0.03549480482224414
0.04302754802576583
0.04709058250789854
0.04698054081553326
0.04291922054367271
0.03585518520074133
0.02716755154363848
0.01834456031533279
0.01069155594485437
0.005118357368763962
0.002031721304940244
0.001336998909780701
0.002532178318807288
0.004864013027428496
0.007506814977853639
0.009729082447536197
0.01101623177058769
0.01113399602453661
0.0101289804458991
0.008274817084107317
0.005982939755856211
0.003699559756791679
0.001811191041434713
0.0005756846490462586
8.869132704455217e-05
0.0002865331389316009
0.0009810549266526648
0.001913972828715207
0.002818029154650006
0.003471788866248732
0.003738045238507343
0.003580485009592487
0.003058066098007559
0.002301038251955377
0.001475850471758436
0.0007467246240386733
0.0002425655833762213
3.45849351987091e-05
0.00012794373663631
0.000467419663200357
0.0009543499355192654
0.001470332680103022
0.001902309835350755
0.002163943560845784
0.002209971364523714
0.002040903460612266
0.001698801668174752
0.001255538758683266
0.0007965147995184758
0.0004035771607544764
0.0001400629237199484
4.076218705876528e-05
0.0001080064799851687
0.0003139923532205479
0.0006083474282087491
0.0009289979764846976
0.001214095102320338
0.001412834003644435
0.001493253635056384
0.001446154709139546
0.00128470316322437
0.001040284778929665
0.0007556702330817577
0.0004770794427730105
0.0002461326292614481
9.366973204874309e-05
3.570627103392713e-05
7.219868872102314e-05
0.0001884776382798664
0.0003588024275282886
0.0005512630372419649
0.0007331295616892554
0.0008757629435862665
0.0009584861030133516
0.0009708710933884669
0.0009133640335092116
0.0007963878854818092
0.0006381148597969315
0.0004614883466490803
0.0002908854323437698
0.0001488468398869001
5.331156635560227e-05
1.55752029928428e-05
3.910336129599594e-05
0.0001193384039190648
0.0002443920158841365
0.0003965743776503193
0.0005545640733134375
0.0006961176741073406
0.000800835165049233
0.0008530194592008773
0.0008439273265346194
0.000773389737506891
0.000650312778245649
0.0004919646194210296
0.0003220135131801279
0.0001674041161629118
5.445704232628683e-05
4.730413234808687e-06
3.124275813987457e-05
0.0001357602440249711
0.0003076598064414558
0.000524821629954568
0.0007564620149432031
0.0009677331872854422
0.001125316830954823
0.001203198481113871
0.001187538439750403
0.001079770797669556
0.0008970996065369554
0.0006703094758696495
0.0004389462963188028
0.0002446740479780175
0.0001239473594500034
0.0001013372485112961
0.0001847400548390595
0.0003635152899383616
0.0006100084636345578
0.0008842741756423059
0.001141205159262339
0.001338727718505029
0.001445595726381677
0.001447062065076964
0.001347420207364516
0.001168833304615716
0.0009466221906425664
0.0007220563560761009
0.0005339805724104756
0.0004111465530865723
0.0003668216959410067
0.0003967708370344067
0.0004810364244169038
0.000589127319159962
0.0006873470160234429
0.0007466954640436175
0.0007494790758113989
0.0006931875836862179
0.0005907562186444167
0.0004671752716426149
0.0003533529981435676
0.0002786274189143289
0.0002637445577664473
0.0003160185104388276
0.0004277443167650998
0.0005782198615967525
0.0007388113184022931
0.000879737610084291
0.0009769264375321125
0.001017075091524631
0.0009999158877721894
0.0009370256145643716
0.0008477268899058013
0.0007533470352920559
0.0006714140297467233
0.0006115503503188983
0.000574209892198417
0.0005526017304884329
0.000537176097108011
0.0005212483553189975
0.000505937293950882
0.0005025602805649626
0.0005314845808332843
0.0006171538667518915
0.0007805039253350229
0.001030562554133665
0.001357801624415414
0.001731399704255571
0.002101812442478208
0.002408852156808204
0.002593555535778918
0.00261177404519906
0.002445629502134868
0.00211017209772091
0.001652968320928392
0.001146298829737261
0.0006731595321081407
0.0003102126431842453
0.0001114525123746205
9.665449679267148e-05
0.0002472415659304558
0.0005109734896358685
0.000814283709820709
0.001079353517151515
0.001241970561287986
0.001265577248143994
0.001148419783564513
0.0009218988645937354
0.0006409343618888243
0.0003689036309282199
0.0001610903879159318
5.118143335857895e-05
4.409031358328749e-05
0.0001168659918933987
0.0002271895670057194
0.00032688679710553
0.0003765491990206121
0.0003571664366118893
0.0002754680734601463
0.0001616297166570499
5.996229419738631e-05
1.541878726357059e-05
5.974660777852157e-05
0.0002012790975846129
0.0004213074864292206
0.0006780911807484697
0.0009173659655562437
0.001086448047270847
0.001147911905827613
0.001089153176260738
0.0009251115570637341
0.0006936250766344488
0.0004448113433159465
0.0002276398090198964
7.753467094007534e-05
8.462053345652836e-06
1.151996030777395e-05
6.0217067409026e-05
0.0001204786398417862
0.0001622598398617148
0.0001690776728977467
0.0001426404331153003
0.0001012580779782266
7.266769300836077e-05
8.368752492944316e-05
0.0001500277477358158
0.0002696063334502977
0.0004215520723834431
0.0005713382854947622
0.0006806374623928973
0.0007188122449571761
0.0006725748016632886
0.0005508150480817554
0.0003828691972192689
0.0002107732862249251
7.755714619926456e-05
1.509976571382732e-05
3.51228416174603e-05
0.0001259845049965379
0.0002563235466542728
0.0003844174936189897
0.0004705295699710305
0.0004885579002522718
0.0004335746697803145
0.0003229732404849683
0.0001910271568076148
7.839664146810735e-05
1.989666104218912e-05
3.403726019951651e-05
0.0001175825168296218
0.0002466090054447222
0.0003837186424594877
0.0004891920776797438
0.0005327001619480232
0.000502039978691539
0.0004064162658681599
0.0002732644992284144
0.0001398182533984265
4.183337007285957e-05
3.154494012859268e-06
2.904922188734093e-05
0.000105334483216038
0.0002033985410349502
0.000289486251178292
0.0003353204504704139
0.0003267536350747469
0.000267893647553805
0.000179450073905244
9.19065972996433e-05
3.572065930825534e-05
3.161894064958936e-05
8.398056164583149e-05
0.0001792984293726266
0.0002902934095515825
0.0003841825107067988
0.0004327849595382111
0.0004211238220341545
0.0003520373448136479
0.000245391892526847
0.000132002796785345
4.437308269751526e-05
6.830804416348905e-06
2.821424384733508e-05
9.93075028325451e-05
0.0001957852288750911
0.0002857151079791622
0.0003395201231810106
0.0003391519612044263
0.0002839565803018433
0.0001911973337396221
9.127015726072984e-05
1.875298698729078e-05
2.173219858858465e-06
5.524241019327307e-05
0.0001723048766231633
0.0003293278759312537
0.0004900325007073826
0.0006157305977279857
0.0006756714863660496
0.0006554065709780622
0.0005605073621813926
0.0004148365027534088
0.0002538366061094357
0.0001149277153730488
2.748042527099663e-05
5.511527147873788e-06
4.468091902447118e-05
0.0001245516489815099
0.0002152190913949898
0.0002862087486981527
0.0003152546482041685
0.0002942964638667296
0.0002311883926365362
0.0001466966393475002
6.794483495433228e-05
2.007515127128169e-05
1.879121470238646e-05
6.574651129839794e-05
0.0001481499885268723
0.0002425613812172894
0.0003218099510589931
0.0003628351270622133
0.0003534206923442326
0.0002957592139451202
0.0002058794285795873
0.0001093004102930434
3.386735832390086e-05
2.109451087839307e-06
2.496187117429221e-05
9.874881339229887e-05
0.000206097601660287
0.0003206126313525897
0.0004138124358416001
0.0004626840742997342
0.0004555350180966311
0.0003949080501102602
0.0002966244358597038
0.0001853300363732461
8.798143624425189e-05
2.678394014499125e-05
1.361489179206079e-05
4.738288243155798e-05
0.0001148410006002757
0.0001945859670823005
0.0002631653448743906
0.000301442421546562
0.0002997382517415093
0.0002602270056736537
0.0001961195345787178
0.0001278166575666473
7.725384038554628e-05
6.17416917711863e-05
8.917601861929087e-05
0.0001556992010997014
0.000246458234737043
0.0003393877460050225
0.0004107591070606541
0.0004414341734766887
0.0004218549802934161
0.0003548723295871838
0.0002553674279510386
0.0001469924436483727
5.661083798280083e-05
7.992170651482849e-06
1.601923171878175e-05
8.30252297368973e-05
0.0001979755189663318
0.0003386850959475802
0.0004766507911978546
0.0005833649005867702
0.0006364719345248989
0.0006247697348360918
0.0005505724701219445
0.0004292106124808091
0.0002857533421902629
0.0001495535895556099
4.821283910792552e-05
1.801090615593641e-06
1.889098396338529e-05
9.506881837007637e-05
0.0002141552570573157
0.0003517134805892215
0.0004803160133027694
0.0005749487149507908
0.0006179949412894141
0.0006023646539163547
0.0005324531889796762
0.0004228192904906646
0.0002949514495899322
0.0001727060317329991
7.778875147910335e-05
2.564754646732416e-05
2.301787546054157e-05
6.713962984683889e-05
0.0001468839956950411
0.0002453977231768175
0.0003435471188692865
0.0004236219155300318
0.0004724477661287924
0.0004833853857689623
0.0004570254167488571
0.0004004504443623088
0.0003254145494527199
0.0002458752987309672
0.0001753018029603374
0.0001244583249211424
9.978094337402948e-05
0.0001027798075214552
0.0001303412437036967
0.0001757685492984155
0.0002303194653978256
0.0002849204426029159
0.0003316033152502883
0.0003646609637236755
0.0003811375520515506
0.0003808930052688782
0.00036614547617191
0.0003407514046818182
0.0003094114733882653
0.0002769231637465543
0.0002475145474652305
0.000224588084671039
0.000210465233083023
0.0002064189546591327
0.0002127584747645788
0.0002288757997467245
0.0002533760690190304
0.0002841193042668519
0.0003182898092560314
0.0003525463549340178
0.0003832255422493202
0.0004067730320984526
0.0004201016184823196
0.0004211823508373831
0.0004094731624654862
0.0003862381143691884
0.0003545943096948432
0.0003192727149855314
0.0002859939558305567
0.0002606892829737812
0.0002484741410158782
0.000252725736672895
0.0002743399056188119
0.0003113664043571551
0.0003591425102484683
0.0004108621471461255
0.000458649584726339
0.0004948684924264579
0.0005134096048444969
0.0005108651219048146
0.0004872979745660779
0.0004462477855618814
0.0003943668105146992
0.0003402944417928874
0.0002931993361522731
0.0002611953728011333
0.000249842680562757
0.0002611374250472644
0.0002930946616841112
0.0003400160409881364
0.000393481831719751
0.0004438087412680134
0.0004817836839747543
0.0005002852267038503
0.0004955379131380442
0.000467773169965293
0.0004211576431565075
0.0003629432530456866
0.0003022022645342546
0.0002480355737617367
0.0002081183427304404
0.0001872259121612598
0.00018656569472772
0.0002036892911537256
0.0002331161001128312
0.0002674410235597587
0.0002988032148920364
0.000320291881428464
0.0003271362093624097
0.0003173999633761724
0.0002920991011238553
0.0002548100632030899
0.0002107997464770401
0.0001660189733924075
0.0001260452010047372
9.522709138549984e-05
7.621350171188858e-05
6.981278714031808e-05
7.518264071958885e-05
9.022545311926915e-05
0.0001120903036467243
0.0001375918815463208
0.0001635864344253201
0.0001870532409934317
0.0002053817379463149
0.000216377413951138
0.0002184825847416371
0.0002110514928403723
0.0001946557003664243
0.0001714044857698289
0.0001449715184859619
0.0001204333408026127
0.000103646853073922
0.0001002545948783505
0.0001145267531911704
0.0001481652093435074
0.0001994668918842355
0.0002630544807632577
0.0003304037478188254
0.0003911571605701191
0.0004350396925633564
0.0004540207215353118
0.0004442427303435223
0.0004072522227884728
0.0003500912839063467
0.000284246623604047
0.000223434330357094
0.0001807468055972181
0.000165710114615738
0.0001819545463516207
0.0002261698757538004
0.0002884793090572196
0.0003544496446456823
0.0004082613587244794
0.0004363041990060614
0.0004304261717230765
0.0003901309722800098
0.0003229064413220319
0.0002428473078738064
0.0001675980332088635
0.0001144308119474003
9.627687791721214e-05
0.0001187190325418317
0.0001786302622228401
0.0002648532376008835
0.0003606535696412895
0.0004475687857802554
0.0005095363452097602
0.0005364443987381723
0.0005262159853237096
0.0004850115322566638
0.0004254703773918431
0.0003635372385211185
0.000314622941668894
0.0002901336598939851
0.0002950404159979889
0.0003272499901480553
0.0003784881321064155
0.0004366963442625915
0.0004891420154388039
0.0005251541017039077
0.0005384734827525853
0.000527899634755575
0.0004969615874272221
0.000452477928202178
0.0004026225256204451
0.000355200845401936
0.0003165255122849851
0.0002910279023624078
0.0002817207572597555
0.0002908917065433555
0.0003208007123661973
0.0003738272286654264
0.000451990783559347
0.0005557489245313472
0.0006828305717047169
0.0008271664712263743
0.0009789097734020276
0.001125417531209793
0.001253568876030827
0.001352543533719538
0.001416741897147816
0.001447829015300791
0.001454998345651568
0.001453624604108227
0.001461848386862813
0.001496202557298736
0.001567056121909889
0.001675067395623659
0.001809760747810678
0.001950397893739622
0.002069841282078519
0.002139591844247086
0.00213597377366925
0.002045519506137628
0.001868193420350133
0.001618025509294728
0.001320878443910429
0.00100958752805935
0.0007178917417676135
0.0004742040459402406
0.0002968973216870535
0.0001917307717177423
0.0001521561166502864
0.0001620484620360284
0.0002002070608636637
0.0002453463967204632
0.0002804829750340176
0.0002956403955870995
0.0002885319130005235
0.0002632080778481038
0.0002273738730968786
0.0001893134845683767
0.0001553920047430633
0.0001288852482052492
0.0001104733343936007
0.0001000658642626673
9.926981495595568e-05
0.0001134830158442371
0.000152746161571069
0.0002306896044042268
0.0003615717061344901
0.0005562232814997569
0.000817588751562624
0.001137906479626256
0.001497798327149505
0.00186884291179838
0.002218403798186994
0.002516667447131964
0.002743350926146629
0.002892597628957226
0.002974476773015643
0.003012111329634267
0.003034970181775478
0.003070009694546118
0.003132598850045862
0.003220184115284689
0.003310920370418653
0.003367690090316134
0.003347533369152033
0.003213689266086468
0.002947935106178592
0.002558557555743407
0.002082934883672174
0.001581468766936718
0.001126239036918996
0.0007845078493093985
0.0006034862192015153
0.0005986715188922385
0.0007502431715739551
0.001007912518855953
0.001303805410751729
0.001568727864138805
0.001749006002777264
0.00181740530672485
0.001776673678425915
0.001653853832381289
0.001488357899676688
0.001317301447863469
0.00116416278564418
0.001033878685285918
0.000917752117267857
0.0008055953661878334
0.0007018837968647465
0.0006387981768385789
0.0006803739487688684
0.0009136018968829735
0.001426372917433892
0.00227703290822793
0.003464835944541248
0.004909604228011902
0.00645344131492551
0.007883670803405001
0.008981575689728254
0.009580477568023172
0.009624606592621895
0.009205946561951152
0.008568611072353519
0.00807029340340989
0.008105868675021999
0.009006317001953664
0.0109368889899365
0.01382361312736484
0.01732875831402465
0.02089633632921931
0.02385882607377036
0.02559477224866232
0.02569949916253134
0.02412837229764598
0.02127235838620119
0.01793928430394755
0.01522568647548923
0.0143032280231731
0.01615200700123561
0.02129960895231101
0.0296309614494207
0.04031245246099401
0.05187139730248021
0.06242917946706779
0.07003949577027756
0.07309441015340372
0.07068842599214323
0.06288226188907443
0.05079076553861404
0.03645606118067082
0.02253747458675261
0.01184141381780814
0.006790447118078263
0.008941483361067775
0.01863224683897329
0.0348451604351531
0.05533022183414081
0.076948777820285
0.09622087735390424
0.1099257252910427
0.1156958202627229
0.1124553491121674
0.1006323300281887
0.08209922277639588
0.0598651968034476
0.03754178747487604
0.0187331304314924
0.006397818139070741
0.002364910852948049
0.007030691227576728
0.01932701794353824
0.03693566945443122
0.05672660545165883
0.07530120254443047
0.08958550138632285
0.09731963770261481
0.09740669727686982
0.09003249686665632
0.07656662040684026
0.05927282046492778
0.04088389039361469
0.02411747238204501
0.01124717838845126
0.003755989512229681
0.002166186811392974
0.006027714782565722
0.01407413973569657
0.02449920670158257
0.03529011876506303
0.04456775017800502
0.05087386753347851
0.0533523989378273
0.05182473215319219
0.04674370652026455
0.03905350149700278
0.02999331888461525
0.02087112438712574
0.0128640994848305
0.006855347834648835
0.003345327131363298
0.002425127495240249
0.003816632583519689
0.006960096656568079
0.01112916563090019
0.01554916881815232
0.01950905392097181
0.02244259420950226
0.02398397836199946
0.02398622384907358
0.0225147777195612
0.01981504066766662
0.016266900472768
0.01232807310063737
0.008478666740615528
0.005163181466886548
0.002744839570891813
0.001464246062755318
0.001415671240052591
0.002535529417490578
0.004610647082705813
0.007302894650535872
0.01019248997764129
0.0128312493607187
0.01480653582272175
0.0157990069498445
0.01563496119484663
0.01431504333823244
0.01202117583112455
0.009093933837582601
0.005983771007551382
0.003180638088818824
0.001137560292062674
0.000192372334311074
0.0005094742498617049
0.002046112942636737
0.004553657336235786
0.007615215364580378
0.01071122617549338
0.01330784644205235
0.01494963883203959
0.01534020489452682
0.01439848371768037
0.01227798782620104
0.009343514254296562
0.00611193147954743
0.003159834940228486
0.001023164280407417
9.797035032528813e-05
0.0005659460609168622
0.002358184114203592
0.005164424080113735
0.008485608108732286
0.01172586295995877
0.01430030647867339
0.01574645832054394
0.01581134650436028
0.01450176425785464
0.01208372291332875
0.009033768943562382
0.005945096382454709
0.00341428370443981
0.001921223055405977
0.00173611781476946
0.002865032331454234
0.005051306005163861
0.007832482400894309
0.01063988210694234
0.01292346401204882
0.01427498201593412
0.01451715263067556
0.01374517581254261
0.0123023487445633
0.01069518486019379
0.009466902491277657
0.009053389702317323
0.009661225876843196
0.01119573122381316
0.01326651840482839
0.01527393292184153
0.01656570026197957
0.01662898769391925
0.01527569074152587
0.01276766908440364
0.00984072473866531
0.00760392675388006
0.007316460049123873
0.01008079005934352
0.01650922180035191
0.02645353530925838
0.0388614713761103
0.05184722066086996
0.06296343643492326
0.06969627436361309
0.0700566185066846
0.06318738803607556
0.04981923279839214
0.03244935688414132
0.0151318750244806
0.002883832730354414
0.0007275807790927633
0.0125601313756686
0.04005389660808623
0.08183811109158541
0.1332489588568484
0.1867197837457327
0.23294373593484
0.2626426038365206
0.2686141265041406
0.2477524175847753
0.2024963102868032
0.1413129636074327
0.07797965875335969
0.02949292234458771
0.012970537929444
0.04188410693075687
0.1224615883496346
0.2509571470003443
0.4127042022012797
0.5831844903174154
0.7317477171858399
0.8270742677403562
0.8442082582290268
0.7714789461554306
0.6162565154221058
0.4080679142624668
0.1980213397815552
0.0539477739842831
0.05185062244149272
0.264178153544684
0.746892379408771
1.527645608531166
2.596316430474556
3.901710383063691
5.352828456979989
6.827715828051899
8.187934786519994
9.295240571679058
10.0314010373435
10.31412412284403
