# RCS in m**2 for a L=5 cm PVC cube at 22.5 degree aspect angle
# frequency = 85.75 GHz, 
# theta = linspace(0, 6.2832, 1441)
# phi = linspace(0, 0, 1  1)
9.896790853963497
9.574102929453836
8.820361664014433
7.713173759623022
6.366838863827256
4.916815361171809
3.501339904697294
2.243176771610471
1.23432683090447
0.52611265326757
0.1258278125779715
0.000316389764665971
0.08542371392224864
0.2994214766678069
0.5578611769519884
0.7872029692834028
0.9350761852088232
0.9756448828375519
0.9096382093611034
0.7596612757633372
0.5621300324561355
0.3577923275005468
0.1827815041969434
0.06192114643052418
0.005301054711128115
0.008409827935982377
0.05532681607765896
0.1238875320648265
0.1914547327437071
0.2399563249486089
0.2591522655183238
0.2476542647326463
0.2117454387747666
0.1625821411559686
0.1126476061056526
0.07241928603430452
0.0480279116222771
0.04036359674788509
0.04566935487908842
0.05728022170285689
0.06791895306016817
0.07186789032365822
0.06645655117647203
0.05252548664297414
0.03384299942025096
0.01573629930446802
0.003381598345025617
0.0002601560068498707
0.007200154637747823
0.02222675239807817
0.04121217560536867
0.05909066149283165
0.07126750254192961
0.07481892677385976
0.06917016634778719
0.05609366555874194
0.03907448517541282
0.02225954729211273
0.009303609003804177
0.002441817510508362
0.002026452655487882
0.006622165459997637
0.01359574129279238
0.01999754965787198
0.02346268283630243
0.02287490143517912
0.01861502995876053
0.0123498999937647
0.006446442746819978
0.003205922983524301
0.004146246130366804
0.009543667892981724
0.01835254720777302
0.0285138878659206
0.037545052940318
0.04323574560227513
0.04424185304511969
0.04042007461370008
0.03281597795722167
0.02332967926027154
0.01416579613702399
0.00723326996808187
0.003669002342251797
0.003605257377847403
0.006234861532536897
0.01013329768106402
0.01372943355341953
0.01577947409814932
0.01570718656315897
0.01372065129270997
0.01068407651986536
0.007800978810247363
0.00621030196363188
0.006622301061650312
0.00910130407469144
0.01305123925864141
0.01740150914729521
0.02092801904451796
0.02261062999979141
0.02191981007721628
0.01895263985451111
0.01438435686748063
0.009258463933455922
0.004683995036693333
0.001529358662091454
0.0002045270466198826
0.0005870719616721513
0.002106385027114163
0.003952548785527458
0.005342179351321071
0.005758801889622421
0.005099435821522599
0.003686581098667952
0.002149492326406356
0.001214663940551887
0.001471101166159718
0.003181281463472668
0.006191665970151627
0.009966322279271567
0.01373096501665757
0.01668176353840744
0.01819954606975912
0.01800725605061812
0.01623046521481024
0.01334742530852357
0.01004739809867687
0.007042430026044405
0.004884227507624902
0.003838209897161467
0.003844439533962963
0.004570353513441534
0.005534485880726019
0.006260393298982929
0.006416984131764759
0.00590420276912617
0.004864971142168276
0.003624152816977637
0.002577352445795582
0.002064493896199167
0.002266219085208677
0.003151981196871837
0.004492215031148101
0.005928346686035501
0.007077531146351353
0.007640883427356039
0.007484149513013545
0.006668716208290563
0.005427066547508609
0.004091522514688126
0.002998550581692282
0.00239615185677897
0.00238002838228124
0.002875060588191045
0.003664679849129272
0.004457641896326893
0.00497237396318622
0.005014383948915535
0.004526575161672965
0.003598817173871378
0.002437759306981877
0.001306072428031494
0.0004494379271202648
3.216790493975511e-05
9.782126301631856e-05
0.0005648303196841714
0.001256066661586276
0.001953035520230078
0.002458668030406265
0.002651353794586394
0.002516205187953971
0.002145956024443555
0.001712805174563897
0.001419282424717524
0.001442522543737389
0.001886155723300722
0.002752366591231117
0.003940305067735606
0.00527044360563283
0.006527640916562356
0.007511436784878624
0.00808099408568958
0.008184612197230543
0.007866020794343245
0.007249453531118675
0.006506355748954208
0.005813960204818995
0.005315489745281926
0.005091269086031954
0.005146247619833069
0.005416510590522996
0.005789928578319218
0.006136413620719676
0.006339405143019491
0.006320996373923368
0.006056090861415496
0.005572574748944807
0.004940066208653226
0.004250090542214742
0.003593612818591403
0.003041511383706427
0.002631809848117941
0.002366059509556797
0.002214632650168542
0.002128460041523772
0.002053632321871392
0.001945277332763882
0.001777250748316844
0.00154593534718027
0.001268163621424102
0.0009743713757869444
0.0006990100135541575
0.0004715751352298672
0.0003096498879427878
0.0002159835897754516
0.000179566289587375
0.0001800683823071417
0.0001941114353146775
0.0002016140763222891
0.0001905147034949395
0.0001589796917606383
0.000114569240042632
7.111599715393527e-05
4.410788705265956e-05
4.601388591748243e-05
8.268890709404318e-05
0.0001517530681877695
0.0002431709028124313
0.0003417730170119192
0.000431029411925839
0.0004969763477744135
0.0005314273434018503
0.0005337490102581011
0.0005106996474698725
0.000474719128054107
0.0004408424737588542
0.0004232992136539259
0.0004323221565576264
0.0004720745087109106
0.0005398641588327351
0.0006270144294350324
0.0007208181231728046
0.0008073271782270024
0.000874141999822672
0.0009128321333930139
0.0009202784663666288
0.000898994794111036
0.0008561686981676894
0.0008019306146648487
0.0007473407296474633
0.0007020356942374343
0.0006727330065456976
0.0006621994430021243
0.0006691903253701055
0.0006891878205316891
0.0007155935093714578
0.0007413175731990168
0.000760174855521207
0.000767965120537978
0.0007630354172425461
0.0007462747071969034
0.0007205822419845635
0.000690008901264327
0.0006587273213936297
0.0006302187196618875
0.000606577205701935
0.0005882882081020769
0.0005743749650610381
0.0005628190601863461
0.0005512359854643263
0.0005374843478642594
0.0005203119868580959
0.0004996571374628084
0.0004766558016428419
0.0004533914769264752
0.000432498665437466
0.0004164703540186703
0.0004071168721179041
0.0004050628607839346
0.0004095407487291946
0.000418339707382069
0.0004281979553546673
0.0004352973940367563
0.0004359245875418383
0.000427208544457346
0.0004076881727632968
0.0003777591920789513
0.0003397428763242463
0.0002976512852476101
0.0002566959574784628
0.0002224849791925552
0.0002001180397396439
0.0001932757338620238
0.00020349346056045
0.0002296631496604182
0.0002680425794968019
0.0003125530090417829
0.0003556480317463149
0.0003893708953775315
0.0004067581855471967
0.000402973744991653
0.0003764233253280979
0.0003292769684242662
0.000267464352857084
0.0002000362631092934
0.0001378514227248031
9.192629581191034e-05
7.150520606773025e-05
8.232411100322258e-05
0.0001252693843278913
0.000195820613015064
0.0002843495285902325
0.0003773958729976966
0.0004597181720817888
0.0005168229042620469
0.0005376603340432929
0.0005168161830536877
0.0004559540508938014
0.000364021748633277
0.000256166669232817
0.0001514486182833237
6.961082046408002e-05
2.756180897868967e-05
3.608368708122351e-05
9.750573503274433e-05
0.0002047810721092316
0.0003422706554260582
0.0004881776380216464
0.0006182370226943418
0.000710100416530467
0.0007474775731510917
0.0007233798373290461
0.0006416071402093324
0.0005163293600766526
0.0003696336804872889
0.0002274882958198268
0.0001148966211277163
5.125719809807005e-05
4.672481958027501e-05
0.0001004216867017135
0.0002008294770360432
0.0003282912108511699
0.0004590818728142623
0.0005701845175491262
0.0006437589935737003
0.0006703207189276547
0.0006500076339243348
0.0005917276770267924
0.000510394543218572
0.0004231017315574991
0.0003449907902491367
0.0002860729071945897
0.0002495318644528519
0.0002320175572088739
0.0002257175212618846
0.0002216046635647717
0.0002128467606041993
0.0001974251678343237
0.0001792144564661018
0.0001669847053703355
0.0001717178088605149
0.0002028141272654444
0.0002643269121529214
0.0003523894195937701
0.0004546406128414519
0.0005521250792506026
0.0006233625609810487
0.000649606055239751
0.0006200399356948824
0.0005354405327311637
0.0004091656583250562
0.0002650626042452317
0.0001324266232247865
3.931873539349366e-05
5.733383513020978e-06
3.841883613843438e-05
0.0001287713512415585
0.0002545120598823476
0.0003848451166478324
0.0004879119416875781
0.0005386594831194977
0.0005251032405003248
0.0004512255461201524
0.0003357787827909382
0.0002072066986954758
9.59146182964849e-05
2.618088032870048e-05
9.705584647531371e-06
4.284654831269119e-05
0.0001082521328950186
0.0001805195562747296
0.0002343884793510504
0.0002530006560537381
0.0002338195747735514
0.0001903172667176818
0.0001486900082623587
0.0001402876904933348
0.000191818231165605
0.0003160890144573443
0.0005061198884061028
0.0007344734783469027
0.0009587441298137989
0.001131554304112309
0.001212983621058508
0.001181689972245627
0.001041826464667182
0.0008233760493994321
0.0005754287535837818
0.000354233394314387
0.0002088473178755193
0.0001683065810600112
0.0002340621367173786
0.0003798341965967199
0.0005590698393359982
0.0007181646733200927
0.0008117799102121131
0.0008158507504175716
0.0007346583630343391
0.0005996911549786429
0.0004604818295787116
0.0003699322085543646
0.0003682891891548165
0.000470450212386962
0.0006604136365221834
0.0008946350426713219
0.00111367353932284
0.001258735394337217
0.00128852144204167
0.001191364140121607
0.0009889825631988894
0.0007305678274833451
0.0004789325416786996
0.0002924483975721316
0.0002084176305431755
0.0002326576525121687
0.000338684157317831
0.0004767805904201888
0.0005904070425808154
0.0006347988419410476
0.0005921076734775048
0.0004779950632898133
0.0003373282563329433
0.0002299000780678507
0.0002103113192035197
0.0003082437042707593
0.000515584612253254
0.0007850971232618789
0.001041968742146276
0.001205540352124198
0.001215289508364766
0.001053109460058001
0.0007546257021871113
0.0004050687523018667
0.0001196511405267588
1.288664141325219e-05
0.0001651560340072608
0.0005961910345444533
0.001253767044695608
0.002021871412289172
0.002747840592335355
0.003281287602086574
0.003515008178914427
0.003416170332851558
0.003038312761770752
0.002510445218658659
0.00200413724678269
0.001688111799421248
0.001681595234474286
0.002019821983952479
0.002641532480825473
0.003402774940742835
0.004113488612576732
0.004587436140961925
0.004691481222239975
0.004380791754604199
0.003709658298650899
0.002814783794510741
0.001876530353009062
0.001068084267339043
0.0005088921201948066
0.0002354690913970565
0.0001985894914256057
0.0002878529373671418
0.0003760493542533183
0.0003694363720709011
0.0002474472338070085
7.808240664509744e-05
2.128195898147802e-06
0.0001887906076634398
0.0007750189192853944
0.00180673701716576
0.003201479611566858
0.004747104203165447
0.006141749220125253
0.007067377429958472
0.007279502469387742
0.00668727933382163
0.005399683773616771
0.003719885832183589
0.002083461598356491
0.0009518138428550054
0.0006866991744542353
0.001438783370520334
0.003084257569241268
0.005232558132654893
0.007311445126893323
0.008714167149118364
0.008976739917927853
0.007937534722154532
0.005834954286491748
0.003307890712156517
0.001286445073264634
0.0007876307749849557
0.002657282218905123
0.00731883848857141
0.01459273217463937
0.02364572366817001
0.03309535476224822
0.04126939991152776
0.04657543576929488
0.04790949720382015
0.04501417664748084
0.03869833792824192
0.03085213566093161
0.02423205439494462
0.02203539376655156
0.02732725390135905
0.04242967622195488
0.06838358077942042
0.1045984478914968
0.1487703695387906
0.1971001390238143
0.2447906132869392
0.2867414152413679
0.318334549196314
0.336150979400906
0.3385299205881968
0.3258257812412311
0.3003457643604733
0.265974419310022
0.2275392593439169
0.1900487546579923
0.1579131367045558
0.1343021553670335
0.1207319086972219
0.1169343222535073
0.1210431358770108
0.1300255322359057
0.1402830917871278
0.1483127128326509
0.1512989293837618
0.1475520007176685
0.1367226237744219
0.1197659907976066
0.0986924622585013
0.07614353671244911
0.05490016795671702
0.03740006798061462
0.02535208111168053
0.01950438408160983
0.01959534379496232
0.02447911203923304
0.03238976984265978
0.04128714974237559
0.04921426171723277
0.05461247822069761
0.05653390510220969
0.05473294784485332
0.04962977268034432
0.04216562250345619
0.03358651790913914
0.02519805345151109
0.01813769402583546
0.01320165194208248
0.01074598824819819
0.01067710704923736
0.01251721744694819
0.01552841697193611
0.01886643654418414
0.02173476585238131
0.02351317805866964
0.02384138452326134
0.02264975443517775
0.0201375422788435
0.01670828947328442
0.01287946428997876
0.009183453980246864
0.00607797944578119
0.00387956565221794
0.002728411791637607
0.002586300187014636
0.003263851365310354
0.00446918029257559
0.005866680173198473
0.007136286662573712
0.008021963980683521
0.008364443185640487
0.008113913181096714
0.007324062290788079
0.006130418296467433
0.004718592498642736
0.003288862667928166
0.002023399866943485
0.00105986349661154
0.0004760461439109958
0.0002853885148343328
0.0004428584115185527
0.0008589640873768264
0.001418535773795593
0.002000880886636427
0.0024981281470786
0.002829225650095293
0.002948280522324366
0.002846787019731325
0.002550127267796011
0.00210984913043792
0.001593168118154387
0.001071719410260747
0.0006110377441661812
0.0002621313570142407
5.605317947715363e-05
1.730997133005989e-06
8.698228801404764e-05
0.0002821621205363814
0.0005457478165905039
0.0008308671527337558
0.001091929654075561
0.0012904970884807
0.001399770392603767
0.001407247826448604
0.001315358981599864
0.001140187896054415
0.0009084575155466985
0.000653386750061632
0.0004098268459306683
0.0002094496902251989
7.653636516926089e-05
2.490999253636607e-05
5.638183476458892e-05
0.0001609085405625646
0.0003183903432572117
0.0005018127586269841
0.0006813933581414105
0.0008289543188094998
0.0009220514492128031
0.0009471583079315713
0.0009014634338909475
0.0007930670282451664
0.0006394242765461214
0.0004644674325594167
0.0002946846518696739
0.0001549121317195529
6.436644720552826e-05
3.373789512218298e-05
6.364254240534751e-05
0.000144796469789552
0.0002597808295024719
0.0003861693264411601
0.000500424733782684
0.0005819389492378267
0.0006164489515255127
0.0005983644325976839
0.000531451140282077
0.0004279091466912904
0.0003059274331526913
0.0001862321407959341
8.82410714748519e-05
2.654000779735488e-05
8.327245549373244e-06
3.232115121105688e-05
8.927654677723515e-05
0.0001640553767126858
0.0002387908388337553
0.0002965475747127084
0.0003247305384107364
0.0003175956049643085
0.0002773296259157544
0.0002134601177955675
0.0001407720463786141
7.609856196690698e-05
3.461383045539172e-05
2.647821992091171e-05
5.449936083188009e-05
0.0001133292652301218
0.00019044134613706
0.0002687002505415623
0.0003300849022567252
0.000359772868744916
0.0003497538162126353
0.0003011775020448727
0.0002248745411958574
0.0001398352592571153
6.982508562924614e-05
3.879034670687375e-05
6.583598502721748e-05
0.0001608458861367285
0.0003215997028968656
0.0005330863864426517
0.0007692703255938857
0.0009969756771211228
0.00118153941566176
0.00129285829889894
0.001311038716370904
0.00123041540104192
0.001061174699792016
0.0008282878531448253
0.0005678074627533096
0.0003211549486414671
0.0001284569035354226
2.193153432308912e-05
2.06754238496405e-05
0.0001276059504354685
0.000329106371790435
0.0005973984850134397
0.0008951779237007278
0.001181618778753611
0.001418795465225464
0.001577264430920821
0.001640026011821322
0.001604318551157581
0.001480850976235831
0.001291022314633423
0.001062634869209143
0.0008249019394897803
0.0006037679659956778
0.0004182655160256206
0.0002784960284045812
0.0001854352308507765
0.0001324507766409103
0.0001080284748256433
9.915966955440856e-05
9.458634130922777e-05
8.732096184296424e-05
7.591562398579566e-05
6.436677593080533e-05
6.06894033234027e-05
7.4550658539917e-05
0.0001145087347903517
0.000185464227734212
0.0002868741870190884
0.0004121597249243806
0.0005493958298256369
0.0006832175679357462
0.0007975237711877812
0.0008784572426091857
0.0009169922403260794
0.0009106456271951427
0.000863888579377308
0.0007871872919264492
0.0006948320231147281
0.0006020541970772415
0.0005219968160236327
0.0004632147454261676
0.0004282397078218331
0.0004135038131166138
0.0004106361887129518
0.0004088046509472728
0.0003975513072545544
0.0003694311078370978
0.0003218882553619059
0.0002578515682469221
0.0001849597788452074
0.000113640280887619
5.451212517969851e-05
1.576041630447209e-05
1.172408033318015e-06
9.319890433848197e-06
3.407268118512368e-05
6.632193875810256e-05
9.642274588895933e-05
0.0001167311480899591
0.0001235469658663685
0.0001179507513715617
0.0001053248001213105
9.368838399424118e-05
9.130558415141786e-05
0.0001042090768680968
0.0001343436185394105
0.000178788406701819
0.0002303234724619591
0.0002791309886274937
0.0003152062970787075
0.0003308325507274091
0.0003223947821731692
0.0002911550736009085
0.0002427380195815203
0.000185579793427118
0.0001287229034857437
7.970067091563822e-05
4.300073192200018e-05
1.958234300161921e-05
7.466266329708802e-06
3.180063907225629e-06
3.540981593387427e-06
7.183380940952226e-06
1.531584301048384e-05
3.145386501842466e-05
6.018132060149341e-05
0.0001053232988878708
0.000168104715042895
0.0002458760171306949
0.0003319025700478786
0.0004162650249034618
0.000487797566653574
0.0005364813685072044
0.000555654690057577
0.0005434960501571978
0.0005032983539275017
0.0004425212773854772
0.0003708912966750943
0.0002980947779137082
0.0002317093992237178
0.0001759352204190505
0.0001314400576601044
9.626894380736751e-05
6.749337541923193e-05
4.296756904649292e-05
2.267862880120241e-05
9.170017025603672e-06
6.922436518709118e-06
2.084985484231991e-05
5.439307941595966e-05
0.0001078040896113571
0.0001771910375368296
0.0002546594849427654
0.0003296222804218919
0.0003908647127726377
0.000428966506342155
0.0004382841553125848
0.0004180674529097904
0.0003724502485092486
0.0003092446932584394
0.0002381015682521781
0.000168363915593756
0.0001073894419250547
5.957719669539341e-05
2.64419391195649e-05
7.395853037641523e-06
1.013099155420793e-06
6.164631088501921e-06
2.2667020479672e-05
5.116592974689473e-05
9.235109141931415e-05
0.00014574553065407
0.0002086290346432371
0.0002754472862501811
0.0003381948413131416
0.0003876056854814303
0.0004150665987272035
0.0004147581661900117
0.0003852551572693022
0.0003302802837198191
0.0002582804252949268
0.0001807433537449928
0.0001099061581734754
5.610767274022657e-05
2.579210958230114e-05
2.038140667921101e-05
3.649476735009063e-05
6.727595685712818e-05
0.0001044887053274579
0.0001407274856757965
0.0001711496775954679
0.0001942462236719469
0.0002114887401585877
0.0002260428097636464
0.0002409898117806232
0.0002576540779329342
0.0002746126890191578
0.0002877464860219305
0.0002913168856861966
0.0002798601806985994
0.0002502605715561265
0.0002033962952292999
0.0001448630955900227
8.433028948379516e-05
3.379707261260555e-05
4.915715244928451e-06
6.217564336252214e-06
4.084414032506245e-05
0.0001054337349483218
0.000190430576417522
0.0002818819345566372
0.0003641598278125422
0.0004231779028540104
0.0004491273140108455
0.0004383347959567967
0.0003937276704104571
0.0003238805053321464
0.000240998028459997
0.0001583279983240266
8.761632073171791e-05
3.722767784366483e-05
1.116431031699849e-05
9.208261377870457e-06
2.783337431792426e-05
6.163336450713353e-05
0.0001047269459420339
0.0001518395486295988
0.0001987350243221432
0.0002421701273710811
0.0002793868938711275
0.0003076366470512481
0.000323897088087565
0.0003251090839196952
0.0003089006561565667
0.0002746284894249999
0.000224378868222702
0.0001636358068546679
0.000101110542972574
4.778050758422884e-05
1.503599515765366e-05
1.239890625000625e-05
4.521796835943761e-05
0.0001129326875872463
0.0002084309777867999
0.0003186839602086537
0.0004267257281853055
0.0005146774203268039
0.000567041737155819
0.0005739343809415204
0.0005331748592720669
0.000451008305304524
0.0003412655613405672
0.0002228343091603944
0.0001162920075691782
4.005036899034634e-05
6.90918297092853e-06
2.177628313771968e-05
8.083226534462134e-05
0.0001723726234496611
0.00027918681930182
0.0003818105490297836
0.0004621925175253357
0.0005068457413612675
0.0005091704092219362
0.0004702111142917956
0.0003981476199518824
0.0003063368183129204
0.0002106838232161202
0.0001266406239268526
6.655007506339771e-05
3.773922820741083e-05
4.171332004094763e-05
7.442201158139962e-05
0.0001275006270173727
0.0001901404442981458
0.0002511916815882381
0.0003010236834834921
0.0003329602040011084
0.0003439353529940135
0.0003345060007558835
0.0003082055881920103
0.0002705215652995758
0.0002277599822221602
0.0001859834161744455
0.0001501986869555669
0.0001239286641995801
0.0001090954734994927
0.0001061735246111589
0.0001144659647588035
0.0001324245835426697
0.0001578955655851746
0.0001882897738455995
0.0002206670055395631
0.0002518473393345829
0.0002785077073075031
0.0002974822330009065
0.0003060789482315496
0.0003025717240518608
0.0002866040272130303
0.0002595440974527373
0.0002245630624003709
0.0001864089393490917
0.0001508636940668917
0.0001238931028660965
0.0001106430132335609
0.0001144772701943765
0.0001361842648034674
0.0001736058090705717
0.0002217677651277448
0.0002734982179756893
0.0003206031883812682
0.0003551452107048806
0.0003709384299875971
0.0003647243661273687
0.0003369036546871263
0.0002916312216051896
0.0002362672817010266
0.0001801880639441031
0.0001332042176798466
0.0001038158823510047
9.766011960324697e-05
0.0001164193753162639
0.0001574109696531034
0.000213940018222279
0.0002764249170663609
0.0003340114136157884
0.0003765394436334672
0.0003963023949533262
0.0003895176416869659
0.0003570287530884135
0.0003041962719715634
0.0002399949516732057
0.0001754369267754539
0.0001215684044258459
8.752708485870089e-05
7.886120442251928e-05
9.65675338204138e-05
0.000136890923453135
0.0001920204370095944
0.0002515539464586778
0.0003043469029090244
0.0003405577379438266
0.0003534051265731351
0.0003403450619894578
0.0003034426483889266
0.0002489305530576419
0.000185957117947133
0.0001249018391564481
7.542054766308537e-05
4.4765752956667e-05
3.654357545120281e-05
5.021542251222919e-05
8.138353005220736e-05
0.0001227879778836831
0.0001657505706099915
0.0002018537945977208
0.0002244180239735568
0.0002295995846097217
0.0002168694921762485
0.0001888113194918879
0.000150405411531856
0.000107887706519243
6.749745567867998e-05
3.441949191967816e-05
1.199873106458348e-05
1.479011298249484e-06
2.149765061743024e-06
1.186474620758966e-05
2.773509078418178e-05
4.678826278050374e-05
6.646598370340822e-05
8.48572510148444e-05
0.0001006486837802295
0.0001129200471701373
0.0001208798305344768
0.0001236991293361421
0.0001205637960223667
0.0001109120785227462
9.487663037228564e-05
7.365252216857167e-05
4.97920999160719e-05
2.712159205915335e-05
1.024158251588791e-05
3.702307962939972e-06
1.092700777703073e-05
3.318955560751328e-05
6.89057046731694e-05
0.0001134850964359136
0.0001599380395879913
0.0002000480269169546
0.0002261160403175794
0.0002327289047698657
0.0002182006828114686
0.0001852878255867115
0.0001409608634464874
9.508941026898969e-05
5.845593316191143e-05
4.027703545920515e-05
4.605797715411591e-05
7.611578671233945e-05
0.000125317871806098
0.000184069739888738
0.0002404966765503445
0.000283179948809057
0.0003039944376209716
0.0003001559698703902
0.0002751005911729624
0.0002377773136072573
0.000200610468184009
0.0001764621019441593
0.0001754696932885195
0.0002024217935448713
0.0002554643057851846
0.0003264811541078419
0.0004030198764080523
0.0004714799535568089
0.0005205497812924146
0.0005441921716226277
0.000543316149351214
0.0005255686997576182
0.0005034364074872164
0.000490973756022704
0.0004999898759288521
0.0005367862970484573
0.0006001283129141206
0.0006811818392853664
0.0007653679833213617
0.0008356213789498106
0.0008764219317186725
0.0008773816768017566
0.0008356509319349336
0.0007563762321396387
0.0006515057191324668
0.0005367340256534742
0.0004281849770347939
0.0003389943178257966
0.0002771319849947501
0.0002447715506328556
0.0002390199040055097
0.0002540003891254469
0.0002832330327920736
0.0003215711468214239
0.0003662546576450721
0.0004166641537361707
0.0004731553571496502
0.0005353491335297145
0.0006008343336495917
0.0006647234596578964
0.0007204581165649223
0.0007617334801886867
0.0007849327203441749
0.0007912098494581816
0.0007875705842498763
0.0007860085258037073
0.000801090378045177
0.000846202549713118
0.000929506523560423
0.001050804325403123
0.001200409288315381
0.001360217497541833
0.001507407909598341
0.001619304437862385
0.001678790698477449
0.00167824869754398
0.001621262700741343
0.00152152534901534
0.001399087474808857
0.001275055487324423
0.001166257882498015
0.001081260964276434
0.001018942426058535
0.0009698289289678535
0.0009198858154650058
0.0008556406275872585
0.0007687439337604229
0.0006591199809862637
0.0005352108761129123
0.0004119544251505723
0.0003063561173391828
0.0002329064663965054
0.0001994228025263852
0.0002051556392389653
0.0002413526729913041
0.0002940916044930352
0.0003484397896205297
0.0003925353844321497
0.0004203402965323181
0.0004323327437890686
0.0004340407901125459
0.0004331134255343555
0.0004361266292309773
0.0004463611065451772
0.0004633502097409505
0.0004844910236243578
0.0005079131781144393
0.0005356433585650867
0.0005754836630285964
0.0006407857103184975
0.0007477584823868196
0.0009106926531694616
0.001136906072528815
0.001422536654180853
0.001751287108887258
0.002096281657268008
0.00242527122507268
0.00270760924115165
0.00292087885991778
0.003055650131915129
0.003116260983760087
0.003117874071723613
0.003080435606975137
0.003021458202463028
0.002950188789157778
0.002864968652434169
0.002754896156847255
0.00260535134568709
0.002405594609478354
0.002155954799947854
0.001871725875072205
0.001582690401015254
0.0013270390923558
0.001142255451693263
0.001054497414825635
0.001070654438912658
0.001175017983293988
0.001332297954265574
0.001496048648447063
0.001620291540929635
0.001671035581390642
0.001634017592368244
0.001516598087456067
0.001343453890335076
0.001147749010712233
0.0009609273916770238
0.0008047798757173028
0.0006890166783801207
0.0006144695579378312
0.0005813996589391953
0.0005986537150025772
0.0006897992615326231
0.0008925189643027531
0.001249560973802963
0.001793371645687011
0.002528423106716284
0.003418199843180892
0.004383293859616325
0.005312908078266509
0.006091772996257031
0.006633950164088579
0.00691713456666229
0.00700325042695356
0.007038381517188804
0.007225241097385136
0.007772600988247511
0.008831647104587351
0.01043541799835983
0.0124622664845823
0.01463584544010725
0.01657351995532556
0.01787430612709137
0.01823401983299466
0.01755683731542412
0.01603614340017012
0.01417128393606751
0.01271109773111817
0.01251730409202991
0.0143747882710033
0.01878288228982517
0.02577493511590413
0.03482188965429233
0.04483784154768329
0.05432854790859247
0.06163711545077563
0.06527427493567134
0.06425193752604309
0.05835401684950082
0.04827826216938159
0.03561313513574549
0.02261670309850651
0.01185909711467648
0.005747851102746317
0.00606473531585587
0.01357135508787662
0.02779466899435885
0.04702025592502247
0.06853805165068812
0.08906128981348232
0.1053019162746799
0.1145412989943043
0.1151402532578033
0.1068510082222692
0.09090217888853383
0.06980137530181268
0.04693284997058813
0.02596805983922179
0.01025408888121126
0.002231805057258006
0.003040910250570735
0.01233879334044121
0.0283839308365878
0.04836482922708706
0.06888975019545893
0.08657089508444635
0.09859337734694278
0.1031461879611745
0.09968464428166822
0.08895810977746962
0.07281745815882942
0.05386319253829853
0.03496750562939803
0.01880778793129664
0.007444026182793656
0.002032489959554356
0.002717484678667171
0.008686622203790186
0.01837976643367758
0.02980566529646512
0.04088717212730878
0.04980220571739675
0.05523466086197825
0.0565303432613543
0.05372651851980666
0.04747070119760616
0.03885239860667883
0.02919254432814604
0.01981428335412104
0.01185584194314065
0.006122721509391072
0.003021134327050048
0.002550720341353589
0.004361720235470695
0.007848584457764242
0.01226771383628136
0.0168501328839389
0.02090454173621063
0.02388796872577752
0.02545271095474116
0.02545936073571184
0.02396879321229379
0.02121345173780528
0.01755793766877295
0.01344944884606159
0.009369896374149976
0.005781367087093788
0.003080718173792646
0.001554172179904375
0.001345582215191972
0.002435281500783914
0.004637789818737556
0.007618389071965192
0.01093267861481417
0.01408059778849963
0.01657676568589878
0.01801993877285483
0.01815914295862513
0.01693719744570021
0.01450996525413991
0.01123152514632379
0.007605165610021678
0.004209827454444762
0.001607208116646374
0.0002470983719205453
0.0003890414088944627
0.002049788897298729
0.004990802092883037
0.008750232241621804
0.01271203124836714
0.01620899510069228
0.01863408047592119
0.01955054540692037
0.01877366458625104
0.01641248087545525
0.01285954180986617
0.008733352420249405
0.004773359155027501
0.001714918883415479
0.0001543874783864836
0.0004393858601301141
0.002595584618009736
0.006312414649516917
0.01098561203428206
0.01582042339177848
0.01996649460607949
0.02267547759904686
0.02343987238270289
0.02209626935998783
0.01886807467903301
0.0143356738913369
0.009341612052635423
0.004841231460827195
0.001723765886698831
0.0006448733684037229
0.001891053368454057
0.005313347148930151
0.01034246576631844
0.01608302497374143
0.02148105212124388
0.02552320490572114
0.02744044835740557
0.02687087849588906
0.02394422157064877
0.01927225276094651
0.01384111114444791
0.008815488502704472
0.005305029062165621
0.004122651034552318
0.005601905580046731
0.009503207286370946
0.01504602635479415
0.02105819373087132
0.02622872501189418
0.02940225329867457
0.02986605529858
0.0275502166020871
0.02309680923766595
0.01776467496622855
0.01317379679574871
0.01094179909563456
0.01227317463685748
0.01760674005984098
0.02640293744793153
0.03715271877729512
0.04761466450490728
0.05528805587430725
0.0580029514658281
0.05453898733788375
0.04510322119534305
0.03154455897098991
0.01719655287061657
0.006349009671411328
0.003380190669080502
0.01172829510420657
0.03289908857935977
0.0657458279175674
0.1062712861631123
0.148024106544322
0.1831719743257082
0.2040951049111155
0.2051859942009276
0.1845599205160277
0.1452011288280731
0.09520401964254671
0.04693332963821388
0.01500379598205302
0.01344372656612572
0.05239944231143649
0.1351493949647471
0.256026619527883
0.4000580646235661
0.5444222262306104
0.6622199016729666
0.7276440623570094
0.722284728860302
0.6410596716656529
0.4967653104898006
0.3220394929791978
0.1678486558260002
0.09817721527742397
0.1815180685947796
0.4799312164226981
1.037315200307876
1.869330926266415
2.955686230664132
4.238532597828372
5.624922570134581
6.996227481463762
8.222331746712763
9.177383273474813
9.757888124718521
9.896796672359999
