# RCS in m**2 for a L=5 cm PVC cube at 22.5 degree aspect angle
# frequency = 87.75 GHz, 
# theta = linspace(0, 6.2832, 1441)
# phi = linspace(0, 0, 1  1)
13.14980048264299
13.0690143088351
12.40652953445112
11.23493358761595
9.678862570543442
7.897123511843838
6.060462583795804
4.328549894437393
2.830001166841911
1.648524413644555
0.8169138622033547
0.3194649178845451
0.1016139697043901
0.08458188066047835
0.1818905868561523
0.314690013910556
0.4232809968540476
0.4732172622796884
0.4555725282105051
0.38222344087917
0.2778104205827244
0.1706110713047747
0.0844419624475278
0.03323955443869626
0.01913288796363344
0.03391523673254525
0.06304099118775094
0.09074995652994183
0.1048402648906684
0.0998526382854158
0.07797996446860916
0.0476933229885745
0.02065801857845831
0.007945226497124524
0.01663177556992784
0.04771031463915088
0.09580051250942831
0.1506460818377356
0.1998945634071533
0.2323489311852701
0.2407979696694006
0.2236962503318791
0.1853159922133871
0.1344191183885633
0.08186996736530096
0.03789514998964932
0.009695253534195604
1.451927871249541e-05
0.006952875117995435
0.02496144718747809
0.04666378152112044
0.06494564035213023
0.07473908626891165
0.07405774595570046
0.06408907237474162
0.04841415380470016
0.03167119580785405
0.01809186353977981
0.01033835336851048
0.008942449413393066
0.01244018525991299
0.0180881899190414
0.02288862409105736
0.0245808798463739
0.02229881972576524
0.01672403675131817
0.009727930900112926
0.003656461373243103
0.0005106736968663754
0.001290271544737156
0.005699045710772377
0.01228629775640737
0.01895515702855957
0.02365989486532377
0.02505939826722903
0.02292273551839278
0.0181653461645067
0.01251868006576195
0.007949427646834829
0.006020036994464621
0.007392710778436787
0.011629495778936
0.01734425596038218
0.0226512193723159
0.02576469443141052
0.02556160302435193
0.02193619186934668
0.01584029623534111
0.009004681532198765
0.003430323982598467
0.0008038439170478749
0.002013936048389622
0.006905200248613718
0.01433401052754878
0.02250182736566854
0.02945814719408259
0.03362340465878109
0.03418459143157931
0.03125679320470435
0.02578121929471786
0.01920513403223458
0.01305008881468873
0.008498025358138083
0.006115159440594617
0.005775961236862027
0.006795119027039892
0.008208146065881806
0.009103331439352918
0.008900615143207152
0.007498726264055625
0.005255629932321257
0.002825701582027031
0.0009147758186145308
3.946437236049084e-05
0.0003663437098433433
0.001677957757273906
0.003468432496134216
0.005129311826016932
0.006160267444916209
0.006334164479284817
0.005763844020354875
0.004852074065724442
0.004144626045684844
0.004136673449336583
0.005096484539602591
0.006963139122454914
0.009351096637612247
0.01165844699540014
0.01324668951662773
0.01363336501425466
0.0126408469852884
0.01045603961426587
0.007582521596135821
0.004702618408944983
0.002488739738231989
0.001420402854067905
0.001659731377211058
0.003018265249290388
0.00502263179585542
0.007056448672284667
0.008536929913219419
0.009073740962280081
0.008567977006805217
0.007225119145778089
0.00548337846284785
0.003880840030113693
0.002901149698492175
0.002842161475963597
0.003741710443817515
0.005377820271621992
0.007338843571324965
0.009140344432961918
0.01035396018639679
0.01071244424314085
0.01016468734389515
0.008870716183396967
0.007140858491030302
0.005343407892670675
0.003804705575866312
0.002733149517253175
0.00218223736883768
0.002060633219243349
0.002180231921613383
0.002325634769648877
0.002322289788878179
0.002084414291746906
0.001630710421289489
0.001066749589681858
0.0005423365752403388
0.0001989827301360981
0.0001245517941642491
0.0003279558020394896
0.0007406132793075125
0.001242311011030533
0.001702274896669798
0.002022073104034009
0.002166961995010935
0.002176636024528321
0.002152364368577163
0.002224820252257182
0.002512603630821283
0.003083451604018085
0.003929125011430034
0.004962168016645494
0.006033745168608534
0.006969727763702835
0.007613054089077201
0.007863504320926753
0.007702676168635671
0.007198836468797633
0.006490751520827601
0.005754547021682155
0.005162555139694664
0.004843813616875062
0.00485616402278212
0.00517564744131836
0.005705110181216596
0.006299083331442652
0.006798535553419098
0.007066499072675555
0.007016981896429568
0.006630891558024398
0.00595588947306303
0.005092581283376976
0.004169349057052427
0.003314383304264148
0.002629596935493188
0.002172566877582322
0.001950082355981973
0.001922763055754616
0.002018642573526149
0.002152667085159967
0.002245787356010637
0.002241233678423567
0.002112930782750687
0.001867248475000104
0.001536816010129188
0.001169839409872916
0.0008176324660941826
0.0005230636986943369
0.0003126183112125632
0.0001932154360810156
0.0001536992781959018
0.0001701328207228252
0.0002130184724974688
0.0002546713284261563
0.0002750309872620975
0.0002647842266167451
0.0002256052689644353
0.0001678439644854823
0.0001065925017416534
5.720197328717917e-05
3.146129991558748e-05
3.511158305729144e-05
6.709224422685288e-05
0.0001204535377592005
0.0001844883234143159
0.000247438782162455
0.0002990611681959552
0.0003325922639823501
0.0003457433550802549
0.0003406018558118615
0.0003227119391574283
0.0002996094810979156
0.0002791367244024689
0.0002679453676603803
0.0002704319658479562
0.0002882830030039877
0.0003203389327980526
0.0003631769321189076
0.0004118056203448465
0.0004605378217190348
0.0005037810885692794
0.000536857099043169
0.0005564381913330815
0.000560961305506762
0.000550754912383681
0.0005279678757153114
0.0004963091120038371
0.0004605895413447283
0.0004261465885149596
0.0003981520057273198
0.0003808281426539487
0.0003768569926876052
0.0003868430068080025
0.0004091548941249483
0.0004400424671220645
0.0004741694400512565
0.0005053847150656944
0.0005277781032826434
0.0005365845350152404
0.0005291573908081941
0.0005054096379864932
0.0004679527998906899
0.0004216867449126028
0.0003730091523239249
0.0003287460083729033
0.0002949538408820111
0.0002758969596970554
0.0002732800923469368
0.0002860297835181195
0.0003104821327249352
0.0003410921945275451
0.0003714454441979759
0.0003953956952094792
0.0004080883752394098
0.0004067936669733976
0.0003912101510843412
0.0003634107403316161
0.0003273241449141857
0.0002879211929329989
0.0002503056071782111
0.0002188846033947926
0.000196687437327401
0.0001851255405427492
0.0001839549156511638
0.0001915935293417098
0.0002056773048838555
0.0002234533196729394
0.0002423136901231433
0.0002600211012739844
0.000274727118990763
0.0002849738091798668
0.0002894773280788121
0.0002870894449658309
0.0002768493189685129
0.0002582323850030109
0.0002315599281612435
0.000198411523450756
0.0001619666784343789
0.0001269616179893502
9.934739171861872e-05
8.537067907701539e-05
9.037228958366156e-05
0.000117390121706195
0.0001659525660073121
0.0002313607808189681
0.0003047954459907226
0.0003742957851997229
0.0004267632061771506
0.0004504762153866964
0.0004378629983213141
0.0003877571776559511
0.0003066281367596937
0.0002084645648841199
0.0001127989683545887
4.140633628020946e-05
1.401560291925848e-05
4.388451422004302e-05
0.0001342216235231297
0.0002763523809769937
0.0004501952985814189
0.0006272593590631535
0.0007756932987684747
0.0008666220803849289
0.0008803790275166446
0.000811335942916588
0.0006701519001343886
0.0004827351420577232
0.0002858436881482952
0.0001201275846404995
2.189633766712997e-05
1.534882847652207e-05
0.0001069927509020985
0.0002835987493278415
0.000514295241310135
0.0007564916924639493
0.0009645226750076127
0.00109907021718269
0.001135432780480761
0.001068604505096041
0.0009141807049958567
0.000704524833703701
0.0004815300790012801
0.0002872211308028654
0.0001545915778063801
0.0001008798757051917
0.0001247038767088707
0.0002077407009893736
0.0003203979206884509
0.0004299702435950575
0.0005090201849562642
0.0005420103032999475
0.0005282509209702168
0.0004807035676353609
0.0004210177490878694
0.0003721768580211168
0.0003512311928991323
0.0003639031078902057
0.0004028375687592221
0.0004499936936705998
0.0004825315154524917
0.0004802796043224792
0.0004327129433729242
0.0003431672979539669
0.0002288235272269376
0.0001164941961014806
3.495226389624439e-05
6.438298007895973e-06
3.952263722910273e-05
0.0001257707419322055
0.0002413814799026775
0.0003534957859924992
0.0004295173983305924
0.0004467617915706587
0.0003994750009260008
0.0003009830573897056
0.0001801388700352233
7.278375717947877e-05
1.090160037316264e-05
1.241382346988731e-05
7.515533698539081e-05
0.000176981931186013
0.0002824043438601283
0.0003539477335635289
0.0003650707886488887
0.0003104388050326086
0.0002101857673633102
0.0001062285136695127
5.122053885208318e-05
9.279121215964009e-05
0.0002577062511907559
0.0005407167235514348
0.0009018717306087152
0.001273824670896966
0.001577737873599984
0.001743666176055439
0.001729986498417614
0.001536052856881569
0.001204218499595318
0.0008101915195348886
0.0004438969599823903
0.0001862051989001235
8.784457890994683e-05
0.0001565802803055074
0.0003564462994706902
0.0006192685666121664
0.0008652202612015548
0.001026282834475135
0.001065738109448237
0.0009879660034171507
0.0008353806602256644
0.0006737133253599354
0.0005702274388302344
0.0005714887547647019
0.0006878201567966381
0.0008893222727328448
0.001114910628529169
0.001291429003089881
0.001357178542750078
0.001282041914891652
0.001077842571946958
0.0007954515887657194
0.0005092173894861926
0.0002935958924529787
0.0001994821894094379
0.0002378399742646626
0.0003763064046439452
0.0005501596918030554
0.0006844436961616326
0.0007201359059768582
0.0006358371410900715
0.0004572735861352872
0.0002509916001773491
0.0001034208996168804
9.150708039246572e-05
0.0002544451926925023
0.0005758779690546774
0.0009835341336835515
0.001367569378339932
0.001613138921214415
0.00163759139984561
0.001420731984230641
0.001017851802997289
0.0005500351271350996
0.000173184690288933
3.38355841761738e-05
0.0002244602694013579
0.000751955344288483
0.001529798503121921
0.002397415220296765
0.003162871013342255
0.003656491449055444
0.003780719066876096
0.003540837780860488
0.003046515367816385
0.002482969053936789
0.002058797829709617
0.001945389927378911
0.002225520139929782
0.002866201784095152
0.003724727863666524
0.004586233395760776
0.005222799371873771
0.005456551264000937
0.005208427665702688
0.004518523304505396
0.003531469223557848
0.002452264040209929
0.001485825292558825
0.000779321050076866
0.0003851740884552343
0.0002565529369420228
0.0002763614226727339
0.0003101992212109336
0.0002653400734115988
0.0001351940365485906
1.250605852407407e-05
6.428081622663281e-05
0.0004739153024049728
0.001367589761536723
0.002748835308285846
0.004465286956395943
0.006222764727320789
0.007649146128357594
0.008393740753950161
0.008236092483013775
0.007170940376845594
0.0054401241060083
0.003495622855289939
0.001896230081356477
0.001159875395065288
0.001610779641558462
0.003265070078100614
0.005792753390340705
0.008575051828692819
0.01085361740890114
0.011936950170124
0.01141400330789362
0.009314677350317742
0.00616618714990506
0.002916790857958015
0.0007322228509761227
0.0007043789145598886
0.003540636022044996
0.009315000811860378
0.01735523180732839
0.02631402292649158
0.03442968271621403
0.03993558926734853
0.04153762191129318
0.03885088331368103
0.03268598655484868
0.02509976378089108
0.01917195128150047
0.01851903783656676
0.02663203931856034
0.04615137366292089
0.07822784941753223
0.1221047098290834
0.175019965926058
0.2324718323500382
0.2888099116355754
0.3380736188878849
0.374898802947241
0.395381282967212
0.3976849542309657
0.3823177769070256
0.3520220233818626
0.3112894605636596
0.2656114669349396
0.2205805520867756
0.1810285812084611
0.1503406198872464
0.1300393661428534
0.1197361844491708
0.1174042551858922
0.1199148550170765
0.1237238941557375
0.1255697330968894
0.1230567587694579
0.1150283128935344
0.1016711134027727
0.08436581488671434
0.0653150006669164
0.04705412609485144
0.03193609244607722
0.02169234869831093
0.01714526816195429
0.01811377999096577
0.02351382668429368
0.03161761600876828
0.04041130956933986
0.04797195242217103
0.05280179755618152
0.0540496474196891
0.0515991188034082
0.04601502932005119
0.03837270454354583
0.03001275260740632
0.02227288166368965
0.01624760565486064
0.01261795851392997
0.01157077745933827
0.01281827677611295
0.01569852964176603
0.01933325281760138
0.02280647722477804
0.0253307861010937
0.02637260831583613
0.02571843075402006
0.02347797658968327
0.0200300890666373
0.0159270904952638
0.01178099255616964
0.008151641478656862
0.005457225766655288
0.003919240030808831
0.003547833636829557
0.004164453816432186
0.005453719476690107
0.007031973534408141
0.008518479786522893
0.009598052052314626
0.01006411572987035
0.009839235657323597
0.008971344780241431
0.007610505392515747
0.0059719655110632
0.004293488105600742
0.002794616341793002
0.001644391135373513
0.0009405517594147423
0.0007032054791526393
0.0008810992227107221
0.001368033791052792
0.0020255835501407
0.002707737205678864
0.003283541875991476
0.003654611286146864
0.00376565206146296
0.003607438466769627
0.003212769331291168
0.00264685218451318
0.00199439327950003
0.001345308730054623
0.0007814675118050045
0.0003659809772783663
0.0001361443997620315
0.000100668532426751
0.0002410071813070488
0.0005161098082571754
0.0008699126782884951
0.001239995213578031
0.001566496755152279
0.001799971825926015
0.001907395884460177
0.001875637785996151
0.001712044036804441
0.001442422225230112
0.001106643019511466
0.0007524845259722553
0.000428801294626691
0.0001786709685611817
3.356422216439561e-05
9.231885776200785e-06
0.0001038377038966703
0.0002985652227436656
0.0005605813560556833
0.0008479798346871084
0.001115894515117852
0.001323157303631355
0.00143826705612652
0.001444002080454497
0.001339936135266966
0.001142408826091385
0.0008820465924450875
0.0005990286796118232
0.000336912651325145
0.0001358358895548756
2.627155507749156e-05
2.413551790016633e-05
0.000128257579612777
0.0003205035770658066
0.0005686431449332303
0.0008315122321773254
0.001065719209410435
0.001232715365197872
0.001305221650731793
0.001271753092092553
0.001138539687507907
0.0009285303569183911
0.0006774724588159492
0.0004278282521062716
0.0002214925452154234
9.257079178137433e-05
6.149115637050343e-05
0.000131481385620327
0.0002880790600870367
0.0005016845699649438
0.0007329276236678602
0.0009396280528511325
0.001084331792070625
0.001140924924068499
0.001099229825018704
0.0009666883781610226
0.0007668558603948255
0.0005350502875593579
0.0003119649006429675
0.0001362971168223013
3.7979768995258e-05
3.308418901831149e-05
0.0001213189215616861
0.0002865208810307387
0.0004999755548609656
0.000725816511966889
0.0009274827729646631
0.00107397109020499
0.001144764263311663
0.001132588346474309
0.001043758480670118
0.0008959676016964068
0.0007144509059707276
0.0005271454501455287
0.0003600012941609066
0.0002332200906626483
0.0001590455368572669
0.0001413454887447851
0.000176714928249772
0.0002566437579030877
0.0003700681786228706
0.0005056230340923897
0.0006531110357288334
0.0008040013127266528
0.0009509897828719118
0.001087117543752279
0.001204771704943051
0.001295238296102711
0.001349036252946615
0.001357139266586257
0.001312856913480347
0.001213981360303154
0.001064523357263603
0.0008755357441634483
0.0006646495880390727
0.0004541911373974739
0.0002681432370237806
0.0001284933458386826
5.15624329280801e-05
4.522076512078115e-05
0.0001074172016674494
0.0002264273970405853
0.0003827358365020116
0.0005522177494289308
0.0007100040318174372
0.0008342848063494567
0.0009093950783081921
0.0009276428504644564
0.0008897284260980879
0.0008037376712317313
0.0006830813229068631
0.000543890896425941
0.0004023326246357007
0.0002723733067546899
0.0001642405462169731
8.369652212950858e-05
3.215922716205298e-05
7.316310294092233e-06
4.16496764919799e-06
1.614709131229518e-05
3.622726654656049e-05
5.781780258458469e-05
7.549197570861621e-05
8.549204772637545e-05
8.601210093247229e-05
7.725964212166873e-05
6.128440383799765e-05
4.154203450130054e-05
2.223832975844114e-05
7.520983431460901e-06
6.459645352860252e-07
3.287739430686959e-06
1.51559593352696e-05
3.403299555103292e-05
5.625459505451689e-05
7.754395795181287e-05
9.400681351226959e-05
0.0001030649250935772
0.0001040409430511302
9.82851036322185e-05
8.875112624011988e-05
7.916819895902898e-05
7.300522478767514e-05
7.252250174918579e-05
7.818230143770712e-05
8.857374041342815e-05
0.000100882098785202
0.0001117573226322588
0.0001183382937183824
0.0001190992786516806
0.0001142994923123115
0.000105881487338489
9.683357493348611e-05
9.025092361852934e-05
8.834095373028188e-05
9.173449543191626e-05
9.923705101707148e-05
0.0001082221062480932
0.0001154561214464754
0.0001181538184303496
0.0001149116973153569
0.0001062498929713831
9.454018160849758e-05
8.335784982376398e-05
7.640112509415514e-05
7.634441952554092e-05
8.391170426815985e-05
9.751927667605216e-05
0.0001135973010973156
0.0001274882283219425
0.0001347177151378657
0.0001322413098003267
0.0001193128697241842
9.772510120439269e-05
7.134778571340732e-05
4.50773726055193e-05
2.354874183618808e-05
9.932949283379223e-06
5.202555227500102e-06
8.049335480093121e-06
1.545647391109576e-05
2.373611698214501e-05
2.971239154562387e-05
3.166376320345499e-05
2.977164943269025e-05
2.592746339324839e-05
2.299241879200471e-05
2.374952569172013e-05
2.989242864741594e-05
4.136754976460871e-05
5.628339984792634e-05
7.141412976086232e-05
8.31257513359165e-05
8.844841224341659e-05
8.5954137767748e-05
7.61646514753666e-05
6.138109730695472e-05
4.498218090132498e-05
3.043266447356109e-05
2.030906576388083e-05
1.562365487856134e-05
1.568730014967333e-05
1.849208019109003e-05
2.150856824701066e-05
2.260664281444164e-05
2.079750189496135e-05
1.656672790218164e-05
1.167626389222992e-05
8.517414067719702e-06
9.225363673500762e-06
1.485294681261436e-05
2.487843526041379e-05
3.72398210810942e-05
4.885597838317563e-05
5.653490788824074e-05
5.794628460797632e-05
5.23819940072018e-05
4.104102516391364e-05
2.675869352742257e-05
1.323185159263475e-05
4.007233306958422e-06
1.477319949533818e-06
6.237202085828993e-06
1.695237642227438e-05
3.07777099146337e-05
4.420673841711854e-05
5.405610825742485e-05
5.833167359703134e-05
5.667409340924052e-05
5.032527009039881e-05
4.160096199324689e-05
3.309058232454147e-05
2.68218251829646e-05
2.369551924842689e-05
2.329547092365844e-05
2.421540386555454e-05
2.466865124823984e-05
2.324907359129706e-05
1.954868744238091e-05
1.440455625312474e-05
9.71342780230577e-06
7.838341835247935e-06
1.080831435127723e-05
1.955992933797764e-05
3.346686561481102e-05
5.034384449165568e-05
6.69001454708313e-05
7.958052647059345e-05
8.550189858752522e-05
8.324946532437647e-05
7.325665272446636e-05
5.770688251910369e-05
3.993722428162731e-05
2.354997296260224e-05
1.146130476441466e-05
5.194818537693809e-06
4.588670312397554e-06
8.000309206825783e-06
1.293644836068907e-05
1.689428774186979e-05
1.816342073910019e-05
1.633711026302632e-05
1.239267096892935e-05
8.304517483264902e-06
6.340275924760467e-06
8.246003387029686e-06
1.458151096159686e-05
2.442930739040395e-05
3.556791662702233e-05
4.50675370685975e-05
5.016060869018846e-05
4.909642304729205e-05
4.176342224871655e-05
2.986344579710667e-05
1.655559134170232e-05
5.700431852369181e-06
8.44113609675989e-07
4.251728241262452e-06
1.625163205414527e-05
3.506175816584248e-05
5.714473560886706e-05
7.805787281170814e-05
9.34678552983305e-05
0.0001002124123821973
9.69972409157501e-05
8.46713515934645e-05
6.594178280049664e-05
4.468044063141955e-05
2.493991077278017e-05
1.003629370362213e-05
1.823547604775705e-06
4.239407824375168e-07
4.385124224806209e-06
1.124006249789155e-05
1.827348118963622e-05
2.326929676853816e-05
2.506556339071031e-05
2.374510184363479e-05
2.044945528270914e-05
1.689697095886979e-05
1.475419438298859e-05
1.505934495226214e-05
1.786568695300313e-05
2.221602616301065e-05
2.645205025295549e-05
2.875749645257819e-05
2.778831671355443e-05
2.319360498018659e-05
1.585992985405177e-05
7.80572599754641e-06
1.723884310366969e-06
2.89582350506393e-07
5.400829081614235e-06
1.756406051152549e-05
3.558595807900056e-05
5.669965581947844e-05
7.706773810719266e-05
9.263634487686639e-05
0.0001000442971904864
9.749850829223688e-05
8.527033471033729e-05
6.577392588767889e-05
4.315882876175208e-05
2.246831351703988e-05
8.595318360478569e-06
5.199171118722779e-06
1.387356225810855e-05
3.372469558922654e-05
6.149108976565824e-05
9.212809241113987e-05
0.0001198473141653671
0.0001392498999550809
0.000146457536134993
0.0001399273157912912
0.0001207865750630696
9.263539945667393e-05
6.086058007266676e-05
3.157944435551125e-05
1.045792503846342e-05
1.594003345051229e-06
6.742729207089121e-06
2.498775565860153e-05
5.292899020863739e-05
8.533854619895338e-05
0.0001161980421600243
0.000139801014502661
0.0001518440470883572
0.0001501639772131728
0.0001351842598774994
0.0001097194434897782
7.846116246849549e-05
4.709756379079207e-05
2.125179013692127e-05
5.499692060824521e-06
2.566365013097181e-06
1.287613342990496e-05
3.453800332286003e-05
6.371991349386374e-05
9.535423184337319e-05
0.0001240549177671332
0.0001450298095885805
0.000154913434091995
0.0001522893427553558
0.0001379122435704288
0.0001145256967318034
8.639146341426624e-05
5.851943903511475e-05
3.586593087769295e-05
2.247709901458141e-05
2.086171664496346e-05
3.157665513952876e-05
5.315849061863533e-05
8.236291904330958e-05
0.0001147189080423046
0.0001452321502730283
0.0001692139005446884
0.0001830363472452411
0.000184729428280767
0.0001743228672221252
0.0001538599613756564
0.0001271119296263142
9.895650588685276e-05
7.464382067767267e-05
5.892242405279952e-05
5.523092994001457e-05
6.511592703882871e-05
8.789824802691104e-05
0.0001207329238668042
0.0001589948207947606
0.0001969842893979901
0.0002288984692735972
0.0002497528707367133
0.0002563033719167908
0.0002476469307141613
0.0002254812498480903
0.0001939065163454011
0.0001588227157385341
0.0001269621070432971
0.0001047301230058216
9.709836207015138e-05
0.0001066469059363321
0.0001330096176057664
0.0001728442355119072
0.0002202785159757285
0.0002678950393793947
0.0003079687140179991
0.0003338335803856061
0.0003411050789219186
0.0003285138280767512
0.0002982040824656889
0.0002554178736027046
0.0002076340496279797
0.0001632665764234806
0.0001301447410216582
0.0001141372650114877
0.0001180885693965416
0.0001413083799342202
0.0001797057747824218
0.0002265004097955714
0.0002735020442401271
0.0003125403328175866
0.0003368859251756165
0.0003424056357955836
0.0003281559877175886
0.0002964769822949584
0.0002524004423427043
0.000202638698782804
0.0001544178317357458
0.0001141898396583308
8.67118647723282e-05
7.437618137814289e-05
7.713248404914493e-05
9.275274344096417e-05
0.0001174349851224007
0.000146601046934078
0.0001756590112400669
0.0002006163380217586
0.0002185360771858398
0.0002276978302370174
0.000227645922813337
0.0002190637636625945
0.0002036221393358651
0.0001838169448154308
0.0001627933206244933
0.0001441140928175937
0.0001314542494414827
0.0001281735232902926
0.0001367968640890683
0.0001584718694076281
0.0001925104695490902
0.0002362169332640704
0.000285065650160139
0.0003332604747607612
0.0003748076152685336
0.0004046362676064577
0.0004198149253650777
0.0004203808302589404
0.0004096328809811903
0.0003936377755266294
0.0003800739812635739
0.0003765392877311089
0.0003887446221061986
0.0004189222457184614
0.0004649911585581331
0.0005206399980907866
0.0005764265018032218
0.000621766752373588
0.0006472908472056859
0.0006470512529608742
0.000620130090123836
0.0005710927203113825
0.0005091368934427089
0.000446221060051555
0.0003944032907129815
0.0003630784733960985
0.000356851948911073
0.0003744072266115737
0.0004087611656674869
0.0004489171977920187
0.0004823165299679285
0.0004977490893741121
0.0004878135652847061
0.000450576680187995
0.0003897676333846357
0.0003138989588667224
0.0002341675012420334
0.0001619824145474624
0.0001067032034067783
7.390182211651515e-05
6.479127039540122e-05
7.662360950077316e-05
0.0001039476998412379
0.0001402062164034034
0.0001793255086577123
0.0002166784735164616
0.0002494887602857532
0.0002764898811153652
0.000297224603461331
0.000311358367129653
0.0003182894613579746
0.0003172815922870565
0.0003081170141427003
0.0002920672731420491
0.0002726728945873121
0.0002560973105546858
0.0002506463925587072
0.0002654164282106358
0.0003083655382069027
0.0003841730643852698
0.0004925447409768768
0.000627454817363196
0.0007776989594062099
0.0009285481141189498
0.00106468396334352
0.001173070824352443
0.001245765874787939
0.001281443211198395
0.001285383492869823
0.001268113607976087
0.001242570892147587
0.001220840260291451
0.001211138055396825
0.001215754062042802
0.001230588773571689
0.001246295489639422
0.0012506889837148
0.001232018615038828
0.001182015070015612
0.001098049173036964
0.000984011361833877
0.0008494190857838734
0.0007073840780469834
0.000571990601515189
0.0004553597807812898
0.0003658129440672528
0.000306929272888554
0.0002780498092864587
0.0002755683431181421
0.0002946602424974872
0.0003307035565766854
0.0003798859943484808
0.000438841766769662
0.0005035682597538745
0.0005681796769688805
0.0006243130586195873
0.0006617093579314502
0.0006705086454652923
0.0006446033806761062
0.0005856085193101786
0.0005057922091765554
0.000429110335872168
0.0003888110681380414
0.000421994547593287
0.0005614061709900847
0.0008264298508208499
0.001215379999085678
0.001701648277864169
0.002234817879118034
0.002748294395653196
0.003170762204900322
0.003441374195662454
0.003522772054369076
0.003410749083746202
0.00313621238412858
0.002759492123566508
0.002357636862175148
0.002007317365697255
0.001767440142887968
0.001666492901898616
0.001696692831543277
0.001817717164370162
0.001968066011497664
0.002081636482183355
0.002104795579082987
0.002009407794282508
0.001798604347856563
0.001503947892377458
0.001175214103328894
0.0008661771695659116
0.000621001481789459
0.0004648268659978592
0.0004016746572566259
0.0004192424424674936
0.0004982925622197971
0.0006227985116598779
0.0007865452437064785
0.0009932084408416585
0.001249951369541412
0.001556653846645943
0.001895853395395571
0.002228338835179692
0.00249906589783968
0.002652995372202148
0.002658953009579708
0.002533093469060901
0.002353854655201825
0.002259913797031281
0.002426958682795511
0.003025234931599547
0.00416618287442692
0.005853945280178898
0.007954672276760362
0.01020219848335373
0.01224093934873607
0.0137063419570017
0.01432591785544825
0.01401452185679681
0.01293946800484382
0.01152927712738836
0.01041330483084765
0.0102971450250992
0.01179362525802618
0.01524694667156524
0.02059256882049429
0.02729977487494898
0.03441193988854879
0.0407074486578685
0.04493773392122315
0.04611906983590707
0.04379410144520412
0.03821252332922357
0.03037602845896257
0.02191176583791523
0.01480175502670428
0.01099490134863002
0.01198809137661154
0.01846354922950611
0.03006569596013779
0.04536953592458915
0.06208590522923571
0.07743684673023606
0.08868753656197841
0.09367439552854666
0.09127351210146893
0.08167240966880061
0.06640240253881007
0.04809823955866392
0.03004845524012941
0.01558229376402908
0.007455054305726202
0.007309921662276862
0.01535782692031919
0.03031343306150502
0.0496286445191562
0.0699434476615395
0.08771697671177829
0.09985606027964747
0.1042847764490968
0.1002946763112288
0.0886476737450034
0.07140824480066676
0.05152864577416862
0.0323064554670491
0.01678339845810479
0.007214794675038213
0.004719694471425112
0.009136116488914506
0.01912264913642003
0.03246653084175599
0.04651807628563837
0.05869125393255107
0.0668986856571198
0.06988180305465287
0.06736211787576835
0.06000679383587502
0.04923120753306837
0.03689267481948875
0.02492570659889724
0.01501350754144167
0.008322081221065338
0.005366885750406639
0.005997014372448304
0.009501913572911023
0.01479904905190878
0.02066400710062274
0.02594973492655748
0.02976849849483106
0.03159525747800321
0.03130156304594015
0.02911064650538426
0.0255040213422521
0.02110134280603829
0.01653877757616964
0.01236620977333503
0.008985349886686565
0.006618915704325381
0.005321315054674856
0.005008747347415921
0.005504566541017829
0.006583490710294393
0.00800758084735074
0.0095504220288119
0.01101069294919197
0.01221520291100204
0.01302238895993263
0.01332470283639301
0.01305697985166694
0.01220633436896404
0.0108230765697923
0.009026579506204011
0.007002195967816708
0.004984215954048662
0.003228793174126761
0.001974971659931025
0.001404808582114242
0.001606481139863961
0.002551502149800246
0.004090785521743881
0.00597092320005458
0.007873605244471301
0.009466273114509325
0.0104603349810322
0.0106638793752691
0.01001785162913983
0.008610201889610933
0.006662901060094205
0.004495602766272271
0.002469302649706294
0.0009221144086598369
0.0001100293001783995
0.0001605065110444431
0.001050712352015778
0.002612502207747783
0.004564452373261869
0.006562534802266117
0.008263266517273243
0.009382857878342412
0.009746373914810166
0.009313257442668027
0.008180060588387644
0.006556166862913024
0.004722938990046653
0.002980255636605785
0.001596231987148348
0.0007643990693855351
0.0005799767840619425
0.001034867528209898
0.002031794980152132
0.003412101225717379
0.004987881125539803
0.006572844808458972
0.008005853589958825
0.00915887684950996
0.009939782350087939
0.01028476134435778
0.01015273252585401
0.009525361249669399
0.008417118978891398
0.006893929317814101
0.00509730918298617
0.0032601385857286
0.001709667270369958
0.0008406604944115282
0.001060800495657772
0.00270721886795811
0.005949239538787162
0.01069946405622606
0.01655478273417163
0.02279604341722756
0.02846443486080696
0.03250890805315099
0.03400023894164362
0.03236613569977557
0.02760522001598617
0.02042195702516591
0.0122287403480599
0.004995585223635849
0.0009319975162134487
0.002057652372192211
0.009716413348348779
0.02415249341944667
0.04423549317113777
0.06745886764690183
0.09021457651519983
0.1084064561887997
0.1182463625242649
0.1171658858465018
0.1045970958615149
0.08247103983246265
0.05522378425332927
0.02927641371756513
0.01194548554921507
0.009998783829070546
0.02805450831536732
0.06719576956802319
0.1241530155876767
0.1912812499471015
0.2575406650132737
0.3104219937512687
0.3384485314930611
0.3339584853129632
0.2954243580449168
0.2288156762098381
0.1475220639307667
0.07053616141309425
0.0191578936945261
0.01253437082588437
0.06297447222604034
0.1719803110193938
0.3280907730111517
0.507137741430389
0.6757163885624629
0.7971188905033297
0.8395624289020095
0.7848026718572485
0.6358347541672444
0.4217460254567047
0.1983049121049493
0.04332431621810461
0.04724521682052647
0.2994453405975336
0.872519085316646
1.807323973200229
3.10044134596442
4.698761706812799
6.499620287185181
8.360106392362571
10.11373238599441
11.59006595761344
12.63885727669005
13.1497920379314
