# RCS in m**2 for a L=5 cm PVC cube at 22.5 degree aspect angle
# frequency = 86.25 GHz, 
# theta = linspace(0, 6.2832, 1441)
# phi = linspace(0, 0, 1  1)
10.05509433809909
9.808873488279882
9.111254478821559
8.035967930512262
6.696491449878194
5.230314330947529
3.780005316587268
2.474103128457276
1.410874721638404
0.6475208863013915
0.1961458806864014
0.02695616202267805
0.07762427595791618
0.2668970750659878
0.5097867281291204
0.7315951483515191
0.8785177306210136
0.9232423922340077
0.8650760982019468
0.7252474069017208
0.5387822665914791
0.3449813720711796
0.1785102105726908
0.06283471734417001
0.007013502534750988
0.006073163557607976
0.04440079552856088
0.1009889057598775
0.155115138216301
0.1911083400445887
0.2012039548050673
0.1860864601326242
0.1532760936579481
0.1140408117451682
0.0797771579646421
0.05885156656185577
0.05464593466376489
0.06518585215463285
0.08427709080288863
0.1036919095593559
0.115718732267795
0.1153469937759544
0.1015308016380714
0.07725530976592605
0.04847633949880222
0.02230967074509469
0.005008026837845432
0.000292978382770098
0.008472185514760066
0.02652520183227434
0.04907771907424858
0.06993876705322281
0.08375328244610451
0.08731666955297714
0.08022585816796407
0.06473840637930445
0.0449417483516511
0.02550875384874898
0.01041265742551177
0.00195821091423433
0.000366743798417257
0.00398127111878915
0.009983096813214146
0.01536948240292316
0.01788850628435987
0.01666371373012382
0.01234635181709101
0.006786845083930521
0.002352186900693575
0.001120208809997606
0.004196917152549944
0.01136012235717675
0.02111918089582641
0.03115917670129915
0.039019049457739
0.04279755564157185
0.04167594140245561
0.03611244716625936
0.02766581911642154
0.01851505846123421
0.01082681337675059
0.006160780908534229
0.005084851316740885
0.007097770155712765
0.0108675034622946
0.01469799289546207
0.01707384758805935
0.01711949837235562
0.01483830876008978
0.0110733661686458
0.007210117558765964
0.004724301485715372
0.004712616214701749
0.00754822818976074
0.01275961517309322
0.01916012373430862
0.0251837201824746
0.02932252207365202
0.03053685506570458
0.02852109408496954
0.02375722554645563
0.01734919657573103
0.01069645849578848
0.005108938636273818
0.001472030831332828
5.719554883958702e-05
0.0005193642925625192
0.002069735917329851
0.003761051073121425
0.00479419664175636
0.004753496543031435
0.003706215296004103
0.002144012595920169
0.0007945732864019405
0.0003672248133216261
0.001313694610983837
0.003676581502487749
0.007067664444721981
0.01077859118625638
0.01398620953135283
0.01598701934503331
0.01639220560693046
0.01522585073792613
0.01290206450747402
0.01009247730720831
0.007526258060435235
0.005785336064289992
0.005152217545772361
0.005553454424705474
0.006609502393469101
0.007771261239168505
0.008499229787166596
0.008429705098386515
0.00748115039503179
0.005870300259696817
0.004037751947632002
0.002509133758165194
0.001733718981465152
0.001949755638106586
0.003114752410847868
0.004918907391626171
0.00687552258325384
0.008460478060898188
0.009258806246133301
0.009077492541853093
0.007993096564288286
0.006322848075223963
0.0045307211658551
0.003095994878458135
0.002382053984472227
0.00254200259700444
0.003484749150541154
0.004908610707578235
0.006390099470693821
0.007501297189675668
0.007922757769715776
0.007521753011179349
0.006377386491955557
0.004747045597730776
0.002989384098939717
0.001464678064280749
0.0004419418967706956
3.746779115778804e-05
0.0001985397394200563
0.0007344399573567219
0.001382624550412785
0.001890006120799168
0.002085605938920741
0.00192540106557911
0.001498221319052604
0.0009933058272453693
0.0006405332069917393
0.0006409445229691343
0.001107520139839814
0.00203176743477863
0.003284661575143974
0.004650374635500124
0.005882487873822535
0.006767325248855316
0.007177349815033992
0.007100598143674277
0.006640318150957655
0.005984630666431935
0.005356794900828007
0.004957539108901295
0.004916054799742806
0.005260382825079878
0.005914252015023823
0.006719773383830768
0.007478803915844085
0.008002731649286964
0.008157108314158208
0.007891559710698571
0.007247762286895896
0.00634554178900218
0.005351144055805691
0.004436885339025982
0.003741683650615593
0.003342308605480478
0.003240924849600293
0.003370689619520925
0.003617158331281337
0.003848656925705192
0.003948523419964239
0.003840841754124522
0.003504968683345849
0.00297574370909836
0.002330937318510604
0.001669892120441016
0.001089285461785614
0.0006611434891999375
0.0004193115196358797
0.0003554459038710871
0.0004255692008919447
0.000563966056050549
0.0007010298323097044
0.0007799938084396833
0.0007690707538548996
0.0006662267037063159
0.0004964688526910671
0.0003025570966973362
0.0001323355484206706
2.58379429003774e-05
5.298050738934046e-06
7.03876357915445e-05
0.000199419085226187
0.0003557651132550152
0.0004976926178527815
0.0005890453288853611
0.0006080310186789333
0.0005522550755049501
0.0004388582107961615
0.0003000207613522274
0.0001750233378140569
0.0001007620106096881
0.0001031619738796722
0.0001911199079577172
0.000354518815598849
0.0005664137768018703
0.0007889347547105765
0.0009814201237013311
0.001109025809505281
0.001149820911768961
0.001099226011406152
0.0009705866541004557
0.0007921779987238661
0.0006012705392608162
0.0004364895136148239
0.0003303618566535897
0.0003029449776746486
0.0003584835708277439
0.0004849935461204951
0.0006571154110341798
0.0008414116749011144
0.00100284434284155
0.001111559348566495
0.001148229516623807
0.00110721762983443
0.0009971973896615539
0.0008389377264902041
0.0006610933689446181
0.000494644509979466
0.0003672288106811293
0.0002982621622233707
0.0002958012275498525
0.0003555790919322926
0.0004622538925236771
0.0005926596445422117
0.0007202253143055073
0.0008198295588868343
0.0008722554706829263
0.0008674008142156998
0.0008056458627027849
0.0006975080185153597
0.0005614537073517251
0.0004203358079710944
0.0002972805310805539
0.0002116271753082018
0.0001756283195327472
0.0001924963852001277
0.0002560763941626759
0.0003521465628343806
0.0004610644448248702
0.0005613347840598652
0.0006334155676041191
0.0006631160482968324
0.0006440555868078273
0.0005786319677140204
0.0004776354376549026
0.0003581730198825715
0.0002407156590115468
0.0001453907679542979
8.843954089626029e-05
7.92981853645284e-05
0.0001189014431343418
0.000199430444216304
0.0003056584258535529
0.0004176599014852007
0.0005142581677450411
0.0005769261207481336
0.0005931779253479237
0.0005589326304424343
0.0004794361313035401
0.0003685087376319599
0.0002461061106223228
0.0001348668197974894
5.590257365792691e-05
2.485222915985538e-05
4.882203026522307e-05
0.0001248216628577353
0.000240054066466351
0.0003740315883064715
0.0005022737225357678
0.0006007933242823246
0.0006506645078298532
0.000641792309745459
0.000575025818189761
0.0004623396822440069
0.0003247256341898274
0.0001884643416021057
8.010394159078447e-05
2.137013817626027e-05
2.486435990567791e-05
9.144948801626726e-05
0.0002098938203508578
0.0003589122623672622
0.0005111927258836627
0.0006386976186879928
0.0007180910194299308
0.0007353543099846231
0.0006884509664273676
0.0005875616224731283
0.0004529259228741218
0.0003105764919874204
0.0001870051685212329
0.0001038281286325038
7.363240687225806e-05
9.788943329117625e-05
0.0001672861849837064
0.0002644273760028409
0.0003681363488325084
0.0004583753045715006
0.0005205915895645372
0.0005484451273518763
0.0005443743909062157
0.0005178478765407433
0.000481938132357894
0.000449126339388196
0.0004275368681097802
0.0004186395968637245
0.0004171293886039316
0.0004130130024337861
0.0003953440160953297
0.0003565937145981237
0.0002962671306215672
0.0002227256810441906
0.0001522686591788747
0.000105759560490115
0.0001032434129996384
0.0001580129546873941
0.0002717512982101681
0.0004321564436569325
0.0006140267599508765
0.000783780956700385
0.0009067015273642253
0.0009550232401309065
0.0009150773032648278
0.0007914458126426019
0.0006068990067207378
0.000397953530599135
0.000206823643581574
7.172375053604575e-05
1.786578927972614e-05
5.148358085296053e-05
0.0001584167136352258
0.0003077220232951836
0.0004594947378442194
0.000574865903051888
0.0006255791696123344
0.0006007158643472135
0.000508676152507497
0.0003740026662216364
0.000229990355943961
0.0001091433339764245
3.421335145437668e-05
1.249248981129673e-05
3.488958134052905e-05
8.016491997039721e-05
0.0001229692050938004
0.0001432389231526191
0.0001340337290584974
0.0001051231198410248
8.098880981531683e-05
9.353865432483417e-05
0.0001714103712670448
0.000329075401063278
0.000559109374112464
0.0008304769193949916
0.001093755573197647
0.001292596603400751
0.001378587844344661
0.001325240596653481
0.001137312667782969
0.0008522678917821052
0.000532890839683232
0.0002526700563482033
7.746188511789569e-05
4.837865533429623e-05
0.0001707024964338974
0.0004120486619413037
0.0007106037484389553
0.000991544886498803
0.001187036513232294
0.001254614053631714
0.001188490953391523
0.001020657894180216
0.000811282484258312
0.0006310799492232718
0.0005405409847887887
0.0005721082000012968
0.0007203613232968465
0.0009434143434114896
0.001174941048914549
0.001343581063520392
0.00139405409507718
0.001303720740924003
0.001089569068720487
0.0008034959970998074
0.0005173183242696568
0.0003014895507951499
0.0002044558617826632
0.0002384645503475947
0.0003764267622303081
0.0005608258885108031
0.00072198386057265
0.0008001666307967746
0.0007645943608249803
0.0006233236547018687
0.0004206222876782173
0.0002225211157442981
9.4803742881787e-05
8.046471484479696e-05
0.0001840640919324561
0.0003684309570705827
0.0005655676310387525
0.0006990334232955162
0.0007111666462336053
0.0005866020015504452
0.0003639781972182861
0.0001310248190396615
3.007703003635214e-06
8.976907350376826e-05
0.000460626094272455
0.001117578195559876
0.001985773535222757
0.002925540025295463
0.003763996893967874
0.004338750394645132
0.004541786805003158
0.004350987803491098
0.003839629337782153
0.003160012015611335
0.002504906586412692
0.002056594164899113
0.00193700494305816
0.002173970831221763
0.00269238729942411
0.003334322410845593
0.003902333234755551
0.004214531165808303
0.00415552950393427
0.003708970286773206
0.002961911787036873
0.002079725409613689
0.0012583590900101
0.0006681066607083357
0.0004055257627604369
0.0004673082737589702
0.0007550681473017662
0.001109134265449015
0.001361675299555884
0.001392829133050968
0.00117200544363359
0.0007711457533833626
0.0003441218623377749
7.763110326106372e-05
0.0001279059575888525
0.0005626730775804994
0.001328000347928301
0.002252358072734353
0.003089944032229202
0.003592874877385249
0.003591904845739128
0.003060820129099087
0.002142800993139584
0.001126151568044379
0.0003715329073378514
0.000208202102532079
0.0008274832443874759
0.002206143498649015
0.004086689694870449
0.006028256220632194
0.007521831704451972
0.008144817351495885
0.007714026066142233
0.006393581218121404
0.004718581692658121
0.003516688289904386
0.00373335138659876
0.006194810710395978
0.01136315462634283
0.01914682521051034
0.02882350299153549
0.03911080631890659
0.04838476608222358
0.05501824399442766
0.05776261602985761
0.05609601025574948
0.05044826717554531
0.04223908961485925
0.03369972443119768
0.0274978545168808
0.02622685751059899
0.03186182834554156
0.0452907577688767
0.06603290515236826
0.09221074504314695
0.1208020197464859
0.1481372832575545
0.1705559968593668
0.1850997337168451
0.1901047973923985
0.185576200647138
0.1732554394187854
0.1563696092679711
0.1390855977831352
0.1257766079987304
0.1202266158449812
0.1249262768197418
0.1405832742335195
0.1659437115658613
0.1979577412413746
0.2322560027595021
0.2638456121684821
0.2879311363285634
0.300670770550136
0.2997729372166736
0.2848267587205917
0.2573206943884731
0.2203519982490024
0.1780997352343522
0.1351556006109131
0.09582687659506268
0.06354565822760555
0.04043597835120313
0.02714326909662591
0.02289818209223267
0.02579616317546811
0.03322591324057979
0.04236015083938326
0.05062259288988025
0.05605689846671366
0.05754732090852518
0.05487327786153055
0.04860836010036192
0.03990088251217733
0.03018829600633715
0.02090392864635005
0.01322601840232129
0.007908133143974686
0.005207006037387113
0.004909316920296094
0.006436124511033857
0.008997398558043128
0.01176121424305028
0.01400531695598534
0.01522727891329461
0.01519878963110359
0.01396341446938947
0.01178595402664049
0.009069979865542779
0.006263159034405858
0.003769599162905005
0.001882427051364158
0.0007484798314471802
0.000364040432476096
0.0005989116043502612
0.001239753545337452
0.002041700959758884
0.002777619381784426
0.003276258564104856
0.00344407284731893
0.003269231875239317
0.0028100173141578
0.002171828482127874
0.001479543337468196
0.000850312312434681
0.0003724980388853853
9.328646555578452e-05
1.60847498862237e-05
0.0001067053473054881
0.0003056696942359222
0.0005435396260981626
0.0007557465910382968
0.0008942557916167713
0.0009343655837218781
0.0008759142672047067
0.0007397125110644351
0.0005602932571756053
0.0003771265026156518
0.00022595717313887
0.0001321540740829816
0.0001067416575394207
0.0001458442671239856
0.0002330174967943676
0.0003437726035364963
0.00045113521091503
0.0005311456914340002
0.0005672525175653975
0.000552915825237578
0.0004920971032037464
0.0003978656175116814
0.0002892470694772127
0.0001874565898308226
0.0001118162056289673
7.631723856631439e-05
8.731789092536842e-05
0.0001426711212771174
0.0002323564302073789
0.0003404540474191497
0.0004479890716812421
0.0005362629322227456
0.0005900197838491203
0.0005999699186756797
0.0005643394751640995
0.0004891244901525471
0.0003871367662222394
0.0002759426730048218
0.0001750071518541728
0.0001025420929106179
7.250335449474241e-05
9.220451990134131e-05
0.00016097814746977
0.000270075699406801
0.0004038606301059651
0.0005421585157094007
0.0006634559385262551
0.0007483347450157062
0.0007828496577967038
0.0007609798557766336
0.0006859900322568414
0.0005702356823148358
0.0004334493902457418
0.0002997412734171985
0.0001936810576003046
0.0001361353886373129
0.0001405626525037579
0.0002103926724456486
0.0003380478476582051
0.0005057802019520903
0.0006884090407712358
0.0008573789600173518
0.0009856513537146742
0.001052456281361421
0.001047125299699501
0.0009712324397435986
0.0008386123080665808
0.0006730871757994738
0.000504397880641374
0.0003628656636394699
0.0002738392696259525
0.000252974011337712
0.0003032678909436551
0.000414423706380241
0.0005647839267267361
0.0007255033957474291
0.0008661155483503905
0.0009605285713113967
0.0009921310538994986
0.0009570566600482345
0.0008647706224264511
0.0007359664328853647
0.0005980675595341958
0.0004792605720788752
0.0004024010287602018
0.0003799910586540173
0.0004114398387829562
0.0004832345611075597
0.0005719977111384901
0.0006498697761192205
0.0006910511102001691
0.0006779269649157052
0.0006055822413301035
0.0004833853507668368
0.0003334045094309917
0.0001858156236680069
7.228948255716441e-05
1.892124251103713e-05
4.023265061142249e-05
0.0001357065851415064
0.000289743132551846
0.0004750570649642878
0.0006588082999642187
0.0008100383657658262
0.0009066353315074355
0.0009402203462882516
0.0009176068214157866
0.0008586453993352955
0.0007907454539328483
0.0007415712341848949
0.0007317043632105039
0.0007691274096723691
0.0008470279415448867
0.0009456028513021399
0.001037423102132822
0.001095135246505949
0.001099416697495373
0.001045184946093766
0.0009441810588510205
0.0008231261633074468
0.0007176266857232874
0.000663279403501537
0.000686062751861123
0.0007945651993516439
0.0009761435474759187
0.001198241249747244
0.001414840905996079
0.001576592929541834
0.001642441097114403
0.001589643817809543
0.001419883487997731
0.001159562218363038
0.000854317126308847
0.0005587242333978773
0.0003238109558410071
0.0001852995267200866
0.0001556859218612575
0.000221901703208272
0.0003493803155434093
0.0004913507378305773
0.0006009711980532777
0.0006432764194116488
0.0006037380695692063
0.0004913801973654821
0.0003355832190204852
0.0001775925742247317
5.901578029087449e-05
1.034998114210015e-05
4.275756045143314e-05
0.0001451802082947514
0.0002875663005474024
0.0004292825815509693
0.0005303821607560861
0.0005626045518639742
0.0005171118941447278
0.0004068500214880487
0.0002629006305550191
0.0001258636300478037
3.469671949750586e-05
1.606577970939838e-05
7.71398340653032e-05
0.0002037588130910305
0.0003644193980747435
0.00051886119111304
0.0006288559026441776
0.000668138600289887
0.000628838823967136
0.0005226691009413032
0.0003767774792284845
0.0002255961703640926
0.0001011258968017622
2.451364407461405e-05
1.245101997920683e-06
2.118558155074714e-05
6.32602052414884e-05
0.0001031143858493956
0.0001213942392944161
0.0001099632087905112
7.427390372595525e-05
3.117870024777059e-05
2.947980623539229e-06
9.441493683079685e-06
6.091099417273415e-05
0.0001537545482911403
0.0002705982790952012
0.000384737227341014
0.0004677371398509181
0.0004977652250735436
0.0004662271487479142
0.0003806216192530927
0.0002626860818231447
0.000142365564569307
4.93160853726289e-05
4.526051261745469e-06
1.450426365707675e-05
6.977584512025428e-05
0.000148158100122927
0.0002217913591402391
0.0002658197236934147
0.0002660706031189164
0.0002234697572573332
0.0001537646665259521
8.273979700826696e-05
3.822936983335172e-05
4.145626756872135e-05
0.0001001920528593458
0.0002058835301467798
0.0003355937910325249
0.0004581936222054518
0.0005430297820731812
0.0005684945643698747
0.0005279768406004927
0.0004315582685879945
0.000302925874824276
0.000172552122565913
6.90823555154945e-05
1.162106869709113e-05
5.027966019631818e-06
3.956450990021211e-05
9.483919091259155e-05
0.0001467468361577345
0.0001752025742452517
0.0001703068723128692
0.0001350903900497891
8.408872247383236e-05
3.824377343965442e-05
1.783064227100823e-05
3.558983245765516e-05
9.226137831692117e-05
0.000175871720593039
0.0002650745506522711
0.000335400691156419
0.0003667030554792897
0.0003492946813607117
0.0002871021422070006
0.0001967725390762197
0.0001029287836589685
3.113054733906614e-05
4.629608155433658e-07
1.805393172716092e-05
7.713657390137122e-05
0.0001592062579984625
0.0002395724085845105
0.0002947828100602055
0.0003095348611783145
0.0002812360164685071
0.0002206908480630341
0.0001488413358839977
9.047124244723616e-05
6.677453052821776e-05
8.88841087195938e-05
0.0001543588939724886
0.0002476060474616573
0.0003440889992219519
0.0004172489560792261
0.0004459748164067364
0.0004207076818977473
0.0003462588111287663
0.0002407143894929779
0.0001305776192022516
4.375399648258124e-05
2.010389012960208e-06
1.532395339041655e-05
7.935852130535214e-05
0.0001768360458900622
0.0002823673221530575
0.0003692036871306298
0.000416239921745907
0.0004132296162595239
0.0003629111286586516
0.0002796069203445063
0.0001848490341600184
0.000101236578824214
4.646551090233932e-05
2.890269530979123e-05
4.611787140847097e-05
8.637956695983874e-05
0.0001327674209714938
0.0001684377284750196
0.0001816459527205258
0.0001690063754381059
0.00013613842751345
9.566344687601541e-05
6.308656334211787e-05
5.193580304007375e-05
6.947282010278991e-05
0.0001143051991425063
0.0001764929668390562
0.0002402302879372168
0.0002881754422450168
0.0003064405346638663
0.0002886102514421243
0.0002378475758300796
0.000166419707070578
9.268393749905378e-05
3.647000492549954e-05
1.391128036240034e-05
3.31741421996097e-05
9.219542624867196e-05
0.0001790141956766336
0.0002745678338242982
0.0003573810088346025
0.0004087324432664032
0.0004172845239797725
0.0003817559031670664
0.0003112039255786207
0.000222715654353166
0.0001372660857809824
7.460458402927803e-05
4.863865305806996e-05
6.420563338263024e-05
0.0001161608641573357
0.0001908801395769015
0.0002696886508101145
0.0003335112009147602
0.0003673743329544458
0.0003639405799287504
0.000325022232986402
0.000260935285258408
0.0001878111803064993
0.00012362829459635
8.384816872066029e-05
7.783223416791498e-05
0.0001067030971874392
0.0001632350782200136
0.0002336883246379526
0.0003011773027005552
0.0003495869001276047
0.0003674078168391753
0.0003502730302879396
0.0003019372824545991
0.0002333641520773164
0.0001601133660959939
9.887887457849944e-05
6.37196221049846e-05
6.295591513320837e-05
9.741371100460897e-05
0.0001603086399643503
0.0002387313412277033
0.0003165740830837329
0.0003778583352940889
0.000410198030223814
0.0004072772553339684
0.0003700720097207779
0.0003065419610722173
0.0002298891996619501
0.0001557188841617066
9.893226002725704e-05
7.069677001594291e-05
7.636588887280166e-05
0.0001145584114693896
0.0001776076340385833
0.0002532614822159801
0.0003271535031061029
0.0003856603965509995
0.0004184767470690362
0.000420439413948791
0.000392322892146052
0.0003404665066855612
0.0002753621526241746
0.0002095497074432607
0.0001551803874858034
0.0001218581832759002
0.0001149434147764707
0.0001348293495542093
0.00017708937234161
0.0002335248253554786
0.0002938219995878916
0.0003475464807747512
0.0003859177952337838
0.0004033741288009162
0.0003982686989249009
0.0003729993429914147
0.0003333065240887219
0.0002870768541488074
0.0002428546516351542
0.000208334796154447
0.00018906838893021
0.0001876978725302632
0.0002036840747162436
0.0002336185199611139
0.0002720359235256264
0.0003124185670492104
0.0003484193310892595
0.0003748746912914818
0.0003885685653968274
0.0003886126841355592
0.0003763876528666533
0.0003551605447551001
0.0003293604136864369
0.0003037722986381479
0.0002827464342525611
0.0002695189140858915
0.0002658091434332737
0.0002716827107885769
0.0002856909088121331
0.000305244592265591
0.0003271403353408485
0.0003480917049604986
0.0003652613542484013
0.0003766252652927971
0.000381217560459743
0.0003791276679063562
0.0003713871973865497
0.0003597132572246261
0.0003461614770350986
0.0003327715224026187
0.0003213521049256114
0.0003131313595954951
0.0003087265297713508
0.0003081216299897214
0.000310701203647944
0.0003154411082835132
0.0003210600659841036
0.0003262216818231252
0.0003297310738191169
0.0003306660249181412
0.0003284665634479903
0.0003229838975650524
0.0003144737108407063
0.0003035351442581471
0.0002909836910871217
0.0002777665220251806
0.0002647767194067624
0.0002527933619584666
0.0002423368720367783
0.0002336015482184868
0.0002264726365933355
0.0002205312530440782
0.0002151612603700191
0.0002096330529130508
0.0002032633044076185
0.0001955160929408856
0.000186103390360459
0.0001750372795198529
0.0001626242716856978
0.0001494199619576845
0.0001361356251342722
0.0001235245336812891
0.0001122734269989997
0.0001029273941216768
9.582927177692599e-05
9.109392404227365e-05
8.86463351131746e-05
8.827694717730293e-05
8.967061553464759e-05
9.245490155517595e-05
9.623982989564977e-05
0.0001006112488121553
0.0001051590920194008
0.0001094213586485091
0.0001129986141853942
0.0001155654218332678
0.0001169476655539791
0.0001172619037530333
0.0001169553788277931
0.0001168730540153334
0.0001181575232030299
0.0001221268476692075
0.0001300287200735331
0.0001427161102540472
0.0001603833057753745
0.0001823282168362438
0.0002068984224121572
0.000231594099399106
0.0002534349621513448
0.0002694387863732908
0.0002772242723720613
0.0002755641375514576
0.0002647682529217643
0.0002468198990715628
0.0002251306683079205
0.0002040094755112804
0.0001878684603516483
0.0001803059182163128
0.0001833122086505157
0.0001966969542773207
0.0002180449095860097
0.0002430107676920679
0.0002661856836364973
0.000282201964818497
0.0002869578097254675
0.0002786201198872918
0.0002583094261530142
0.0002300656034219201
0.0002003016554965517
0.0001766543877884462
0.0001664943334255874
0.0001754175036852068
0.0002060093220397828
0.0002571014685645304
0.0003238730453828792
0.0003985236404520448
0.000471703440806065
0.0005341875702119669
0.000578549195120552
0.0006005103962611387
0.0005996619822331705
0.0005793496870869228
0.0005459231562025469
0.0005073030683653368
0.0004714193227662724
0.0004445809926628521
0.0004304907390579194
0.0004295981821030156
0.0004394320719257121
0.0004554064442746678
0.0004719831679168133
0.0004841041063351764
0.000488161237731223
0.0004827176759082685
0.000468632740307283
0.0004486659571252811
0.0004267322125588504
0.0004071511808669465
0.0003938589736790782
0.0003901185979994794
0.0003984014020341099
0.0004206346770983491
0.0004584905291018705
0.0005135840968404736
0.0005872894504125564
0.0006803329217277521
0.0007920398299244809
0.0009196027143421693
0.001057540458195769
0.001197939310033974
0.001331119638968268
0.00144722681805126
0.001538281822137245
0.001599806837735272
0.001632383173779472
0.001641711910170233
0.001637630440851048
0.001631802393117768
0.001634510813111194
0.001651699899400634
0.001682430347620499
0.00171824205133898
0.001744130473173639
0.0017417025075622
0.001693524775337638
0.001587673440554643
0.001421578566814585
0.001203911526022451
0.0009539231861871249
0.0006981885282897234
0.0004654259995700951
0.0002807741261070813
0.0001604978378342679
0.0001089919633640186
0.0001183039781119982
0.0001706660200512334
0.0002431449195394853
0.0003131537074262388
0.0003634549507014889
0.0003851919269719647
0.0003784290042292142
0.0003502129401557813
0.0003109042306352943
0.0002703099872410208
0.00023480261074193
0.000206604266477957
0.0001853102169935352
0.0001711447161601887
0.0001685445513602584
0.0001885590509963528
0.0002486907624681932
0.0003696048523543387
0.0005694258032356326
0.0008566968239977419
0.001224886476182698
0.001649649168540818
0.002091258470588094
0.002501319033863992
0.002833321572813611
0.003053819026217185
0.003151290094837622
0.003139864633636983
0.003056403628059565
0.002950798159250863
0.002872580460374636
0.002856154703845538
0.00291006666327729
0.003013003171331698
0.003118279948165012
0.00316624858876888
0.003101455897307194
0.002890003348627059
0.002531749026923871
0.002064355037167974
0.001556345329196481
0.001092180732074851
0.0007513280967812682
0.0005888270943004784
0.0006211463569132642
0.0008224302302808661
0.001131660303466226
0.001468995173928662
0.001756094548296516
0.001935443246758457
0.001981984900932016
0.001905118789933707
0.001740306074361735
0.001533908643470839
0.001326691804569492
0.001142236340291669
0.0009839425419272904
0.0008427881760271457
0.0007121150266060264
0.0006045501991102031
0.0005631905120635098
0.000661239160294167
0.0009873873635059859
0.001618842696833885
0.002589305839452651
0.003862682922903904
0.005321387460387354
0.006779877912963356
0.008020344894434508
0.0088492144084861
0.009156107592161759
0.008962790839469941
0.008441401935487994
0.00789415380521148
0.007691129593626942
0.008178629961012148
0.009577572084885907
0.0118990944267265
0.01490584637770136
0.01813238356877951
0.02097561382976216
0.0228341949332865
0.02327502093357258
0.02218113222070582
0.01984370442769946
0.01696218905607355
0.01454395499852567
0.01370696151152322
0.01542651736638657
0.02027692647677668
0.02822495495641826
0.03854233551898689
0.04985459555943751
0.06034925596460069
0.06810789310919017
0.07149206502287335
0.06952505263699658
0.06216738403852973
0.05042584051089104
0.03626493887278771
0.02230080568544095
0.01135800468936254
0.005935618272188313
0.00770398900136576
0.01713408759336167
0.03333406267727465
0.05412951647247102
0.07640774295542142
0.09662754250801613
0.1114547548811712
0.1183504157009439
0.1160534029851348
0.1048227576710359
0.08641979191565125
0.06380723232727163
0.04065377492210785
0.02068499464158396
0.007060530212759457
0.001825290399451826
0.005589676200563083
0.01745034039029493
0.03518007441833555
0.05563803950492468
0.0753363877284034
0.09102160431712944
0.10021953596788
0.1016006820124627
0.09514946539800904
0.08209849691130224
0.06465034739212465
0.04556896758412076
0.02769227340713154
0.01346322721937248
0.004576852440223784
0.001756886204017362
0.004724850492265593
0.01232695716058215
0.02279231378760517
0.0340741656718223
0.0441915021722958
0.05153545095005426
0.0550840479702745
0.05449473036261893
0.0500864275990455
0.042718813568749
0.03359827692055486
0.02406258637041444
0.01536183094120135
0.008491880964864298
0.004077930594475347
0.002336324908246281
0.00309415921403399
0.005864755086222357
0.009953447489111287
0.01457830222314868
0.01897995572286881
0.0225176286434106
0.02473094576274958
0.02537597826242372
0.02442857052600537
0.02206559202061677
0.01862527813711109
0.01455855803444022
0.01036848950132563
0.00655462678364022
0.003553420594187372
0.001691744988930322
0.001147366819214068
0.00192860202133643
0.003870290898281975
0.006653417342346157
0.009842755394040391
0.01294532278779958
0.01547626829667131
0.01703182422025321
0.01734958072122929
0.01635477621420112
0.01417764510517537
0.01113870167043761
0.007706163968066463
0.004423941142128722
0.001824203960644743
0.0003412363020317385
0.0002338836574006552
0.001537811388863356
0.004052394363040833
0.007367393460385818
0.01092893242255034
0.01412886492077842
0.01641055767618754
0.01736722029320037
0.01681644512665284
0.01483822036625022
0.0117680532256802
0.008141905053101786
0.004607538594374043
0.001808093693668258
0.0002687225241684265
0.0002971666107398664
0.001923392992509482
0.004887580563183281
0.008682669717606483
0.01264016632223429
0.01605275877051168
0.01830245865793213
0.01897914724759409
0.01796063917099157
0.01544092893315949
0.01189891166690304
0.00801260684624196
0.004530075073804718
0.002128853586922531
0.001280702921160184
0.002158393151037019
0.004597494881401546
0.008125539794349575
0.01205634594139433
0.01562704731522369
0.01815672866288404
0.01919224688011139
0.01860495596754881
0.01662391807357947
0.0137893959148297
0.01083344417663669
0.008516697431960657
0.007446921985652525
0.007930073059904839
0.00988228436848968
0.01283532834116744
0.01603700987585502
0.01863397190080669
0.01989583763992053
0.01943471266590071
0.01735911887361834
0.01431901917074847
0.01141398989589929
0.009967819520489106
0.01120969175044792
0.0159214865231936
0.02414402175116311
0.03501234968212063
0.0468040041901461
0.05719631434801565
0.06374695145136081
0.06447738920131131
0.05847439765496447
0.04634413834232508
0.03039510105693846
0.01443950521747075
0.003219791718262126
0.001482337637539458
0.01288714264818242
0.03895495775175351
0.07829442419183197
0.1263834926708803
0.1759774281785927
0.2182498286970775
0.2445097320656249
0.2481650886531249
0.2266310984694391
0.1826641505820678
0.1247450996928222
0.06630092836755749
0.02361771471599568
0.01281599752702773
0.04623323905629157
0.1290319810395393
0.2566946026076211
0.4142883441331096
0.5776791759709495
0.7172878796885971
0.8034659948300139
0.8132940435247419
0.7371731211702673
0.5841727490299903
0.3847535207868171
0.1898735015975275
0.06597433029324563
0.08645391033076422
0.3202131531954105
0.8191573767138706
1.606977244196566
2.670310390026752
3.956016873314159
5.372868812254648
6.800576154089263
8.104132439701198
9.150137979852843
9.825985894847376
10.05509507257916
