# RCS in m**2 for a L=5 cm PVC cube at 22.5 degree aspect angle
# frequency = 85 GHz, 
# theta = linspace(0, 6.2832, 1441)
# phi = linspace(0, 0, 1  1)
10.55786178697456
10.17995926416119
9.369880071785543
8.207356759196347
6.80734463516355
5.304903701426326
3.837410815782833
2.526914326284351
1.465331186324227
0.704780592948678
0.2541861314752748
0.08254920793368137
0.127930779142487
0.3103588403569916
0.5462616213756587
0.7618888540943966
0.9036216034849984
0.9436327953882114
0.8803903143002286
0.7344791865836421
0.5409687924987512
0.3401696959066861
0.1686628323103039
0.05233245313855154
0.002492076253688303
0.01551074599379939
0.07557902979716556
0.1596494338191539
0.2432473179702221
0.3058241591551866
0.3345370418569979
0.3258594352796191
0.2849308325845888
0.2230849256365526
0.1543494256488962
0.09185519432592804
0.04499167065253337
0.01787266313137922
0.009304765927745279
0.01405140429176946
0.02490878582549306
0.0349548072986426
0.03937769514609996
0.03645477118195627
0.02753509315206295
0.01615023328591151
0.006600938759729033
0.002473158531333292
0.005512323802606991
0.01514512762575326
0.0287351219439946
0.04244394678439736
0.0524063878891415
0.05586386640423784
0.05192973355746196
0.04178539070631251
0.0282798045411503
0.01507206056181994
0.005579268828787235
0.002037887820390664
0.004934750937824791
0.01295156019894685
0.02341757086872935
0.03312170917525192
0.03923949387585005
0.04011539482872045
0.03568266846511307
0.02742341420093811
0.0178924498202965
0.009962518201438298
0.006002602082551289
0.007226736405046158
0.01338297585129554
0.02285620938458879
0.03313973650987967
0.04153306146322223
0.04586538970147543
0.04504713675199372
0.03930999654978955
0.03008540274060961
0.01957304966838731
0.01013069963793032
0.003664063192351938
0.001173875417886368
0.002576776167649919
0.00682615980916459
0.01227904935753287
0.01719117104317569
0.02019441049852772
0.02062745657297601
0.01863805720758694
0.01505039858767503
0.01105210575467433
0.007805757968462906
0.006104311581818175
0.006165308311589937
0.007616014212312297
0.009657523067632439
0.01134931459940314
0.01191864557512158
0.01100132405504919
0.008743502947090157
0.005741054060477074
0.002841909959556451
0.0008756219598464132
0.0003969568375011075
0.001518820398722635
0.003883356728830334
0.00677579370567685
0.009344760608910508
0.01085963763110831
0.01092979810008541
0.009620062553657931
0.007431081963794047
0.005152247492481074
0.003631012959404158
0.003525342041820378
0.005111045680329865
0.008196141526189868
0.01216550809527761
0.01614020957137985
0.01920722817256217
0.02065355839331379
0.02014399257825888
0.01779586246558999
0.01413416874046439
0.009946118591427367
0.006074935788655671
0.003212207504991342
0.001742578701801077
0.001677124042510172
0.002688289730686287
0.004229051701080688
0.005699511506868955
0.006612283723834333
0.006712663664651859
0.006024938267552147
0.00481761442410684
0.003503498802093857
0.002507315792029087
0.002139255334392735
0.00251038121119865
0.003509676831797286
0.004845652703850342
0.006136830704858943
0.007022531214257499
0.007261844763265523
0.00679387170036343
0.005744835998361567
0.004382763113413644
0.003035694291983971
0.001998160301060005
0.001452437136368835
0.001426549253690711
0.00179781697192816
0.002339058818514208
0.002792326911206511
0.002948298619871894
0.002707345721493015
0.002107954180991586
0.001313103701790121
0.000561498209339426
9.746908420381127e-05
9.954268020162384e-05
0.0006281654209801032
0.001605974396926968
0.002836277060149044
0.004053831628871389
0.004994525613878217
0.005464871348780588
0.005393302713275511
0.004850481824152364
0.004032585464779291
0.00321353380623875
0.002677155906729068
0.002647113795502289
0.003231455066825151
0.004395021319511519
0.005965971554473387
0.007673701711800222
0.00920921653369804
0.01029302308385227
0.01073446896026296
0.01047027342134263
0.00957360214662125
0.00823278941511426
0.006708187983312862
0.005273494753879589
0.004159698412748532
0.003511071875728956
0.003362286975013365
0.003640831492064406
0.004191533126859482
0.004816517714699515
0.005320753026329248
0.005552633434218589
0.00543178423469268
0.004958898087657282
0.00420734474702765
0.003300351800877378
0.002379854103178764
0.001574768119098048
0.0009757958851072425
0.0006212326478976616
0.0004957993467781745
0.0005414958354450363
0.0006763501468657282
0.0008161657640698502
0.0008940123461064561
0.0008733348166379579
0.000752129899097909
0.000558761802315328
0.0003407142764474901
0.0001501401529342558
2.971458186751695e-05
2.274014787900086e-06
6.624424821715223e-05
0.0001976109038917856
0.0003573435244712036
0.0005021130200515521
0.0005954434027406416
0.0006167261394171321
0.000565853856440145
0.0004628043651289683
0.0003423154202171209
0.0002451855187816036
0.0002083425119980261
0.0002559420435532988
0.0003934942387782888
0.0006063048225778185
0.0008623898821735913
0.001119162174470588
0.001332443382844835
0.001465564733713579
0.00149702563308821
0.001424865110090512
0.001267015101432065
0.001057657361222713
0.0008403954929173788
0.0006597586070036204
0.0005525766965505576
0.000541114516495785
0.0006290296786655939
0.0008009936786201055
0.00102592655448404
0.001262936814413148
0.001469158778552368
0.001607406912656476
0.001652964431334524
0.001597547419072658
0.001450483872253875
0.001236555112091987
0.0009912559582550011
0.0007542961077095549
0.0005626197238154411
0.000444155806494526
0.0004134266924026204
0.0004694536376276923
0.0005965919803473881
0.0007677681184233617
0.0009494535202719505
0.001107548850650236
0.001213163088795112
0.001247204606070108
0.001203170380720973
0.00108765418371243
0.0009187463764092009
0.0007225134485626949
0.0005284747444618143
0.000364511993400018
0.0002524772141476246
0.0002049447539303479
0.0002235328367995223
0.0002992225992066918
0.0004143465935424475
0.000545818858105019
0.0006691378990558879
0.000762402716952893
0.0008097192188332776
0.0008033709182990417
0.0007447229516196472
0.0006434729666840537
0.000515634830297985
0.0003806940332676461
0.0002582439374209442
0.0001649007000953411
0.0001117688610939226
0.0001030207108121194
0.0001356273974320228
0.0002002879802151075
0.0002832836303595936
0.0003689776937017174
0.0004424167831739241
0.0004916806182301083
0.0005095748142412675
0.000494419221293406
0.000449897177938719
0.000384017505390458
0.0003075142690534842
0.0002318124259994737
0.0001672020716251677
0.0001212823855879591
9.803191611324631e-05
9.76356512388705e-05
0.0001169085884311604
0.0001502993208454544
0.0001911104357393642
0.0002327649942529856
0.000269814877277964
0.0002985403504596414
0.0003171026942805522
0.0003252508848103709
0.0003237950331973621
0.0003139902928594722
0.00029707983110455
0.0002740435349931996
0.0002457561401115258
0.0002133623337098162
0.0001787901005307587
0.0001451678001442982
0.0001169544774023761
9.960032677500493e-05
9.86787259359223e-05
0.0001187197939692915
0.0001617905709231603
0.0002263471097670122
0.0003065760825441961
0.0003925831855038897
0.000471535058844436
0.0005297359006344936
0.000555203274439975
0.0005403828092544661
0.0004843567151163454
0.0003939751310066076
0.0002835227988150747
0.0001727698097405636
8.366390248981883e-05
3.620080647912784e-05
4.420715405285168e-05
0.0001120092772243358
0.0002327366290037535
0.0003887816106281269
0.0005544929379906051
0.0007007217172106035
0.0008004384756613744
0.0008341576835660299
0.0007942367442193544
0.0006868218536710592
0.0005311139719802234
0.0003558573135305539
0.0001937419928564187
7.47907614026268e-05
2.025615995683752e-05
3.821209491604066e-05
0.0001219094315727945
0.000251320404602086
0.0003974988744406702
0.0005288701592677794
0.0006180123995872411
0.0006474025489102804
0.0006128193442811288
0.0005236861383284769
0.0004003046137274528
0.000268646369664918
0.0001541166713497373
7.571116588627147e-05
4.204911560589807e-05
5.020165045116281e-05
8.747181262525806e-05
0.0001356222658008209
0.0001762615737100488
0.0001959822023985007
0.0001897737451038592
0.0001617853502528197
0.0001234277308753636
8.91813863447231e-05
7.161936437753398e-05
7.707909118138151e-05
0.0001033034463319286
0.0001399811725480754
0.00017202893724706
0.0001847953963274421
0.0001695242936982755
0.0001274952666461787
7.120241150481879e-05
2.206633780306708e-05
4.838244469952549e-06
4.025192699053072e-05
0.0001378193598748837
0.0002910042512960241
0.0004765526110138552
0.0006585257097626154
0.0007965243449330115
0.0008560954396819646
0.0008187630334943058
0.0006887143806521242
0.000494104007364144
0.0002820596921103097
0.0001082869209269486
2.360616555087299e-05
6.066902099415793e-05
0.0002246113590218857
0.0004901370075567998
0.0008062597174336762
0.001107769101583716
0.001330867774114135
0.001428774302248372
0.001383555450856866
0.001210772883902913
0.0009555399365899994
0.0006810120286051812
0.0004520506649632758
0.0003186270224401716
0.0003030536781519465
0.0003947973495350479
0.0005542239438226864
0.0007241729002277103
0.0008463359511713074
0.0008777141572819932
0.0008027062630901727
0.0006372518309595969
0.0004239821859897896
0.0002196358831371672
7.849924835566422e-05
3.65209655891729e-05
0.0001008363209764089
0.00024779390304368
0.0004300361090022538
0.0005906477429542164
0.0006801776586806221
0.0006713529505008206
0.0005670798047344672
0.0003991880566737492
0.0002181981808033503
7.715590775531734e-05
1.457596148536093e-05
4.187257352193866e-05
0.0001394999818578625
0.0002634086871011969
0.0003602316986107578
0.0003866880244402541
0.0003270926790223217
0.0002031589589372818
7.200499114304494e-05
1.210711154841724e-05
0.0001003634415601605
0.0003866700825227391
0.0008734676396896664
0.001507332966047493
0.002185962211577532
0.002780214964340465
0.003165842526104236
0.003257034804295758
0.003031720623191342
0.002541549800331869
0.001902309010735683
0.001266455736460452
0.0007845652106978878
0.0005655249933732805
0.0006470012341486733
0.0009844593047805585
0.001462672236217186
0.001927116855594354
0.002227387994172441
0.002260647091088773
0.002002587537249475
0.001517281968275448
0.0009417858078519151
0.0004496301390195573
0.0002024605830741784
0.0003034156205563976
0.0007654228323462223
0.001503748842427729
0.002355472641790106
0.003121305217806479
0.003617871095790826
0.003726308581502074
0.003423338914389736
0.002785611508860924
0.001966072882521603
0.001149498120437302
0.0004997494923781737
0.0001152636049286155
5.864748127035075e-06
9.867291456106569e-05
0.0002717155460987605
0.0004049553051756962
0.0004327870557882663
0.0003799650184142252
0.0003675709778931825
0.0005837001065395765
0.001224689052978426
0.002422613896690469
0.004180703851422527
0.006339490492286179
0.008587571083526674
0.0105230909257607
0.01175263305386358
0.01200591048808778
0.01123461462755788
0.009665031122251805
0.007783468573741126
0.00624822964632654
0.00574275268667127
0.006800874365325786
0.00964627233473063
0.01409058816735004
0.0195222393758142
0.02500017303446027
0.02943974648012082
0.0318554484255498
0.03160559256087235
0.02857912613691569
0.02327357100928885
0.01673587802399789
0.0103635010533538
0.005606653112247103
0.003628891145601129
0.005006821889875156
0.009542653620147279
0.01624606683571168
0.02350716982663027
0.02944015570306784
0.03233642277981
0.03113659611147903
0.02581956349928421
0.01761154363752506
0.00895462151431556
0.003214102717749778
0.004158297794392701
0.0152931927139085
0.03916745964457552
0.07677453485741791
0.1271789984004634
0.187421357992496
0.2527847189747419
0.3173363206976909
0.3747063343257979
0.4189546171450725
0.4454045439283217
0.451293203487543
0.436142896799946
0.4017949686074171
0.3521177979961414
0.2924133905977662
0.2286661063769544
0.1667293062207516
0.1115878693475854
0.06679554009174665
0.0341813513498111
0.01382366852586454
0.004286336976461494
0.003052165460983913
0.007061921805014527
0.01326308346206306
0.01907921842230123
0.02273090740457932
0.02337700672385151
0.02107333190683372
0.01658251713939916
0.01108763515669108
0.005873720162506605
0.002039124379556942
0.0002867071066162839
0.0008193841765674092
0.003351202959156576
0.007213264575728653
0.01152432003726043
0.01538526583073568
0.01805745992617022
0.01909251306178534
0.01839304921004657
0.01620125597105765
0.01302252512926981
0.009507359232627971
0.006316175409395491
0.003994783540390332
0.002882362540133577
0.003066332776260239
0.004387417898646124
0.006489728803377598
0.008902348956566782
0.01113375144274739
0.01276314726668622
0.01350917799438619
0.0132685784148863
0.01211947833156408
0.01029229656361672
0.008116440997103781
0.005954647582994093
0.004137300005679173
0.002908345429587118
0.002391365852981368
0.002578658262096245
0.003344459421203582
0.004476657598005641
0.005720094061613399
0.00682324840333428
0.007579822750639339
0.007859018172520972
0.007620417282829015
0.006912709234250276
0.005857682675856339
0.00462398282029381
0.003395639087788499
0.002341180394839672
0.001587873836116744
0.00120533970138451
0.001199581738248173
0.001517809217024332
0.002062014673398414
0.002708258863536133
0.003328379576122543
0.003810146385891196
0.004073032703683008
0.004077789900219325
0.003828564514874946
0.003368452857017262
0.002769397322360938
0.002118747025357871
0.001504750405787789
0.001003442484056024
0.0006681591341594475
0.0005238781289627849
0.0005659844529555537
0.0007635519725234432
0.001066170289814275
0.001412940335060026
0.001742135905629647
0.002000092868655701
0.00214805931842559
0.002166395886125884
0.002055588069611146
0.00183441548814392
0.001535753244982551
0.001200817110414941
0.0008728620499682943
0.0005912238898711642
0.00038636315527344
0.0002766350308322824
0.0002668580105998738
0.0003487516887022809
0.0005029676167069637
0.0007023014049702453
0.0009155676134065506
0.001111603570895001
0.001263048690166199
0.001349317115088727
0.001358794232237762
0.001289835554119264
0.001150723844613569
0.000958531401131399
0.0007370596047585873
0.0005140577120118526
0.0003179271982676851
0.0001742614825308509
0.0001025704809449591
0.000113554464995245
0.0002073113326020679
0.0003727587207187111
0.000588545586628655
0.000825389141183436
0.001049746939668054
0.001228382855726335
0.001333265600377373
0.001346073514414019
0.001261598598109546
0.001089338840726778
0.0008528985596377547
0.0005871402552380239
0.0003332113252580523
0.0001322940554417015
1.893383758512993e-05
1.504936180495675e-05
0.0001257429775246584
0.0003377171648831626
0.0006207769644499372
0.0009322602524731075
0.001223780418583293
0.001449301424218176
0.001572972051555605
0.001575384410688365
0.001457098839392989
0.001238642604228354
0.000956943880343364
0.0006587381215272253
0.0003921612913645367
0.0001980974451414739
0.000102940898827327
0.0001140869502670602
0.0002192120377449729
0.0003893255301000338
0.0005850546203445061
0.0007648827710217292
0.0008936120796206123
0.0009493057192341768
0.0009272894687475473
0.0008403962651247221
0.0007153429966347822
0.000586176643368178
0.0004861788326622559
0.0004400465260061648
0.0004581576271566434
0.0005341663575426318
0.0006465479489400339
0.0007637297904389249
0.000851654135466112
0.0008820750053714671
0.0008396552449870561
0.000726149215773382
0.0005607329518247474
0.0003762749475901904
0.0002124074133935048
0.0001069035338210998
8.737706685854394e-05
0.0001651933693751349
0.000332995989664198
0.0005663766626942159
0.000829410542586687
0.00108254980350658
0.00129113877313228
0.001432507288108317
0.001499961090558857
0.001502858116032197
0.001462769886879979
0.001406927225766085
0.001360517169537797
0.001339967127470428
0.001348820944040098
0.001377334904465405
0.001405810254035495
0.001410683999176225
0.001371829390303247
0.001278956407125783
0.001135413958488974
0.0009582781955426649
0.0007746666491437809
0.0006150682935720181
0.0005056109166202697
0.0004611492184208263
0.0004811806881998135
0.0005496519129269217
0.0006388656790301295
0.0007165094607623382
0.0007539408650594546
0.0007336668227630236
0.000653868363006563
0.0005288338936471497
0.0003850841497434905
0.0002542136687659905
0.0001643435029767961
0.0001324837287252276
0.0001599340038112073
0.0002319726120066236
0.0003220287361378184
0.0003992072938955824
0.0004371352942027095
0.0004217691534216937
0.0003558293204078969
0.000258670281211733
0.0001614310952954066
9.867386112618385e-05
9.875566162294489e-05
0.0001754797294210078
0.0003233710127540689
0.0005179113337225118
0.0007208838833248313
0.0008894004232661048
0.0009863597993527611
0.0009896300970098637
0.0008974974812430257
0.0007289901989211324
0.0005190364696120623
0.0003096937458364098
0.0001398809754125188
3.62867060129318e-05
7.700343029506997e-06
4.431371623197495e-05
0.0001218596705527989
0.0002093036558019393
0.0002778694535432795
0.0003088226751259081
0.0002978849621609686
0.0002552322199470996
0.0002012160933715795
0.000159267931085151
0.0001481428090356217
0.00017588358952791
0.0002372188497427428
0.0003151793190143988
0.000386313809771197
0.0004279408720612712
0.0004251929875181313
0.0003757030771019475
0.0002905930361094515
0.0001913251946997666
0.0001034827935277645
4.926573012059001e-05
4.097783467401348e-05
7.745466944205085e-05
0.0001445199920817495
0.0002193516838534344
0.0002774427690020937
0.0003001424794980249
0.0002804309632219193
0.0002252601602315643
0.0001536414676991546
9.106172740221492e-05
6.180908388929389e-05
8.146996725300511e-05
0.0001518459989750604
0.0002597606252367566
0.0003802961705168483
0.0004834443680977779
0.0005423403868188028
0.000540817748351099
0.0004779625211238043
0.0003684423755219596
0.00023856995528972
0.0001190637076341592
3.676717478818831e-05
7.514189194315644e-06
3.22397354335845e-05
9.731955278813968e-05
0.0001790150176480079
0.0002506409401929714
0.0002903512591766901
0.0002872904994996275
0.0002443900653381141
0.0001770564004918472
0.0001081926949889416
6.118799125338136e-05
5.278886492939187e-05
8.813396432135507e-05
0.000159228638496886
0.0002472965187790622
0.0003283378077355265
0.0003800423372612658
0.0003882030295029342
0.0003506907122800466
0.0002777996658720929
0.0001890391410148059
0.0001073596922050861
5.241988378292016e-05
3.510466841070458e-05
5.466762295750098e-05
9.945797646816747e-05
0.0001508645754756537
0.0001893334697122485
0.0002005395941213532
0.0001799881994007222
0.0001345610563829765
8.058941071656567e-05
3.903952889197431e-05
2.910704525620701e-05
6.223358045045769e-05
0.0001382028138671795
0.0002444837843540665
0.0003591276052857098
0.0004564138426046048
0.0005136028542567834
0.0005170901488800112
0.0004661111738127401
0.0003730210378916781
0.0002601589947519802
0.0001539587792602608
7.819967009871808e-05
4.791813986260818e-05
6.582415842515953e-05
0.0001220338753733561
0.0001971503433633214
0.0002677250668255846
0.0003126715494964851
0.0003187923260579029
0.0002840265113759794
0.0002175780202384873
0.000137017958019976
6.317332404183983e-05
1.440045225792764e-05
1.611476816743631e-06
2.559179471731662e-05
7.711356962991436e-05
0.0001397824113045992
0.0001948189856350009
0.0002262838764473427
0.0002254659119345074
0.0001931194267130381
0.0001391110701279494
7.950313158963451e-05
3.208831740963177e-05
1.139470667652364e-05
2.476383191553809e-05
7.03392375760962e-05
0.0001375613935952474
0.00021001690358685
0.0002697668700600636
0.0003020432054155289
0.0002990960301232155
0.0002620790057439196
0.0002006578869670461
0.0001304346697519978
6.878739055176597e-05
3.048329552721438e-05
2.390631039556674e-05
4.909578533181665e-05
9.790685063638256e-05
0.0001563212798617992
0.0002081243699981175
0.0002391898218860985
0.0002410333133259429
0.0002129421927258976
0.0001620461210701749
0.0001014165897959993
4.668428021546103e-05
1.202177699428809e-05
6.589498719431346e-06
3.22246214391141e-05
8.30132363073159e-05
0.0001467525995518404
0.0002080129736315068
0.0002518894184760561
0.0002676953319484299
0.0002515318304949755
0.0002072519569710605
0.0001455643406876483
8.150181555512498e-05
3.085141794689079e-05
6.493895986871589e-06
1.536567375070771e-05
5.686008115858055e-05
0.0001229497004996287
0.0001999674368584339
0.00027172359890925
0.0003230337110442134
0.0003431078424051927
0.0003278580562900889
0.000280726354863862
0.0002118471582965569
0.0001358085517541427
6.849948973709949e-05
2.371423353924696e-05
1.030011862126106e-05
3.043232637024646e-05
7.930610768417934e-05
0.0001462901831825937
0.0002172648161144515
0.0002776205454388526
0.0003152109151211421
0.0003227652481682523
0.0002991617573568676
0.0002494589076381671
0.0001836734054018825
0.0001145671653356489
5.507598565955845e-05
1.572715566379256e-05
2.675758087596463e-06
1.673110710742369e-05
5.343220692820335e-05
0.0001041630658827075
0.0001580457418594686
0.0002041212646692588
0.0002334849239793607
0.0002408572945717196
0.0002254256049202524
0.0001907002958052955
0.000143666055518573
9.319603337887702e-05
4.831342907863855e-05
1.647360054416787e-05
2.270415036220907e-06
6.759603172385616e-06
2.749788248431141e-05
5.923676299746062e-05
9.507196966033934e-05
0.0001278381093202074
0.0001514596078203374
0.0001619623912193011
0.0001580769238787378
0.0001412357291313315
0.0001151194807836855
8.482748522691801e-05
5.580654857911321e-05
3.286672324649064e-05
1.935104587499702e-05
1.665498196722457e-05
2.41514708524902e-05
3.947669408190465e-05
5.910620455036606e-05
7.908664218273525e-05
9.578075507950879e-05
0.0001064758692413543
0.0001097699958127481
0.0001056898986392232
9.552981241087544e-05
8.150034641287576e-05
6.623144309239422e-05
5.229322197739371e-05
4.172757324522493e-05
3.579476996261536e-05
3.484163856401961e-05
3.835634477016963e-05
4.517852277377888e-05
5.376529941189903e-05
6.25073592674356e-05
6.999023325194659e-05
7.518682626646365e-05
7.755072182754072e-05
7.701919363893455e-05
7.394198962420751e-05
6.893957378959514e-05
6.278872737852386e-05
5.628322092438094e-05
5.014764824316306e-05
4.496140703293983e-05
4.114844325075771e-05
3.895177446311316e-05
3.844661466760736e-05
3.953868774330926e-05
4.197828166410863e-05
4.536136236251159e-05
4.915895117798124e-05
5.275743630606134e-05
5.551879506725664e-05
5.686805339571238e-05
5.638343674986538e-05
5.387949513260031e-05
4.945590754607763e-05
4.351309698915039e-05
3.670008107523006e-05
2.983366713491153e-05
2.374721508394849e-05
1.916271779077942e-05
1.655057225341503e-05
1.605516408389807e-05
1.746862661516013e-05
2.027868909940166e-05
2.377654503489044e-05
2.719599718765449e-05
2.985289283152854e-05
3.127622811702873e-05
3.125061753893273e-05
2.982894111538914e-05
2.727274426537343e-05
2.395709346267418e-05
2.026681651455857e-05
1.653201693621331e-05
1.299907631523189e-05
9.863728841006464e-06
7.330160801133636e-06
5.726088914242575e-06
5.538440185507674e-06
7.42491072488029e-06
1.213457468538253e-05
2.034571229127024e-05
3.245223448075951e-05
4.836114733586994e-05
6.732356898316331e-05
8.794056972087016e-05
0.0001082806730776864
0.0001261889580004886
0.000139720960417863
0.0001476111264576603
0.0001496830970724209
0.0001470984119182097
0.0001423497232130175
0.0001389635263332738
0.0001409558168655514
0.0001520949438081606
0.0001751239689881682
0.0002111734615089286
0.0002593195596057365
0.0003166492563056412
0.0003786160892894342
0.0004398030360387311
0.0004948363954753307
0.0005393609390869144
0.0005707800217702568
0.0005887636347806187
0.0005951019874822249
0.0005933806665867127
0.0005881254990760834
0.0005838609896070166
0.000584194667729779
0.0005910818751107565
0.0006046007144566843
0.0006230206968790952
0.0006433215355468289
0.0006620069997517287
0.0006758885392390791
0.0006827826401240794
0.0006819129212556475
0.0006739009112003075
0.000660426951767061
0.0006436292987523378
0.0006254199295749094
0.000606886153999625
0.0005880387131820327
0.0005677501455096765
0.0005442020861264984
0.0005154420025856789
0.000479993054847381
0.0004374656671915958
0.0003887963110273874
0.0003361694662009784
0.0002826451804566525
0.0002315963414043369
0.0001860502665340788
0.0001482185446366894
0.0001193282499598029
9.967773559428325e-05
8.909471530941348e-05
8.746340183630186e-05
9.51798129944445e-05
0.0001133708355506805
0.0001436843467466762
0.0001877287299448435
0.0002461454838553129
0.0003177323634388727
0.000398814834879623
0.0004830565184985565
0.0005621731995148119
0.0006272177601833897
0.000670490971781145
0.0006875276315287703
0.0006787693428879314
0.0006503590474134137
0.0006137853725423488
0.000584234412810484
0.0005777817336146135
0.0006080265903231379
0.0006829207035916111
0.0008022120493777142
0.000956630526025999
0.001128837670229256
0.001296029290273531
0.001434245716544104
0.001522678968304617
0.001548047154796777
0.001507196922699313
0.001407849376442457
0.001267060093023498
0.001107704343026337
0.0009537315503490939
0.0008255460719231253
0.000735999611700177
0.0006884638817543633
0.0006769960201086511
0.000688561423513741
0.0007067771944578799
0.0007160005643713432
0.0007049156112651139
0.0006686456941644421
0.0006090204342149985
0.0005332216217972981
0.0004512290035208348
0.0003731169272239364
0.0003069328340909712
0.0002577700941449112
0.0002282025232708234
0.0002196345412994216
0.0002338695851253224
0.0002740312358124126
0.0003442689871324824
0.0004479672728850817
0.0005851512887020318
0.0007497624429553764
0.0009282405438329539
0.001100334559836202
0.001242507127873447
0.001333723577012111
0.001362161929675133
0.001331010555219662
0.001261425322230596
0.001190931450949301
0.001167033971678992
0.001236615572273719
0.001433662774046913
0.001767933408827114
0.002218396328966811
0.00273299430078631
0.003236624533422824
0.003644932644030128
0.003882747183787668
0.003901191431291209
0.0036903879251801
0.00328376206980205
0.002752516215361318
0.002190930948779607
0.001696289417320211
0.001347506303480997
0.001188376093231576
0.001218794576978796
0.001396978894352838
0.001651262586488256
0.001898469096827615
0.002064316465006927
0.002100023636791269
0.00199136162196564
0.001757926976661622
0.001444392486382278
0.001105332308497295
0.0007906422379411258
0.0005342132060594187
0.0003504118589242567
0.0002380935709923843
0.0001903028789706125
0.000205563031990992
0.0002954760315299084
0.000485126663337182
0.0008050383087666741
0.001276236065064392
0.00189429447717085
0.002617443633691846
0.003366471266891131
0.004037679761978826
0.004529474885416448
0.004775978502989629
0.0047778551100378
0.00462024139600488
0.004469018361290555
0.004540730742292204
0.005050924710797784
0.006150532292813776
0.007866908682156148
0.01006752268025926
0.01246218922925591
0.01464726685208424
0.01619400939499726
0.01675842150630208
0.01619282749942436
0.01462817764507692
0.0124986321388701
0.01049728852595238
0.00945742593927563
0.01017800687640275
0.01322894074314727
0.01877723520399885
0.02647468451883592
0.03545214606718122
0.04441874058660158
0.05187949311477443
0.05641248852648738
0.05697865600129621
0.05317697113970132
0.04540554171364633
0.03486723209186001
0.02342422218930598
0.01329397414875727
0.006664448324138763
0.00526753336263241
0.01002247132019686
0.02080385714811688
0.03639254379465092
0.05463053430248233
0.0727687021979356
0.08791678189138519
0.09756669881805315
0.1000373281208964
0.09480203238164324
0.08260750689712364
0.06536463827266702
0.04584173412028997
0.02719516261441424
0.01242322887228047
0.003870153938856429
0.002820365962639865
0.00929999676162125
0.02209009295981875
0.03894998748277203
0.05702532273934712
0.07332642392764657
0.08524079899308593
0.09094101541781498
0.08965904702730945
0.0817648713897422
0.06865291522235394
0.05245776620021562
0.03567644693841703
0.0207326549325051
0.009606091667576092
0.003534156507121186
0.002878359279163397
0.007128624956615454
0.01505886629611692
0.02497833683148964
0.03504475513963217
0.04356072777467796
0.04923342020523117
0.05132860553221668
0.04973112217405862
0.04489323139227468
0.03770512665652147
0.02930466092316604
0.02088145523420454
0.01348699904065157
0.007902809662060381
0.004556939929719027
0.003515214066539474
0.004521317458022652
0.007081695934074066
0.01057019429179483
0.01433218714470245
0.01777577162013724
0.02043794466814147
0.02201801732195719
0.0223870364894414
0.02157278379848099
0.01973080703623559
0.01711040028129771
0.01401668363137831
0.01077934130697807
0.007722901633684984
0.005140361667413592
0.003273260320978293
0.002289152206554664
0.002265913233517834
0.00317854248008034
0.004894640582723963
0.007181697054986612
0.009726074620741458
0.0121668301639111
0.01414156787133892
0.01533616860090865
0.01553548809411772
0.01466291536039773
0.01280268227118364
0.01019869574322451
0.007225708332654648
0.004340074474017147
0.002008168059823186
0.0006328373619723302
0.0004815377731224039
0.00163436346324
0.003959995429534307
0.007127026171749414
0.01064747984908095
0.01395438700867233
0.01649184497349122
0.01781317612595405
0.017661493463329
0.01602530891883863
0.01315073036077894
0.009513765437263033
0.005745372841108835
0.002532233406613763
0.0004957175435344626
8.172955705865925e-05
0.001471675028102755
0.004537818251291097
0.008849206289524195
0.01373536033768776
0.01838953080267111
0.02201070506288057
0.02394319482737391
0.02380490459542964
0.02156969959428765
0.01759011691564043
0.01255611265934574
0.007384394874664446
0.003066459262172164
0.0004895917947166703
0.0002673880896472267
0.002613308089293361
0.007278702587657255
0.01357186854989425
0.02046585100468577
0.02676746112799097
0.03133700151840831
0.03330255156337682
0.03224220593110459
0.02828886397675921
0.02213622228586714
0.01493362091126422
0.008093235543317366
0.003023622949030163
0.0008585754188409276
0.002214004400605907
0.007038827053757186
0.01458524549743131
0.0235246017678861
0.03217924664124733
0.03885365445211959
0.04217957302851767
0.04142683306075647
0.03669548044344253
0.02894823466527492
0.01986203506097451
0.01150767095644126
0.005928203878190563
0.00467887700339258
0.008441527518487512
0.01679922900853232
0.02824262601090156
0.04041566431795367
0.05059909333020089
0.05630956753229992
0.05593016982978438
0.04919764992521962
0.03744044025253766
0.02346013975742039
0.01106197798189297
0.00426749134973867
0.006379587148889553
0.01907538993643304
0.04175365106011652
0.07134156880780239
0.1026401712309991
0.1292552814314939
0.144974868584393
0.1453106366643682
0.1289293102549724
0.09857038270765665
0.06116041829511425
0.02698893080839336
0.007895661113099077
0.01480198101026052
0.05493886561225114
0.1294449683696465
0.2318480350726571
0.3481196420630067
0.4583371980434096
0.540315358519635
0.574365531596021
0.5488421820472534
0.4651674463050102
0.3413706942055318
0.213163302884874
0.131768645595074
0.1583863338004228
0.3557976422842558
0.7781307870465266
1.460000122024384
2.407714036132119
3.592639847494261
4.950707000493407
6.385455660148133
7.777723466440094
8.999590024944007
9.929483490452563
10.46936979382379
10.55787077838468
