# RCS in m**2 for a L=5 cm PVC cube at 22.5 degree aspect angle
# frequency = 91 GHz, 
# theta = linspace(0, 6.2832, 1441)
# phi = linspace(0, 0, 1  1)
18.80488937285124
18.21803041236486
16.85991936489352
14.86999557101607
12.45113359957453
9.841030305263574
7.279014388598754
4.974000041301518
3.078819656984023
1.675133840574723
0.7705362824362536
0.3077893988608683
0.1834953957069225
0.2720878830950457
0.4502581108815114
0.6173001162460378
0.7080876182074785
0.6971350670498296
0.5941573383587158
0.4333130784472725
0.2592718125387313
0.1136433578948616
0.02467301191882771
0.002070811388176037
0.03734833738855652
0.1087348414775232
0.1887460460736318
0.2520981578274969
0.2819005993655752
0.2727537549832059
0.2303650519403924
0.1682948943479979
0.1030637074300183
0.04920654369315595
0.01562154798146523
0.004065779548241035
0.00992089333738908
0.02470114045219981
0.03933224677471633
0.04711998029492184
0.04553827124749305
0.03642990836985026
0.02472747452801222
0.01626951000282317
0.0155048979667642
0.02385533911312963
0.03923261677963753
0.05680653082738626
0.07070027623272328
0.07601738190574041
0.07052028268408481
0.05541698147486106
0.03502394750604033
0.01544092353715759
0.002667235149283484
0.0007700159057871355
0.01066476396579851
0.02986663196233559
0.05326344820440608
0.07464303559533683
0.08848599189556833
0.09149302516199023
0.08338900446466167
0.0668186717628844
0.04640361738508643
0.02730070637053929
0.01370674781343877
0.007770347693462414
0.009192440175638481
0.01558916567748688
0.02344066830385383
0.02929308534507327
0.03082095831609359
0.02743571481098213
0.02029205648446629
0.01173694086773099
0.00443033878620209
0.0004409039838820339
0.0006122559220330386
0.004383091152516582
0.01008178662231159
0.01556424741274017
0.01895576837364917
0.01924718803403148
0.0165537253724182
0.01197722447689397
0.007144945358165874
0.00360293174175046
0.002282873456752667
0.003220820576993748
0.005611509817181616
0.008163419485612718
0.009616950664228244
0.009234915733183633
0.007093608388568078
0.004075054901114702
0.001564202474900503
0.0009605016381452527
0.003170527951302392
0.008256342966111233
0.0153577702389556
0.02291606700471988
0.0291283658352258
0.03248179610777056
0.03220461207118398
0.02848647220958496
0.02240895343104782
0.01560968019584905
0.009795538062283754
0.006252165290379664
0.005505115413786508
0.007222190765477917
0.01037779218544723
0.0136129293076634
0.01566989267211607
0.0157648912632563
0.01378878463421199
0.01028568745260326
0.006233418015271273
0.002706983023218884
0.0005402125677118565
8.962726780013198e-05
0.001168516072022339
0.003157050459598337
0.005240385532531888
0.006688291617363054
0.007081920301907589
0.006420050320391687
0.005077562399362849
0.003641935358563574
0.002689784482702011
0.002582771876258325
0.003350553696592196
0.004693647988142824
0.006101163538780398
0.007036969668694987
0.007128456163275894
0.006294704060905406
0.004771664765596352
0.003030464021766426
0.00161763393919184
0.0009730934005897122
0.001285997636052992
0.002435769438443623
0.004035379168349712
0.005561302845969658
0.006527661780746244
0.006645612874915496
0.005919872217751692
0.004650054207635992
0.003338988847080729
0.002536222721282181
0.002665545705328318
0.003890910370585263
0.00605902974228826
0.008735776842673595
0.01132504596513681
0.0132309182769957
0.0140216363542956
0.01353975171170544
0.01193781769828978
0.009626750097076786
0.007156681965745847
0.005067263406513868
0.003749221065547223
0.003354910071033469
0.003778861386004069
0.004709345532453323
0.005730924255382949
0.006446583132839876
0.006583193536592976
0.006053847482705617
0.004962765848638907
0.003557032740023944
0.002143406787471383
0.0009974744163744689
0.0002910136814678199
5.706256336496944e-05
0.000198934300996232
0.0005361661184582796
0.0008706136688352569
0.001050974528042131
0.00101677219841267
0.0008096297194264413
0.0005516661957140462
0.0003990215176622748
0.0004867418713239163
0.000882587247439239
0.001562877948088806
0.002417549797997476
0.003281799160573605
0.003983777768818563
0.004394380293618048
0.004464224088971154
0.00423729152524193
0.003838484894181838
0.00343782796386832
0.003203412303911273
0.003254635717754267
0.003629726498105809
0.004275158295764106
0.005059818112062182
0.005809220339872268
0.006350243999294009
0.006555337555311651
0.006373116826395526
0.00584041938741482
0.005071598688586551
0.004229158021652103
0.003483667288955993
0.002974086546254646
0.002776375820678451
0.002889126112200748
0.003237805559587068
0.003696212453176583
0.004118293768185653
0.00437303865323857
0.004373444859098185
0.004093961015814038
0.003571913171190097
0.002895716763030628
0.002181203279173854
0.001544447802275126
0.001076409892905323
0.0008252960235593479
0.0007899359302435393
0.0009247284541067003
0.001153951836211963
0.001391172578576151
0.001559389412185885
0.00160667070612181
0.001514759176300991
0.001299297712558327
0.00100240205653067
0.0006801905131263826
0.0003887927511688862
0.0001716790788453964
5.167389192660799e-05
2.83100829546098e-05
8.093396849306867e-05
0.0001759775578649671
0.0002762946801507531
0.000350169869867301
0.0003779223653128969
0.0003549301109855244
0.000290650589959567
0.000204397719409409
0.0001193857947153787
5.615125221522206e-05
2.777173766114951e-05
3.71018277545096e-05
7.695837886590168e-05
0.0001327448058280376
0.0001867797882956033
0.000222974473969954
0.0002309314286886052
0.0002082744045401186
0.0001609554296044848
0.0001014893583502263
4.567718929438165e-05
8.673065057636683e-06
1.359469794144982e-06
2.780814124226334e-05
8.439295770326941e-05
0.0001606590781026535
0.0002417427611447548
0.0003115602377472143
0.0003563424040869285
0.0003675078470670753
0.0003433653160468753
0.0002892796959368733
0.0002166151249067893
0.0001402380236772049
7.560375739099385e-05
3.572143491302274e-05
2.872675335229426e-05
5.647215784332658e-05
0.0001143217549511587
0.0001921545308204254
0.0002763454084695645
0.0003522665286882882
0.0004069059540024546
0.0004311158424577104
0.0004210958085959364
0.0003789508442864288
0.0003122561262803998
0.0002326867362070654
0.0001540775011542585
9.010161486290928e-05
5.204751353433539e-05
4.693057340854989e-05
7.633317056832078e-05
0.0001360461555525822
0.000216641973613256
0.0003049043322036288
0.0003858988522956847
0.0004454555353466738
0.0004725915620302241
0.0004615437032444573
0.0004130781844781967
0.000334671853083638
0.0002395827142896656
0.0001447830448726116
6.803650469278574e-05
2.468572498630629e-05
2.45778926055804e-05
6.984494371204588e-05
0.0001540000408989577
0.000262670404829091
0.0003759578548390243
0.0004720366057772817
0.0005314701759195508
0.0005412780389875222
0.000498015729180163
0.0004089448432787963
0.0002911856349990133
0.0001685326343556677
6.683227436703818e-05
8.49380774928707e-06
7.526045574805776e-06
6.610430974513758e-05
0.0001735898438211711
0.0003083247580565843
0.0004419638638139709
0.0005455906485531929
0.0005960726692816774
0.0005815333312539663
0.0005043784016771751
0.0003811170378321292
0.0002390521734013273
0.000110239055833714
2.419278294071148e-05
1.024157081085905e-06
4.658241836946902e-05
0.000150861172220678
0.0002901472740178225
0.0004324839424070177
0.0005451241773212324
0.0006023108597519676
0.0005913841243166258
0.000515754345679697
0.0003939580144366254
0.0002549895492734326
0.0001311711675983523
5.025235916190527e-05
2.880586452654153e-05
6.862384175163062e-05
0.0001569059312485148
0.0002701981388094019
0.0003809043337179815
0.0004645478332423899
0.0005058825988052866
0.0005020525158160313
0.0004621763235044366
0.000403580557807059
0.0003458586054379106
0.0003047143130613486
0.0002874012932848322
0.0002912612430604741
0.0003056909624175957
0.0003168887838915341
0.0003137909925210765
0.0002931341129880469
0.0002618201898563213
0.0002355690633236201
0.0002341059358422356
0.000274059196951416
0.0003620287544008882
0.0004900831148947287
0.0006354526707141222
0.0007650656684835262
0.0008440507000112982
0.0008458305896786758
0.0007609678690006771
0.0006017987109548583
0.0004012974913903698
0.0002056903660753954
6.28565639599616e-05
9.389991423827448e-06
6.012772402883956e-05
0.0002032185650721597
0.0004025003819322028
0.0006066976702706326
0.0007630963579017339
0.0008317000357632789
0.0007959990874826173
0.0006670649434664113
0.0004796292715142332
0.0002815855797014844
0.0001198555886851846
2.692710561426016e-05
1.23090060925395e-05
6.129355376081923e-05
0.0001413957423537226
0.000214281046829772
0.0002491754836074259
0.0002333336966896021
0.0001760890434170535
0.0001049760273558555
5.532825175997831e-05
5.677357359415722e-05
0.0001213472263194675
0.0002376092876386963
0.0003730370131675588
0.0004843740213287078
0.0005327336618638528
0.0004983976843686148
0.0003901359924661142
0.0002452899204979919
0.0001198648117534265
7.139763594476025e-05
0.0001396478792201455
0.0003316508624855721
0.0006163540644830124
0.0009313374924825072
0.001200155951721437
0.001355335065462947
0.001359948042080755
0.00122033753041764
0.0009858488881377963
0.0007346973355553185
0.0005499514142782887
0.0004932150388642567
0.0005841443397220914
0.0007929201552067249
0.001048479347102395
0.001260419482470444
0.001348070691754912
0.001267247570163353
0.001026130391497604
0.0006847350672799005
0.0003375715426813485
8.474476594866165e-05
6.199461281485952e-07
0.0001100301478299152
0.0003799063828760588
0.0007292364885733392
0.001054125902275815
0.001260090548538471
0.00129084986443615
0.001144117648390185
0.0008695796872823531
0.000549759226234404
0.0002707835775288532
9.334446242740578e-05
3.428838894715945e-05
6.54407808210423e-05
0.0001301054665986746
0.0001712862452636963
0.0001607997393274568
0.0001178597437821672
0.0001087678534210806
0.0002260853849548521
0.0005530988095350043
0.00112559827517161
0.001905113566051375
0.002774835697255687
0.00356283339390716
0.004087860995360489
0.004214395971149374
0.00389956278138471
0.003215556549257598
0.002337790752941389
0.001500251635881167
0.0009289722637080514
0.0007744608760293938
0.001063616839281242
0.001687924171717113
0.002433506291046137
0.003045262076127576
0.003306189495245367
0.003107416282923886
0.002486067827293394
0.001618033942114529
0.0007659196362899204
0.0001983959998368599
0.000104955089807173
0.0005336363316971927
0.001372597452100219
0.002381759548409385
0.003265701093490138
0.003764843766942238
0.003735533627372764
0.003193016152547278
0.002302900781645947
0.001323661062420614
0.0005195752314437762
7.30054820836054e-05
2.751844680891177e-05
0.0002817044881444011
0.0006374659494592403
0.0008868430245620369
0.0009069979945702182
0.0007274627282112759
0.000541866640299992
0.0006536046939835851
0.00136825950369595
0.002866413209138623
0.005101523131746741
0.007764683960493937
0.01033927926119801
0.01224233570009181
0.01301712326108955
0.01252165254360671
0.01104777226778418
0.009323188137167171
0.008372906116475351
0.009263815312827118
0.01278951760607523
0.01918207903221436
0.02793805908228002
0.03782602079184983
0.04709557999401722
0.05385728165418101
0.05654609978446215
0.05435659890168529
0.04752427537629814
0.03736534683811259
0.02604280004645194
0.01609340341637214
0.009819409451959249
0.008694510765975256
0.01293886790246986
0.02139198496998478
0.03173806254466707
0.04106657877467602
0.04664559263470775
0.04674104741029012
0.04127707453779577
0.03216269501946159
0.02317187467058394
0.01936372674833434
0.0261322106710663
0.04806636928984025
0.08784729251549793
0.1454342999938563
0.217706672449421
0.2986776236433833
0.3802485408490489
0.4533959711607281
0.5095579661936621
0.5419886831270013
0.5468084250685997
0.5235856837817433
0.4753434907347833
0.4080016593971214
0.3293856850962948
0.2479875030437721
0.1716973735128837
0.1067519153446441
0.05703152687774747
0.02381156232043899
0.00596316272157904
0.0005202415656058002
0.003460727048265902
0.01055437192951687
0.01810264417635231
0.02346020345378615
0.02527286666420723
0.02343253479455859
0.01880294502631081
0.01280636506144068
0.006976572092441065
0.002575755374122787
0.0003380153438471043
0.0003800608940403667
0.002265110362341892
0.005184523268462136
0.008198440080531482
0.01047330191112697
0.01146413699685924
0.01100657712411448
0.009311931128387392
0.006875694886778207
0.004332622550814753
0.002295336165876321
0.00121490689508658
0.001291540416081976
0.002449684843177833
0.004376489068550282
0.006608649277727537
0.008644274809988294
0.01005300119640787
0.01056259767324868
0.01010358719586395
0.008808731207808354
0.006970687140172563
0.004970492611731921
0.003194211929840957
0.001955676758968156
0.001440136405574051
0.001678110217912231
0.002551631005114859
0.00382893642833313
0.005217921035416365
0.006426530892579671
0.007217831014948316
0.007449886152395049
0.007094447536379765
0.006232886495215177
0.005032424750920628
0.003708927236267622
0.002483786302219476
0.001544108332083052
0.001012315441393088
0.0009299928686565842
0.001257280216689128
0.00188663976944604
0.002667097121505605
0.003433833172120731
0.004037654271237587
0.004369066287341252
0.004373880506975079
0.004057957396453829
0.003481577923504289
0.002745279317922193
0.001970078190650154
0.001275931760904428
0.0007619663690694512
0.0004915853150632215
0.0004844368904625038
0.0007160057698776039
0.001124370056278832
0.001622530101845906
0.002113948532002113
0.002508726534289679
0.002737793175738491
0.002763036925485092
0.002581949634949688
0.002226389932150604
0.001756026204961235
0.001247449451475354
0.0007811088752753623
0.0004280826875738441
0.0002387489615068931
0.0002351419080259727
0.000408056976606927
0.0007193186175555978
0.001108689907802489
0.001504325934480112
0.00183485070766214
0.002041432328065551
0.002087427386166405
0.001964320881162964
0.00169294508460371
0.001319571696587304
0.0009078440136480097
0.0005275276862675008
0.0002424182771850644
9.906007042240049e-05
0.0001186110910644644
0.0002930696162017327
0.0005867747915681688
0.0009428231982889224
0.001293409537853963
0.001572174744292465
0.001726412602709848
0.001726790948424929
0.001572824213472829
0.001292978569463765
0.0009392307310108375
0.0005772044981014986
0.0002736476942499332
8.356437586088759e-05
3.964692327517487e-05
0.0001459813914509962
0.0003773793706573839
0.0006844842976101435
0.001003723665595226
0.001269996798618796
0.001429857241368436
0.001452099887193041
0.001333889673938622
0.001101009936237048
0.0008022117146519445
0.0004988569959483807
0.0002520055606297219
0.0001097332805869105
9.734475579072305e-05
0.0002125172877145114
0.0004264960996365422
0.0006909012675603685
0.0009486485178041772
0.001146519280548836
0.00124661158924264
0.001234082448674398
0.001119547996909276
0.0009356701877688088
0.0007289602943024877
0.0005484554274991187
0.0004343851265638907
0.0004090899238598952
0.0004724848279146485
0.0006029535084077198
0.0007633563423511074
0.0009105682707419328
0.001006254650008584
0.001026141213682164
0.0009656863748376578
0.0008407668995909341
0.0006833573122804031
0.0005333378081466781
0.0004285678529220335
0.0003956308562655194
0.0004434818229745793
0.0005615170858465063
0.0007223595344575439
0.0008884881972823452
0.001021139733890457
0.001089056688398872
0.001075140206801066
0.0009794824230954775
0.0008183357862030336
0.0006194498717478148
0.0004152624649443394
0.0002356643320747654
0.0001021583635043892
2.463777192236901e-05
1.204841536863692e-06
2.079425065640323e-05
6.746996078120633e-05
0.0001251044685554961
0.0001811831758621279
0.0002288719409212244
0.0002671334578022996
0.0002991897237962291
0.0003301682583529332
0.0003647040422574994
0.0004053348624591045
0.0004519196172906271
0.0005020884379172187
0.0005521971139767465
0.0005983885298650186
0.0006371433098518479
0.0006653100049655768
0.0006796691926357115
0.0006765924505258026
0.0006520786245367697
0.000602682191652965
0.0005271067619809875
0.0004281229802250797
0.0003140202771712993
0.0001988714621312772
0.000101014486175483
3.981117662947072e-05
3.118553240785617e-05
8.308290517328522e-05
0.000192126562240003
0.0003426863330505294
0.0005089037251639827
0.0006595512015638806
0.0007646911243721435
0.0008025083192205643
0.0007645731273107313
0.0006580888539314436
0.0005042591608262959
0.000333480146095825
0.0001780559221140534
6.47994287995074e-05
9.22890809520645e-06
1.286395606857875e-05
6.429236662383799e-05
0.0001434805890443137
0.0002279940060861196
0.000299249737559516
0.0003469625533840162
0.0003707109860618211
0.0003781927254865255
0.0003811261586953149
0.000390098383227735
0.0004101983143280878
0.0004388572628841025
0.0004665266244218909
0.0004799261582859739
0.0004668090815199495
0.000420606478852665
0.0003433200115906816
0.0002459113473432321
0.0001457358901485299
6.213429917257755e-05
1.119697793812157e-05
1.629158419346913e-06
3.273594963219148e-05
9.515948591067076e-05
0.0001739955074896586
0.0002531817557059394
0.0003198198187905929
0.000366947112565359
0.0003941623866758062
0.0004059372576383802
0.0004085639082196268
0.0004068280881512484
0.0004017372716467569
0.0003901321045221128
0.0003663315367473754
0.0003251370657272582
0.0002651146859234991
0.0001908249645287092
0.0001130273234466698
4.663684196466317e-05
6.856942640494678e-06
4.735203174879418e-06
4.351802170054162e-05
0.0001170605098574762
0.0002108679145128991
0.0003056475698771351
0.0003822502591481942
0.0004265992110525385
0.0004331267100054967
0.0004057073782464941
0.0003558284345112013
0.000298681942103281
0.0002483964563254474
0.0002139628119376557
0.0001970595481583868
0.0001923945735535023
0.0001903283023304348
0.0001808800543182906
0.0001576299979087152
0.0001203355258335084
7.53470115524535e-05
3.371849252439122e-05
7.738753070346143e-06
6.968508104180882e-06
3.513875782306004e-05
8.890019683064815e-05
0.0001587575785136292
0.0002318521805402054
0.0002956488234682164
0.0003412742335165222
0.0003655418136153502
0.0003709302362018324
0.0003638617776005852
0.0003517715583971131
0.0003401601240705177
0.0003306490951808503
0.0003206857340324405
0.000304928233094423
0.000277852617167647
0.0002364979839039957
0.0001824087207227793
0.0001219829497368352
6.507945787069143e-05
2.221752753394928e-05
1.414981185001706e-06
5.590690591433622e-06
3.155887323080983e-05
7.088954747290873e-05
0.0001125074771660036
0.000146075319311143
0.0001652362849882998
0.0001695026081202664
0.00016426640082136
0.0001588503739537826
0.0001632565458437516
0.0001845747458107209
0.0002243097907847033
0.0002773923408919211
0.00033329715952784
0.000378917107957222
0.0004022619547896688
0.0003959627108689607
0.0003594005552176022
0.0002989038836111365
0.0002259360134490822
0.0001538862647147601
9.44560353870687e-05
5.47228293324628e-05
3.571626192271326e-05
3.292919291486053e-05
3.842511419374886e-05
4.385181784214355e-05
4.3351518997961e-05
3.542384781538926e-05
2.321248168362628e-05
1.31641823135816e-05
1.257106890015554e-05
2.682898949168323e-05
5.734063068665656e-05
0.0001007774168751268
0.0001498862002908117
0.0001956702354660049
0.0002301025704354802
0.0002486661570439268
0.0002517184240982283
0.0002443706056443509
0.0002347992050919184
0.0002316151874463385
0.0002409817710129162
0.0002644851652311877
0.0002984009174689357
0.0003345428589759901
0.0003625700983795188
0.0003729579891171494
0.0003598608861571634
0.0003229170749117914
0.0002675615677951217
0.0002036260091243811
0.0001428262325036707
9.559854112810114e-05
6.845831274073439e-05
6.24468719527094e-05
7.313271717144065e-05
9.214867688224958e-05
0.0001097585589685412
0.000117688549985463
0.0001114628727307099
9.14823071771806e-05
6.268469628398888e-05
3.288499299676273e-05
1.028393100024324e-05
9.895361525405924e-07
7.161082220934395e-06
2.641328777758053e-05
5.258797633462709e-05
7.762072213731554e-05
9.401333391987066e-05
9.713324665198232e-05
8.667746985844386e-05
6.686389234995261e-05
4.532825078411465e-05
3.096553690379716e-05
3.137254722796224e-05
5.057111601989943e-05
8.765988083238602e-05
0.0001367866553992839
0.0001884814638596523
0.0002319534893179003
0.0002578366470615888
0.0002606221508354077
0.0002401454258573447
0.0002017170940154913
0.0001549683616317134
0.0001115269888499936
8.223803478858867e-05
7.456864447759153e-05
9.081993920885266e-05
0.0001275898139114252
0.0001765723577945892
0.0002265681613659531
0.000266026680556538
0.0002857576016888655
0.0002809499759095149
0.0002521768913644959
0.0002051667300649689
0.0001494238906343181
9.599972886668132e-05
5.507376454050153e-05
3.376145938516936e-05
3.473376954077009e-05
5.583360437840102e-05
9.077093434980372e-05
0.0001306803271110129
0.000166129564531471
0.0001891200005377135
0.0001947156983309397
0.0001818167159238301
0.0001531890894823617
0.0001146236235950425
7.352420145169138e-05
3.731839822151972e-05
1.195444253378761e-05
8.554759371045534e-07
4.456010582331611e-06
2.038843011849617e-05
4.420399369695591e-05
7.043337971975742e-05
9.371483699950924e-05
0.0001098022948205007
0.0001162144999530892
0.0001124784370600315
9.998627085649663e-05
8.150189172302838e-05
6.053097900736075e-05
4.060948650043476e-05
2.473073221612254e-05
1.495256948713659e-05
1.220971342473241e-05
1.633944061300876e-05
2.626050670282344e-05
4.022344054397958e-05
5.612585462637495e-05
7.177018824467687e-05
8.511300858546578e-05
9.448207786130887e-05
9.871537441622825e-05
9.729753466284696e-05
9.044249080456572e-05
7.910095622174091e-05
6.49181387225713e-05
5.005446064708562e-05
3.693202264434853e-05
2.788955929090377e-05
2.479091908811901e-05
2.866422287161773e-05
3.945451380235117e-05
5.59105875989121e-05
7.571472466667916e-05
9.580617357369857e-05
0.0001128743950369948
0.0001239414514849568
0.00012693095022552
0.0001211111255688499
0.0001072965261166178
8.777021626882709e-05
6.595784117732662e-05
4.581085304564935e-05
3.113595608622833e-05
2.487244587864341e-05
2.855809597255882e-05
4.198966290498201e-05
6.324272216345065e-05
8.897847025449351e-05
0.0001150132997737084
0.0001370420291154196
0.0001513904497001225
0.0001556496860499549
0.0001491118333922499
0.0001328858455113803
0.0001097396078230027
8.36502289383127e-05
5.917273226112733e-05
4.07013792583152e-05
3.179116083671933e-05
3.456161256478702e-05
4.935617323968648e-05
7.466088840435256e-05
0.0001072848580226554
0.0001428043732571435
0.0001762085297816076
0.0002027091031538533
0.0002184522956720014
0.0002212821159685053
0.0002111375030417201
0.0001902614941839251
0.000162969170906972
0.0001350865748259676
0.00011303807011443
0.0001027756128685831
0.0001086338094385383
0.0001324432088833649
0.0001729545894319707
0.0002258808213910746
0.0002844137554614758
0.0003404613431418121
0.0003860828051525514
0.00041506936039776
0.0004243302701546616
0.0004146809263999444
0.0003908851005109465
0.0003608804319212915
0.0003342096487527117
0.0003200810724188059
0.0003254051330020607
0.0003531058356280453
0.0004014315275236003
0.0004640326672781554
0.0005313476917902881
0.0005924215630767976
0.0006374128926144502
0.0006596696863871343
0.0006572625952022826
0.0006333833879159831
0.0005956109967640436
0.0005540624501926915
0.0005191312392050512
0.0004988884819074904
0.0004973122701031577
0.0005133737794099815
0.0005413061353142664
0.0005721837486141945
0.0005961351527499586
0.0006047484178499213
0.0005931705507237456
0.000561186402967852
0.0005131695013997276
0.0004568525138369746
0.0004013400430146512
0.0003547891029472258
0.0003225087491929447
0.0003057574826006869
0.0003017779688982876
0.0003047183864424364
0.0003073638197890044
0.0003030865622746421
0.0002874910015111927
0.0002593506690143896
0.0002206274134620342
0.0001757136577470852
0.00013009053627452
8.894918817063315e-05
5.609277213974328e-05
3.344539051362559e-05
2.117054369712355e-05
1.827971648546384e-05
2.338949563024586e-05
3.532419566769344e-05
5.331525933857016e-05
7.672527830077254e-05
0.0001045085863736441
0.0001346703064255799
0.0001640051524232246
0.0001885180193558972
0.0002042108072795783
0.0002084504645500098
0.0002010811307818858
0.0001851396220976332
0.0001666572860126669
0.0001534584748223455
0.0001533289219134692
0.0001718279133866682
0.000210565256908353
0.0002665241512481671
0.000332732022381825
0.000400119626876612
0.0004602904280588437
0.0005081669439207456
0.0005438236301387643
0.0005727542137203736
0.0006043459156348331
0.0006489634310171636
0.0007142914175803113
0.000802244135361571
0.0009071427584802596
0.001016303272307418
0.001112557959519409
0.001178673818593367
0.001201935463424305
0.00117813706912472
0.001113386530575365
0.001023190936809989
0.0009290399443464888
0.0008533400485321995
0.0008137550648521863
0.0008188646516728911
0.000865982482461415
0.0009419709105298433
0.00102651653808165
0.001097192113468565
0.00113457612073942
0.001126412353228368
0.001069794059535373
0.0009705499416063364
0.0008409405021414627
0.0006961893869534591
0.0005510895751144632
0.0004176288501067631
0.0003041789595342574
0.0002160169164314971
0.0001565930146367754
0.0001287549474691786
0.0001349703050167049
0.0001765147229440868
0.0002518605917972234
0.000354785317566532
0.0004736832032573039
0.0005923095787331651
0.0006926842142576327
0.0007594247189799312
0.0007841475483442022
0.0007690653744383338
0.000727819893160124
0.0006830184444091399
0.0006611201520706956
0.0006854036332712587
0.0007692186544459188
0.0009116908598509207
0.001097279048225665
0.001299419675077173
0.001488149872610847
0.001638636839839807
0.001739122742212097
0.001794793414032095
0.001826962518956848
0.001866711103585947
0.001945239051501808
0.002083151284261766
0.002282110055784208
0.002521523974261906
0.002761281259058
0.002950788504976008
0.003041139319523711
0.002997987113851761
0.002810859574475552
0.002496901909018746
0.002097379831597566
0.001668477813713658
0.00126801908514947
0.0009433041289275369
0.000721326784004648
0.0006054767328426962
0.0005779999248904779
0.0006076664448532291
0.0006595438385792265
0.0007041421162579091
0.0007233831693296432
0.0007121437451674056
0.0006760138541633579
0.0006269291842252323
0.0005784930499668238
0.0005436919874053923
0.0005347743202659496
0.0005648999927413005
0.0006499010574827236
0.000807609015776655
0.001053958676621767
0.001395684197815082
0.001822694302878835
0.00230239622078042
0.002781236521433869
0.003194120328110142
0.003482475553858378
0.003616100581302344
0.003612851017207884
0.00354792204803713
0.003546837059200708
0.00376063746989839
0.004325330404252221
0.005316955943989699
0.006713265563087802
0.008378481958792617
0.01007741546672755
0.01152558014488974
0.01246174335182214
0.01273154098808216
0.01235529242332267
0.01155799257040743
0.01074663233164052
0.01042839427018273
0.01108712411220423
0.01304042123870284
0.01631794346845769
0.02059473725802142
0.02521006874970202
0.02928058672686161
0.03188791305623049
0.03231117798761563
0.03024158304347114
0.02593019243879326
0.02021642535619549
0.01441331007002277
0.01006918107294912
0.008632568964449257
0.01110742079640498
0.01776318086906725
0.02798945507974183
0.04032597897450744
0.05270060408225435
0.06280780403007534
0.06859216764551609
0.06869770725183853
0.06281275005930005
0.05180670914363689
0.0376315680823843
0.02297512991145098
0.01076365434351911
0.00356739186344704
0.003077444417305615
0.009729330227226274
0.02257759941100398
0.03945123031982912
0.05734677031945212
0.07300534479336568
0.08354854399886311
0.08702580220818215
0.08279735810066365
0.0716479131362515
0.05561994971713589
0.03761611433328942
0.02082224878475916
0.008114888958195812
0.001518110422781325
0.00186336059107769
0.008673229926597237
0.02031018977701475
0.03432862707245481
0.04797577548509514
0.05870605482835328
0.06464794637518363
0.06489561815239055
0.05961750950281926
0.04994698980738738
0.03770900745714869
0.02503041052491921
0.01394043793411649
0.006007422396876056
0.002108740811370666
0.002335624926341489
0.006060471796967879
0.01212413097572905
0.01909836420922339
0.02556900684706903
0.03038473182856987
0.03282015055305389
0.03265180467116525
0.03012372976559556
0.0258396565496439
0.02060796986141548
0.01526954751728564
0.01055478081950415
0.006978437952399393
0.004797475618744533
0.004018231747509992
0.004447481576449742
0.005766685011243334
0.007609944851028024
0.009628348247621814
0.01153412033553273
0.01311724935709741
0.01424462763302582
0.01484437562080406
0.01488880816286305
0.01438158363485292
0.01335471127666005
0.0118734240647474
0.01004672191124533
0.008033617893224728
0.006043456856708975
0.004318970124301905
0.003108839200381822
0.002626091491366749
0.003004561349415455
0.004261492936447629
0.006275586916781872
0.008788362538485339
0.01143351498187275
0.0137875360053728
0.01544176764024223
0.01607529036700642
0.01552156873865493
0.01381166886704554
0.01118536242314023
0.008063400825051118
0.004987518817753574
0.002529136850008667
0.001191961611115407
0.001313114559208085
0.002993744782314834
0.006064428025303817
0.01009703440281244
0.01446518579010621
0.0184466383114335
0.02134412642715684
0.02261693611618031
0.02198704262223706
0.01950862461724543
0.01558040473889293
0.01089474707067806
0.006334157098067345
0.002820003445493595
0.001146014492955995
0.001824415612267523
0.004970085905256635
0.01024991972710263
0.01691508665242296
0.02390577656865243
0.03003280952749753
0.03418570122625159
0.03555441042474459
0.03380120828000734
0.02916564304698974
0.02245766492472271
0.01495525042083307
0.008184574530059401
0.003652080132043228
0.002544407642198781
0.005475094497420989
0.01231820908716418
0.02217407681904212
0.03348610208808546
0.04430356859438904
0.05263163132793499
0.0568364611069587
0.05599426157332645
0.05013537147333642
0.04030882472305614
0.02843959737887217
0.01700120294521659
0.008542068560888029
0.005157299613535341
0.00802298836713702
0.01708240993602507
0.03097013060678568
0.04721960670393336
0.06270549015528123
0.07428588507654586
0.07946528212462479
0.07698836167419955
0.06718103955761054
0.05197470604386838
0.03455601890220671
0.0187292311235914
0.008069075835117115
0.005098612361008135
0.01063847800041105
0.02352977600140508
0.04081366182900926
0.05834718597690448
0.07176357929642863
0.07754926506373244
0.07396829014026787
0.06161105725172752
0.04337345780703594
0.02381609660886248
0.008049461318650756
0.0003486441531172217
0.002901273529711659
0.01500826497579763
0.03305562164365027
0.05133339366270092
0.06362680029735757
0.06518071156578005
0.0545755070190836
0.03489714233736407
0.01373783336662495
0.001796948052376896
0.01017057057896031
0.04687874515892234
0.1134400512738478
0.202600210676404
0.298024218704218
0.3768810421912816
0.4150612056847581
0.3947683317919337
0.3129141087856452
0.1886279600122537
0.0678553970799258
0.02315172553057027
0.1476362321955622
0.5430405434831533
1.303246926047515
2.49494428830798
4.140371475427941
6.202758217368763
8.58216925759961
11.1180583763641
13.6045477099145
15.81472231385431
17.52827233563809
18.56392477452422
18.80489529860818
