# RCS in m**2 for a L=5 cm PVC cube at 22.5 degree aspect angle
# frequency = 90 GHz, 
# theta = linspace(0, 6.2832, 1441)
# phi = linspace(0, 0, 1  1)
18.47517727847506
18.08770243352233
16.95145887750662
15.18159748056569
12.95535255884008
10.48730449207237
7.999968425012072
5.694495757906269
3.726314533615407
2.189538855517487
1.111928679363683
0.460688482203913
0.1570754161941021
0.09651470055552618
0.1700039416273358
0.2828620184060894
0.3676904125468747
0.3899008434028961
0.3458064518138281
0.2548275789718064
0.1483475328188357
0.05819497951352216
0.007367431417941105
0.004797855734784094
0.04475013762440488
0.1102804208053049
0.1792697425872251
0.2310943291153004
0.2520949708910205
0.2385217188600564
0.1964535474175308
0.1390687697824078
0.08226734815653065
0.04003044473645313
0.02079996915165915
0.02577026574487297
0.04936543331620627
0.08154428085185282
0.1111088928917833
0.1289818062276681
0.1305289162314581
0.116364530789069
0.09155389407329881
0.06360659502154273
0.03996338941412211
0.0257726767200786
0.02258527167224766
0.02828873860366114
0.03818415984693704
0.04678471541407898
0.04972132882168888
0.04514888149024759
0.03424459017430843
0.02069578301618217
0.009387995295941221
0.004748507690388488
0.009278728217326849
0.02272524657767088
0.04212626686996312
0.06268700423108137
0.07918452099797134
0.08746675513159301
0.08558288715718175
0.07423487240333319
0.05644242424809887
0.03657111976902781
0.0190370788955247
0.007099473621323915
0.002081924975559069
0.003227803989340352
0.008178725405078689
0.01388485329925785
0.0176328865570926
0.01786850086051733
0.01457346664656781
0.00911552370096989
0.003660342482848029
0.0003647274160769545
0.0006256585305297233
0.004625197883766568
0.01129855911716941
0.01871284101902108
0.02470915150177617
0.02759065750790425
0.02662838540380529
0.02223882213497516
0.01578940154142668
0.009119313039317647
0.003944044525906468
0.001342635619227378
0.001485157865581621
0.003675738241731117
0.006674998750028719
0.009179039408684054
0.01028671160092654
0.009798665028432643
0.008255466592944859
0.006713311840204684
0.006340620749444897
0.007979842455305726
0.01182049746005745
0.01729335477981694
0.02321720125872068
0.02814630706416645
0.03080771753051146
0.03048243931879547
0.02721754828176874
0.02180134116208253
0.01552115951234145
0.009780322981086553
0.005700118455598828
0.003826281190982787
0.004024328092908648
0.005584317088491782
0.007492236886495105
0.008772647497434413
0.008794003139830076
0.007442864483295009
0.005122467656370527
0.002585717457870335
0.0006673454347822025
3.788317557632385e-06
0.0008318739339345379
0.002924518597703277
0.005676568577271164
0.008305619010875422
0.01009808024963037
0.0106209476262976
0.009835378520679805
0.008081691499424323
0.005948830045548728
0.004075622072371127
0.002951573208322979
0.002777716493378787
0.003429050932877462
0.004522991111012429
0.005565386501595382
0.006122733234878601
0.005963069760251947
0.005123350504819608
0.003884475375453357
0.002667622829047067
0.00188889686627096
0.001821787514432017
0.002510936612269463
0.003763434943344179
0.005217598412179066
0.00646410128057149
0.007179468490530078
0.007228500381945174
0.006704686148622227
0.005896546981638516
0.005192844875786236
0.004956732486452778
0.005409317574484778
0.006556966495139336
0.008184329860548309
0.009913281243777912
0.01130945214665509
0.01200328475629726
0.01179109965069095
0.01068729003941746
0.008914276226272742
0.006837290939815062
0.004862823061721799
0.003332495193521203
0.002440612584562751
0.002198138794139587
0.00244829507712863
0.002927266805914154
0.003348327203590126
0.00348501036664456
0.003229507701431878
0.002612389109600876
0.001780584190744436
0.0009440834299706129
0.0003084396982415625
1.428353365479746e-05
0.0001005375401543801
0.0005001477060667487
0.00106746536691873
0.001626857403344789
0.002027227756391188
0.002185892958935096
0.002109908832445964
0.001889787274611977
0.001668845088880062
0.001598450000657406
0.001792206468538585
0.00229258701377281
0.003058595552421135
0.003976759222414324
0.004891951754446694
0.005648134564335365
0.006127914812987627
0.006280642562287564
0.006131334478842436
0.005770155076060571
0.005325887719417173
0.004931084525809084
0.004688465733286622
0.004647662916861827
0.004796765662419666
0.005070266433003096
0.005369912268427441
0.005592429641548572
0.005656221601064003
0.005520870694021063
0.005194397165493426
0.004727872218432149
0.004200025299618315
0.003695965868580591
0.003285997250065011
0.003010260688547144
0.002871695518133589
0.002839169445011352
0.002858521970329343
0.002867984455806629
0.002814764241993903
0.002666887523350935
0.002419708888296682
0.002094541801567767
0.001731219925429538
0.001377117017453302
0.001074967628916205
0.0008535041069511281
0.0007219003558336302
0.0006698902359197843
0.0006722498594204634
0.0006965056539744011
0.0007113894101618182
0.0006940769866393397
0.0006344996501195625
0.0005360313510242823
0.0004128307815873584
0.0002848758333845756
0.0001721026058762745
8.942112219808379e-05
4.348003325915088e-05
3.198294537112957e-05
4.536990558243975e-05
7.014674117306715e-05
9.284905329916867e-05
0.0001035402236800294
9.799512711043851e-05
7.811802894454297e-05
5.063991008106191e-05
2.473547753626619e-05
8.992068363439419e-06
9.002004227156124e-06
2.582220798091549e-05
5.583215149868661e-05
9.189421504899598e-05
0.0001254580271855135
0.0001489012675314311
0.000157622358372453
0.0001512032267089932
0.0001334392366023873
0.0001112498530388063
9.279890366276818e-05
8.52808340222002e-05
9.304949720791375e-05
0.0001164356019436471
0.0001516645700683733
0.0001917710672615156
0.0002284200395446955
0.0002538197945521349
0.00026296882757301
0.0002546870017783286
0.0002320909606175431
0.0002017939861029246
0.0001724338760972517
0.0001525219434422397
0.0001484237740349034
0.0001627097346540844
0.0001935466122781223
0.0002349426209526097
0.000278136345812309
0.0003135252725882244
0.0003329215148187435
0.0003314754608575303
0.0003088700050721982
0.0002695426240803547
0.0002217886800647543
0.0001760145962549715
0.0001424540663000979
0.000128933951424741
0.000139080317770783
0.0001714456975132163
0.0002197426388038665
0.0002740827627041271
0.0003230813145944025
0.0003562473061628476
0.0003661995807465326
0.0003502518831377927
0.0003110070564802643
0.0002558347400619186
0.000195268211905929
0.000140943373427069
0.0001031031999902874
8.856447211664729e-05
9.939915574073131e-05
0.0001326267936675652
0.0001809114381296221
0.0002342235938877412
0.0002818787602142224
0.000314713693096803
0.0003267601854736923
0.0003163026191523508
0.0002857975883211218
0.0002412482987967272
0.0001906869685106516
0.0001425627435654395
0.0001041484393452739
8.043230938454982e-05
7.355914915568222e-05
8.296618640360505e-05
0.0001059223467044934
0.000138368966755299
0.0001756981243133357
0.0002133966567521728
0.0002473002297647415
0.000273743198566172
0.0002895024362181614
0.000291882518137571
0.0002791446308824494
0.0002509829924700358
0.0002093414318006554
0.0001589726678594552
0.0001076045940025088
6.530916944106648e-05
4.305886390938287e-05
5.054906100468865e-05
9.364158071151367e-05
0.000172154939154881
0.0002784843543433131
0.0003978613516023095
0.00051029311880174
0.0005942073404912888
0.000631044847259069
0.0006099971604276149
0.0005314339290304241
0.0004083640052270666
0.0002649669600782757
0.0001323638199584709
4.23085606167649e-05
2.00610873404559e-05
7.812237359608135e-05
0.0002123864084104006
0.0004019144904395511
0.0006125434465616483
0.0008038873417770541
0.0009380214735650971
0.0009880922649900855
0.0009445952484378855
0.0008177526952954782
0.0006352416762233701
0.0004359136162933472
0.0002606255738495782
0.0001427580835879885
0.0001006399769594471
0.0001338963983117144
0.0002245155424038421
0.0003424211436779028
0.0004539917255784843
0.0005311589665701819
0.0005586025415473511
0.0005370800812511833
0.0004820265636449728
0.0004178526173601739
0.0003697538819170418
0.0003554574144372678
0.0003794291029164967
0.0004313122024618646
0.00048916154518495
0.000526579374083749
0.000521437045713951
0.000463669619383317
0.0003594702372083931
0.0002306008810106894
0.0001085599953330705
2.552656161709685e-05
4.568277424958453e-06
5.220378725098538e-05
0.0001557251283528637
0.0002862674048715762
0.0004068725451068873
0.0004832105322735519
0.0004936971483877352
0.0004358418415678668
0.0003268367413377455
0.0001979797658274854
8.474101287705712e-05
1.557645534328537e-05
3.068493890423206e-06
4.046301997952376e-05
0.0001048098125366261
0.0001658414094285471
0.0001977431811086605
0.000189786754549307
0.0001519916962042182
0.0001135069142444398
0.0001135955271792291
0.0001878729110061992
0.0003540131500665193
0.0006019124446646874
0.0008920619157270265
0.00116359063563863
0.001350232344832651
0.001399820243199426
0.001291627525096257
0.001045391169225136
0.0007191175556928916
0.0003952059754281477
0.0001584356372402998
7.217367593552827e-05
0.0001598572563393758
0.0003976063940501548
0.000720593666114755
0.001041708776607675
0.001277062325616275
0.001370619671308421
0.00131044491468235
0.001131484823793354
0.0009036610239573181
0.0007091515506313967
0.0006158213619164697
0.0006553993933071964
0.0008132359526828146
0.001033286068103362
0.0012364800639811
0.001346846279345385
0.001316559506756996
0.001141831453021882
0.0008641429513659118
0.0005564285925770228
0.0002987242126277391
0.0001515905621318859
0.0001361869310373719
0.0002283224095868218
0.0003684549467883632
0.0004845553508531699
0.0005197788062583296
0.000455255692666078
0.0003192252172930089
0.0001786823489543335
0.0001154474438676151
0.0001945135943798105
0.0004357503096991034
0.0007996751702541867
0.001193801301049763
0.001499252001422217
0.001610151504560197
0.001473371398140264
0.001114635915377903
0.0006407735732961556
0.0002150754299061621
1.129337112679671e-05
0.0001594662445473384
0.0007007420361969226
0.00156627643252385
0.002588932896902871
0.003546215981156116
0.004223049250620016
0.00447600489547456
0.004278823671784769
0.003734242093691934
0.003046941423123603
0.002464459171936549
0.002202961135869329
0.002380569578475381
0.00297885445995599
0.003844989447968135
0.004735066939845317
0.00538547745659185
0.005590869108927774
0.005264425819204777
0.004461762941656963
0.003360731376381593
0.002204298996999651
0.001224596406878805
0.0005736291461553329
0.0002832152283294457
0.0002678422365551411
0.0003691404366205528
0.0004267266303300637
0.0003502398262018792
0.0001658475104837239
1.844000445673395e-05
0.0001249562574257524
0.000691932665566595
0.00182373577851097
0.003454422403763389
0.005330295957544597
0.007056859345336379
0.008201832663447865
0.008427974807570791
0.007613790879384831
0.005922387515183036
0.003788671296653605
0.001820216220386806
0.0006316759928186544
0.0006585792100436258
0.002005623810792923
0.004381457712527922
0.007149110955887946
0.00949188643256391
0.0106548763772986
0.01019897578256249
0.008190605909026837
0.005262649266553694
0.002510849035701556
0.001236248071007931
0.002588360022472708
0.007199519248919459
0.01491506157899836
0.02470789207229804
0.03482795999705772
0.0431765500572855
0.04783701831843615
0.0476436035583272
0.042645622689887
0.03433644655006768
0.02556228031545047
0.02009449493065461
0.02192323720536164
0.03441453431034104
0.0594982149452639
0.09707290838467068
0.1447732475328405
0.1981737184370141
0.2514171844481487
0.2981561375257091
0.3326432876370612
0.3507346140289358
0.3506461788867346
0.3332663751291696
0.3019901491679782
0.2621019384453497
0.2198169445997953
0.1811870734244868
0.1510614662852785
0.1323177921686561
0.125487706968723
0.1288307657767558
0.1388339188652677
0.1510068963614455
0.1608103113818636
0.1645372176546673
0.1599654127191879
0.1466892580722276
0.1260769668101087
0.100887089182536
0.07465726779632879
0.05097139823987926
0.03278794994772775
0.02193170654867856
0.0188413564007481
0.02259879515365907
0.03121076106266543
0.04206650812533524
0.05246917453670946
0.06013288188361094
0.06355182392102487
0.06219249400615137
0.05647857459769209
0.04760321216904579
0.03721760721149459
0.0270693500872285
0.01866512569523173
0.01301765060992638
0.01051597881526322
0.01092863674156474
0.01352244006721236
0.01726253809512277
0.02104313634458705
0.02390357191969972
0.02518911000250103
0.02463442263259181
0.0223625312829296
0.01881130698574976
0.01461062568078879
0.01044011722486412
0.006894967796292679
0.004387286457006112
0.003093742443766716
0.002954380885007778
0.003715346884326702
0.005001647272970071
0.006402233652194171
0.007549529423109091
0.008180128285329056
0.008167442130865744
0.007525258535797575
0.006384762252949458
0.004954083343420516
0.003469558833517427
0.002149259309049811
0.001156567828561401
0.0005788638682722626
0.0004227289718757217
0.0006241654127402259
0.001069494930291233
0.001621773755638545
0.002147283094693426
0.002537403421377307
0.002723059460237996
0.002680299272302571
0.002427673121950712
0.002017040915048631
0.001520313193105389
0.001015220005358462
0.0005719325447240243
0.0002431359223255697
5.809388125468208e-05
2.11472020787009e-05
0.0001141661099566486
0.0003019773853194003
0.0005395831178481776
0.0007798658257058985
0.0009807107352808125
0.001110457070912228
0.00115153929197425
0.001101472419829342
0.0009718521190263925
0.0007853470564053726
0.0005714629719262727
0.0003616349788023899
0.0001844444067895815
6.158165799386133e-05
5.126597721283362e-06
1.63488262373898e-05
8.629278372233976e-05
0.0001978128372810994
0.0003287309371625686
0.0004556206916653767
0.000557468886011118
0.000618769794981777
0.0006315207197825526
0.0005958873191398217
0.0005195190543391001
0.0004157025589354971
0.0003007992744659889
0.0001914106490818229
0.0001017787263902226
4.186523967917856e-05
1.632697021532257e-05
2.446130135193468e-05
6.100855047296668e-05
0.0001175422705889924
0.0001840973776695331
0.0002507537026376815
0.0003088708261588049
0.0003518551998441519
0.0003755114188648995
0.0003779936013545402
0.0003595826802771762
0.0003224032520296673
0.0002702346509680469
0.0002083356414524435
0.0001432825456260619
8.266654330334186e-05
3.450781865450092e-05
6.349956789486006e-06
4.056698457938807e-06
3.051500429460841e-05
8.452591278804116e-05
0.0001602276997703146
0.0002473398053293912
0.0003323655424359335
0.0004007832630788814
0.0004397692794306038
0.0004410788642370292
0.0004033642975241104
0.0003333377987852828
0.0002453052726798159
0.0001589798208600733
9.578436426147609e-05
7.433519064531796e-05
0.0001059785995702628
0.0001914791483735612
0.0003197124418827038
0.0004688986812600207
0.0006103919328441744
0.0007144740899327622
0.0007569466898059918
0.0007252003743232313
0.0006222655431062136
0.0004677487953174438
0.0002950255929345775
0.0001452517708421294
5.88590114907691e-05
6.662061545469251e-05
0.0001819898234401515
0.0003966717814029251
0.0006806085433343105
0.0009867694750613637
0.001259927076303486
0.001447803396341214
0.001512319542466577
0.001438328347044142
0.001237870287716353
0.0009487805927104182
0.0006277195955426058
0.0003388778137387233
0.000140771662343758
7.388564672772216e-05
0.0001520122298951013
0.0003591621769243969
0.0006529585355601387
0.0009737349338673012
0.001257418397085472
0.001449334289352017
0.001515803482811726
0.00145098261777874
0.001277353174259168
0.001039870724507706
0.0007951808746767498
0.0005983866223838904
0.0004905869267511893
0.000489968476176201
0.0005885266247375393
0.000754948812877597
0.0009428624114162591
0.001102340320441831
0.00119172030884533
0.001187036057611876
0.001086771461787606
0.0009110624159756049
0.0006958019954428906
0.0004832500380415333
0.0003117460203352843
0.0002070014163697441
0.0001770740971931686
0.0002120026801326901
0.0002879060580827051
0.0003741184071568259
0.000441419437435584
0.0004690724593929501
0.0004489861227345699
0.0003861741749973577
0.0002957696932901031
0.0001976630511669556
0.0001105768981302493
4.720299040879567e-05
1.173188195141414e-05
2.297689562435753e-07
3.433322844552306e-06
1.090608308095085e-05
1.508232974763638e-05
1.391343976423568e-05
1.132577518631171e-05
1.544504272847469e-05
3.525480726280214e-05
7.685412382935869e-05
0.0001405692869656185
0.000219867550481701
0.0003025082030325156
0.0003735310767832031
0.0004192003847720695
0.0004307552270791425
0.000406750953297284
0.0003534044206252653
0.0002827874185926777
0.0002094952452737685
0.0001468058777370416
0.0001033986797912053
8.163550532053641e-05
7.774718542896934e-05
8.378027143767785e-05
9.057236026674478e-05
9.080785880986921e-05
8.118380723014168e-05
6.308332378274915e-05
4.165643706680992e-05
2.37117364007152e-05
1.517580643864774e-05
1.899328501755113e-05
3.414253457184324e-05
5.603019627754231e-05
7.809521425645165e-05
9.401091629047966e-05
9.975074562922626e-05
9.482040198320087e-05
8.226303702547959e-05
6.75013766887473e-05
5.638866684931314e-05
5.320055800976286e-05
5.919583390159063e-05
7.223425616872991e-05
8.753641593662707e-05
9.933953000008304e-05
0.0001028315348933934
9.575689047516516e-05
7.916010675468687e-05
5.703398670653764e-05
3.503733247120888e-05
1.870995764575147e-05
1.179319602689826e-05
1.519898542468151e-05
2.692924610864197e-05
4.294633866961669e-05
5.865103469679208e-05
7.046437419966145e-05
7.69661735338659e-05
7.923246193287978e-05
8.027143846543092e-05
8.377871336780119e-05
9.267126366247099e-05
0.0001078506285186008
0.0001276857340089058
0.0001483362127465591
0.000164822598221176
0.00017250189338139
0.0001684708692763941
0.0001524647618118191
0.0001269746146792113
9.658416395676193e-05
6.674935437562503e-05
4.241405114740775e-05
2.687496802692265e-05
2.121671986864816e-05
2.441870291895122e-05
3.402304853448395e-05
4.710486072920343e-05
6.117860886474455e-05
7.476652656747152e-05
8.746461145378466e-05
9.956422246512806e-05
0.0001114219073606496
0.0001228288682645562
0.000132682114842969
0.0001390658706176471
0.0001397586016823034
0.0001329653730779721
0.0001180768985173024
9.614437679410006e-05
6.992298202540941e-05
4.344432964382334e-05
2.117063980867896e-05
7.062193412213973e-06
3.69584686109287e-06
1.174558968540679e-05
2.990787209838734e-05
5.525480424490074e-05
8.393643877918171e-05
0.000111960736331718
0.0001359193779267161
0.0001534708546211284
0.0001634811514777767
0.000165933818374671
0.0001616134705482811
0.0001517401712426547
0.0001376953697121208
0.0001208152134090928
0.0001023783185387192
8.363885351336849e-05
6.593806272531713e-05
5.07276427785065e-05
3.952266702982305e-05
3.376755129134053e-05
3.461257971525669e-05
4.266675130882176e-05
5.780221983955508e-05
7.900811076638505e-05
0.0001043891670348446
0.0001312869507413297
0.0001565222594360359
0.0001767933541274376
0.0001891066688722072
0.0001912682894679171
0.0001823191796885389
0.0001628501834377461
0.0001351125307565283
0.0001028333568583405
7.075563437314449e-05
4.393450960869308e-05
2.681706985498435e-05
2.243288585313355e-05
3.168986890119441e-05
5.308501292750761e-05
8.287452455431804e-05
0.0001156919612052142
0.0001455862766246655
0.0001671315376788112
0.0001765681656420561
0.0001724792726163452
0.0001560397629750203
0.0001306910221065549
0.0001013266140601277
7.319105412485091e-05
5.080803447534994e-05
3.711937321034218e-05
3.308725710972611e-05
3.777526239633421e-05
4.889071312469237e-05
6.353594185648482e-05
7.904297184885331e-05
9.349905704892087e-05
0.0001060270305179084
0.0001166220226809029
0.0001256801664975093
0.0001335067219190418
0.0001398611713223369
0.0001438102858395085
0.0001439332448266523
0.0001388579052479262
0.000127906230861143
0.0001116854422551405
9.238822062852994e-05
7.362002198645872e-05
5.977312012894124e-05
5.504191193980921e-05
6.230338870519542e-05
8.221276009380711e-05
0.000112698754593463
0.0001491227493904472
0.0001850811107315364
0.0002136569504298566
0.0002289765458032224
0.000227554044640077
0.000209184404299201
0.0001771648434895023
0.0001376788480943434
9.857259076248828e-05
6.77175271530981e-05
5.131190561919849e-05
5.261050592864484e-05
7.123796258708211e-05
0.0001033054336836996
0.0001423072841890851
0.0001805125768970145
0.0002106186540637773
0.000227236394996372
0.0002279081433749065
0.0002134762038879457
0.0001877192883818431
0.0001564083490332758
0.0001260032852697771
0.0001022839756684028
8.925710269866965e-05
8.850313417320937e-05
9.909702639324861e-05
0.0001180454152377487
0.000141139996346489
0.0001639248794956782
0.0001826357083707877
0.0001948306115756977
0.0001997050763488082
0.0001979344823288813
0.0001912932208857759
0.0001820560441368866
0.0001724138347850099
0.0001640418257495919
0.0001578695001790148
0.0001541150865015318
0.0001524963592956609
0.000152563202399419
0.0001539739738225784
0.0001566667134071916
0.0001608867791320266
0.0001670059267135883
0.0001752907398405149
0.0001855956207461395
0.0001972143759161379
0.0002088137748005625
0.0002186403151613397
0.0002248410406514036
0.0002259223632551537
0.0002211772571437961
0.000210985075444993
0.000196905061200164
0.0001815003106789989
0.0001679078136621888
0.0001592340784235628
0.0001579132360811071
0.0001651270040446448
0.0001804890656702736
0.0002019866710036698
0.0002263051190648574
0.0002493715201890991
0.0002671696007277674
0.0002764862155315035
0.0002755902403992928
0.0002646126612027108
0.0002456135011864411
0.000222192147704148
0.0001988972247718638
0.0001803461478354634
0.000170378446120408
0.0001713134859524972
0.0001834987603262551
0.0002052203168998482
0.0002330181393105545
0.0002622725860282284
0.0002881048030327288
0.0003062065843023895
0.0003136915568351031
0.0003095488273072897
0.0002948599891023398
0.0002725914364517469
0.0002470330613874627
0.0002230272214139772
0.000205121685747594
0.0001967354251916671
0.0001995966627139182
0.0002134647153355689
0.000236181987553865
0.0002641164390790658
0.0002928080549516578
0.0003177410930977219
0.0003351570798506576
0.0003426760647330391
0.0003396743327974412
0.0003273540421619669
0.000308482265264861
0.000286913215466806
0.0002668670106947268
0.0002522326777117869
0.0002458920333159253
0.000249287533495042
0.0002621945819487817
0.0002828140337361049
0.0003081202747136716
0.0003344196285398325
0.0003579686938073193
0.0003756463509806318
0.0003854485966942703
0.000386778608715365
0.000380542691409126
0.000368922753960402
0.0003549558767829655
0.0003420107214271014
0.0003331393393282518
0.0003305740880377223
0.0003353827215313384
0.0003472637940388215
0.0003646761858098183
0.0003851281659531345
0.0004056949172220631
0.0004235085250882143
0.0004363113800343252
0.0004428448435329755
0.0004430019214958573
0.0004377868165603024
0.0004290900869918037
0.000419199044604843
0.0004103674637151459
0.0004043062595369488
0.0004018796147921624
0.0004029223110654577
0.0004063772064405996
0.0004104595793144567
0.0004132175203457612
0.0004128447438262409
0.0004081988728561758
0.000398961553833767
0.0003857854578060338
0.0003700191920018511
0.0003534799233781355
0.0003379419541335404
0.0003247680010275286
0.0003145346681466426
0.0003069191189099948
0.0003007281545355045
0.0002942108093938277
0.0002854195387342034
0.0002726899397924109
0.0002550588922701656
0.0002324492687304505
0.0002058241213544132
0.0001769589519787175
0.0001481403372273675
0.0001217297460848196
9.970730823534053e-05
8.334457266001959e-05
7.297615766090041e-05
6.7992860902782e-05
6.703182386384427e-05
6.827098643209751e-05
6.979473060145118e-05
6.994112643112424e-05
6.758368326044701e-05
6.226311190940455e-05
5.419933294819124e-05
4.416924329387007e-05
3.330879848054408e-05
2.288855227426717e-05
1.410988744661718e-05
7.937716670583662e-06
5.023415439037755e-06
5.693999482441585e-06
9.982507097803497e-06
1.771102410374693e-05
2.855489887124943e-05
4.211849128390958e-05
5.794776487053042e-05
7.554445330711532e-05
9.434585983735865e-05
0.0001136719248916157
0.0001327492652155205
0.0001507279710219241
0.0001667525398506432
0.0001801639135381192
0.0001907308996359723
0.0001989084579078813
0.000206156015502981
0.0002150229759226455
0.0002292122511947851
0.000253242254480301
0.000291960616592181
0.0003496909831243164
0.0004293054314605712
0.000531258635235015
0.0006528648685209912
0.0007880823848991949
0.000927784511831454
0.001060846290012788
0.001175698021455477
0.001262215125465219
0.001313692075475321
0.001328361006571111
0.001309950263190841
0.001267530014023742
0.001213861967217794
0.001163296966523764
0.001128947097265523
0.001119995149685314
0.001139837097622943
0.001185225565691319
0.001246622166457932
0.001310352559106801
0.001361061319194398
0.001384844926384987
0.001372201317592879
0.00131955923461599
0.001229963970228346
0.001112290704248693
0.0009791160004822292
0.0008443010594236438
0.0007202424777413544
0.0006159029913263479
0.0005356338587170881
0.0004790682212481605
0.0004420278042224769
0.00041791790159528
0.000399286181867439
0.0003792490891603018
0.0003524724708446352
0.0003157499458578458
0.0002683151772654448
0.0002118578411333192
0.0001507366024798152
9.19600188854326e-05
4.500559997958537e-05
2.100734887077356e-05
3.131430577257344e-05
8.518985007975961e-05
0.0001871536453302991
0.0003344227197261522
0.0005154909793959034
0.0007104556576126158
0.0008939192755728222
0.001039780079323202
0.001127781021213657
0.001149906476284976
0.001115042417203613
0.001049929926345256
0.0009959839269826488
0.001001504764489392
0.00111069804360922
0.001352091068952558
0.001728732936136283
0.002213791980116929
0.002752331348337856
0.003269872959407739
0.00368709247817184
0.003935910581762538
0.003974285087513885
0.003796269127862762
0.00343297344669665
0.002946360400221682
0.002414878374871587
0.001916686879233422
0.001512459674190821
0.001234109999117476
0.00108067058461396
0.001022815929370959
0.001014211020101956
0.001006217887968386
0.0009618211901310839
0.0008647599644394413
0.0007219425148608866
0.0005587580191318194
0.0004097210892879847
0.000307406278903327
0.0002735976859950115
0.0003152847040973825
0.0004261305324605365
0.0005919441110659789
0.0007978720494776132
0.001033217220455749
0.001292351944206978
0.001570750469495155
0.001858104203243905
0.002132691695334487
0.002359527247870699
0.002497294601962322
0.002511458156669537
0.002393069846783205
0.002175017587960176
0.001939853572050145
0.001813074624198579
0.001939355142520435
0.002445634414511033
0.003399167916299204
0.004773507127562132
0.00643332409284723
0.008150201905050072
0.009646407736943535
0.01066438092451057
0.0110414728132377
0.01077246233265516
0.01003700804265829
0.00917969673523023
0.008639496775559861
0.008841586420271842
0.01007536152311546
0.01239193183191051
0.01555339750753003
0.0190529081720559
0.02221616353113926
0.02436068569905323
0.0249848108768792
0.02393504143381557
0.02150394766869165
0.01842333352102069
0.01574285066083054
0.01460249367176987
0.0159543769399268
0.02028906856172226
0.02744013215005501
0.03652964835987216
0.04607045813274186
0.05423816980969341
0.05925272644476854
0.05978877597989981
0.05533403440428576
0.04639653967263871
0.03449933966758589
0.02196204124265505
0.01146800651588745
0.005540463237157791
0.005993181622820263
0.01350543881066244
0.02739848923643856
0.04569414443443843
0.06542432220895746
0.08318083840918554
0.09575198233426706
0.1007659617717451
0.09716579544929224
0.08545388234206509
0.0676190820008339
0.04679140500086123
0.02664814015169123
0.01074278292128544
0.001828390805105659
0.001363154502340731
0.009250660100182736
0.02388331090254555
0.04247397994911111
0.06158681109394805
0.07778392863475118
0.08825249450099236
0.09127715781783904
0.08650918361298315
0.07496019654637683
0.05875162546797761
0.04068486781987219
0.02369693821663497
0.01034859728110254
0.002397514207651239
0.0005507948829633016
0.0044288271375548
0.01271844249139876
0.02347608686834555
0.03452437796265156
0.04383707345861432
0.04987614144301571
0.05179595764158581
0.04951688979515828
0.04365240142384152
0.03533086748075173
0.0259492248932249
0.01691564130666845
0.009416555529308163
0.004263152500174526
0.001808641847234462
0.001960994633762073
0.004259569537138845
0.007999381677652555
0.01237200424634467
0.01660078383476882
0.0200419328063478
0.02225434138959046
0.02302216375927029
0.02234630974363146
0.02040826035541717
0.01751971394502557
0.01406956287128901
0.0104723532962245
0.007122967675225091
0.004364288426883027
0.002457478913801127
0.001564478406649211
0.001733943782951511
0.002897428175547483
0.004873922138123906
0.007384746321262198
0.01008180219138003
0.0125872933851789
0.01453821495587801
0.0156386530468793
0.0157025737537539
0.01468776476075024
0.01271036616017183
0.01003503796127306
0.007044759523960741
0.004185704825825223
0.001903956032205598
0.0005747059967722213
0.0004403172340815352
0.001567067014299606
0.003827184424979026
0.006909426472114438
0.01036404401658833
0.01366451340103469
0.01629215916227654
0.01781643947256733
0.01796905250494279
0.01669437603751837
0.01416763785084792
0.01077733609774492
0.007074707531390311
0.003690771427846086
0.001240678882716795
0.0002206183767559305
0.0009217263579478756
0.0033685602722187
0.007299810894862507
0.01219113476601128
0.01732788595718825
0.02190746536210083
0.02517377659536746
0.02654472679506662
0.02572906171412268
0.02279848385957632
0.01820509109813503
0.01273587769093896
0.007403148444575958
0.003281004165739202
0.00132564903897832
0.002186667085367856
0.006064160490395766
0.01263142588876087
0.02104308478380414
0.03004885884592887
0.0381835985566021
0.04402651148548625
0.04647635470798254
0.0449903703942238
0.03974404427568045
0.0316681022328558
0.02233580508014647
0.01372152948428873
0.007842052112709995
0.006364336858718691
0.01023286421286411
0.01941169987625053
0.03279390378574306
0.04833188211869172
0.06335954622028678
0.07509853714142344
0.08121355091166331
0.08035710495376638
0.07253896214269058
0.05925141669308499
0.04328867331474213
0.02826138553184641
0.01787690024216322
0.01514315750980452
0.02162829329616466
0.03697633046296606
0.05881049872219961
0.08306852583961769
0.1047854581244745
0.1191297841174095
0.1225459312798102
0.1137017700242907
0.09401133269610168
0.06756096162092701
0.04039892142336498
0.01924522090868021
0.009935101174308887
0.01587269253344707
0.0369390038750456
0.06914299303910709
0.1052460927308199
0.1362654706124632
0.1536867412375064
0.1518093519479912
0.1297331688889981
0.09233648995999659
0.0498497970359526
0.01591737563169387
0.004343547748176437
0.02519810802143263
0.08118639138741847
0.1653550935588834
0.2609492213352885
0.3442104328000479
0.389784602390501
0.3783892046958719
0.3051397945967912
0.1869000812599044
0.06672776297883404
0.0136664291575981
0.1169672811233819
0.474763254622874
1.178497674438387
2.294700767700011
3.848670668911856
5.810595911813275
8.091269333998556
10.54385433465186
12.97740223582809
15.17876691735346
16.93767983648739
18.07673475871424
18.4751756380473
