# RCS in m**2 for a L=5 cm PVC cube at 22.5 degree aspect angle
# frequency = 87.25 GHz, 
# theta = linspace(0, 6.2832, 1441)
# phi = linspace(0, 0, 1  1)
11.76150016899527
11.6570752629452
11.02231110155602
9.92671829246197
8.487721336083462
6.853931678623066
5.184337074083053
3.626799790705692
2.299344918608753
1.27721471872896
0.5872651697882105
0.2103467141976891
0.09054166575634252
0.1492229430093307
0.3009888252113992
0.4685345595174324
0.5939528500451893
0.6448252917703546
0.6146220954258931
0.5181444386730057
0.3835567247598944
0.243140902172194
0.124867096951382
0.04648626484534897
0.01304793595816314
0.01789839384288013
0.04641558136091897
0.08117034614681191
0.1070492949414367
0.1150457717372667
0.1038990235248636
0.07941502730107929
0.05188581728055101
0.03250175900833159
0.0298138904414882
0.04721330627987538
0.08203323864261064
0.1264126065739512
0.1695660604333907
0.2007730352329039
0.2122259093682362
0.2009883575208753
0.169591523950237
0.1251838945902484
0.07753222691783522
0.0364779611039695
0.009528099968111403
0.0002059500798357432
0.007531543801355776
0.02667907052530879
0.05055323930993123
0.07179681418203006
0.08466736946929188
0.08630459922850663
0.07711242204434365
0.06023758092658578
0.04038222518856657
0.02233313111118327
0.00964901308641806
0.003850645592713847
0.004288259706483151
0.008650360780671478
0.01390205564270335
0.01732972729558401
0.01736916016857091
0.01398955333558682
0.008551957633552596
0.003231856406624881
0.0002173681110481894
0.0009511444134805275
0.00565257180983039
0.01325585246982774
0.02176199601754046
0.02887863505128298
0.03273218633633729
0.03243146554265966
0.02830968771361916
0.02178338644223644
0.01488556263606548
0.009625812895539074
0.007381687758777067
0.008504100282428911
0.01225348937461364
0.01707404365258217
0.02111197483318165
0.02281321977352628
0.02141619339215502
0.01719058957515675
0.01135787117588165
0.005721799127145166
0.002126028001094242
0.001903208724096803
0.005477929407052102
0.01223497681491736
0.0206868862607185
0.02888155527914669
0.03492787167495509
0.03748894079913028
0.03610270487177841
0.03125254797725967
0.02418026320267625
0.01650894079018646
0.009792909731432459
0.005127289728950621
0.002916740978925799
0.002860475892533973
0.004135298603822775
0.005708277703241141
0.006674855920514558
0.006521936074455196
0.005243063193238163
0.003285248763175136
0.001356791630075803
0.0001676243127032352
0.0001877888194641883
0.001498550543051057
0.003777574910990468
0.006414381785185921
0.008713223119013385
0.01011465022380218
0.01036484925757885
0.009581985696223431
0.008202476620901188
0.006828729979426557
0.006029249703270688
0.00615468785311553
0.007227502389931252
0.00893669814218153
0.01073772591773711
0.01202355804359452
0.01231429562981235
0.0114075714664507
0.009443467861302214
0.006868570635563746
0.004309499408668802
0.002394326923601821
0.001576809372783041
0.002012011854093908
0.003518658731762064
0.005636588593841555
0.007760548306647494
0.009310328319724134
0.009888821071697654
0.009383898503835761
0.007988564733039912
0.006136938193828542
0.004375968785624342
0.003212442150513449
0.002976408716829756
0.003738135885307727
0.00529803913698144
0.007248724176585295
0.009088937563951531
0.0103557416794185
0.01073896013415062
0.01014988314757848
0.008727183431795479
0.006786260487654111
0.004725359722239432
0.002921050893202383
0.001637931033393842
0.0009768326712799431
0.0008714732576652643
0.001129563105446756
0.001503083286933733
0.001766050732956937
0.001777422635482543
0.001513051015417989
0.001060847696241041
0.000583235830753689
0.0002608839308663813
0.0002348764506226825
0.0005643371906410077
0.001210596987975843
0.002050982173143473
0.002916643583860862
0.003642251224829454
0.004113109010086994
0.004296187712502462
0.004247086895736357
0.004091592516896379
0.003987961934682044
0.004080644375892314
0.004458860869777237
0.005129887516507631
0.00601545576772807
0.006970304239835357
0.007818236260883134
0.008396300162204421
0.008594338927234641
0.008382122913209866
0.007815382777421057
0.007022120821794159
0.006171110148180133
0.005432658543504641
0.0049397400900352
0.004759668620612778
0.004881682601238857
0.005223475357889112
0.0056530496836361
0.006021124146863004
0.006195413909130538
0.006089129184239424
0.00567811984354547
0.005002383205707673
0.00415443842290089
0.00325622051413181
0.002431624475297649
0.001781035119610602
0.001362508189318561
0.001183489125073846
0.001204623516921967
0.001352438172516945
0.001538799022875559
0.001680557403608927
0.001717423531136776
0.001621822710469419
0.001401295381741975
0.001092754051745042
0.0007510686915636353
0.0004346691821730902
0.0001920810525465012
5.202689478408824e-05
1.887894651527373e-05
7.411137703275248e-05
0.0001827909465551231
0.0003030948690023653
0.0003965698731017805
0.0004367246539855834
0.0004141366518566398
0.0003372774857896335
0.0002291487543189547
0.0001208643837534541
4.374062155003156e-05
2.178813441403943e-05
6.626514263649191e-05
0.0001732932288625752
0.0003249600795706709
0.0004934437628883776
0.0006471479191248048
0.0007575076841849208
0.0008049464707301267
0.0007826624324461055
0.0006980769632563277
0.0005708978336984732
0.0004291151952271291
0.0003032890934229344
0.0002205504681655768
0.0001994023306705425
0.0002462704839048744
0.0003545198621871233
0.0005058716427783299
0.0006740042318445175
0.0008296170142847618
0.0009457069345352803
0.001002582559407839
0.0009911730104489236
0.0009144669016846951
0.0007867587316120098
0.0006308298566508851
0.0004738027961421676
0.000342322274816027
0.0002578573957218515
0.0002332082782867045
0.0002704414599060094
0.0003608289745358752
0.0004866217963498733
0.0006243402087595513
0.0007488928965661813
0.0008379772678938676
0.000875744428219923
0.0008553874019119786
0.0007800739378177585
0.0006621569059838071
0.0005208596271067331
0.0003788909573021233
0.0002585016142730292
0.0001777608038026238
0.0001476103305268601
0.0001701994440669496
0.0002387980092645833
0.0003390650971426877
0.0004518111566826146
0.0005562321311446517
0.0006335560051755514
0.0006700704011306366
0.0006593929387390085
0.0006032589111865478
0.0005110390723486542
0.0003979064077211805
0.0002821002500362616
0.0001817390089940261
0.0001117496851457146
8.145057843221566e-05
9.318402024509798e-05
0.0001421529582098165
0.0002175109803363655
0.0003045087885951138
0.0003870533781541457
0.0004505965216964157
0.0004845180672855583
0.0004836761634508731
0.000449074565699985
0.0003872887338047897
0.0003090393359781325
0.0002271404325606469
0.0001541909161621816
0.0001004894030351476
7.250641248275458e-05
7.216807198512339e-05
9.694286869243081e-05
0.0001407195540997913
0.0001951722646961024
0.0002513466944422487
0.000301075609971745
0.0003381056709447756
0.0003586488332590354
0.0003614739210816731
0.0003475385667754093
0.0003194688333431045
0.0002809404432715467
0.0002362561608571852
0.0001901104150567318
0.0001474416154515406
0.00011344711408959
9.337140465559776e-05
9.205790762689656e-05
0.0001132231625503197
0.0001584590182223878
0.0002262050165051368
0.0003110466312883704
0.000403618025810044
0.0004913465556392199
0.0005601468568551788
0.0005969158138311156
0.0005923526790918377
0.0005435939349136579
0.0004558824595663891
0.0003429097452779376
0.0002252055145744372
0.0001268967864447842
7.118851558448464e-05
7.541996620735598e-05
0.0001467772039594806
0.0002796839177115778
0.0004556998349839114
0.0006461427177273963
0.0008172016651045331
0.0009365636766938618
0.0009802920230878981
0.0009382698030431537
0.000817173183062813
0.0006396297372300027
0.0004401876801244723
0.0002582835040875871
0.0001299213363153156
7.982856165212433e-05
0.0001159653874385371
0.0002276435762621155
0.0003878690027871534
0.0005594046775700976
0.0007032351863101241
0.0007873932429009426
0.0007941537669028378
0.0007237458176414701
0.0005937963598133036
0.0004344811236423756
0.0002809142975736632
0.0001643632072648356
0.0001047850042118642
0.0001064525524930569
0.0001577756492329946
0.0002352752997698317
0.0003105256496789649
0.0003581849407466687
0.0003627801635937793
0.0003225221466568994
0.0002490353224886431
0.0001632017109599694
8.849445971874615e-05
4.366570322469177e-05
3.716325473580999e-05
6.486970621149453e-05
0.000111877078300623
0.0001577671391945573
0.0001836998570234834
0.0001791130942493078
0.0001457303985424585
9.751999814529482e-05
5.644945978285477e-05
4.511397255026571e-05
7.861620888309299e-05
0.0001582748795947662
0.0002694893981442348
0.0003847369906952066
0.0004713274310051685
0.0005017334003162205
0.0004635055656267704
0.0003654785655786096
0.0002380590411147843
0.0001266835621728295
7.996703051590858e-05
0.000135509746935881
0.0003074408474922398
0.0005795469616820199
0.000906502391482601
0.001223456840923567
0.001461926073897648
0.001567708105394037
0.001516155754945021
0.001319937885032599
0.001027074608947865
0.0007092245252609358
0.000443151489230351
0.0002903975068588683
0.0002808267042813048
0.0004047569478132338
0.0006160746777562189
0.0008455481565457991
0.001020716637397151
0.001086579001887351
0.001021161369941968
0.0008413736394134972
0.0005974580094888195
0.0003576643842291999
0.0001877339337248135
0.0001313235228387118
0.0001972699213646918
0.0003574953281360418
0.0005562220372241399
0.0007274904365365806
0.0008155776359996843
0.0007919106098891681
0.0006631570832404138
0.0004679712556861581
0.0002635278832099865
0.000106236435223678
3.303821727493392e-05
4.954832825727373e-05
0.0001292835117603871
0.0002244611102946678
0.0002850359483586721
0.0002795965584276775
0.0002109010211901313
0.0001199496102684758
7.622591366420447e-05
0.0001561442038286191
0.0004157547659964998
0.0008664926384927895
0.001462332718781178
0.002103756282442911
0.00265929332150982
0.002999580181392159
0.003034685106909738
0.00274376313767691
0.002187270239287185
0.001496906209021975
0.0008445404880817589
0.0003974834420263902
0.0002728513585133127
0.0005036265005785877
0.001027091987019874
0.001699868233712636
0.002336229975387326
0.002759960040987138
0.002854483415883301
0.002597612283334565
0.002069839628998918
0.001433180406521072
0.0008861132021236497
0.0006069724671985739
0.0007019486174449233
0.001172977727460286
0.001914902846617469
0.00274345567886081
0.003445810129812019
0.003839344512373382
0.003821602897711985
0.003396555464818744
0.002669493665602377
0.001812888966182757
0.00101335621016899
0.0004169986855653303
9.014021895288306e-05
8.191365973179159e-06
7.647192357996104e-05
0.0001763060534006125
0.0002210443372299051
0.0002023926673256485
0.0002095522950656939
0.0004114206004400367
0.001003838001609086
0.002136031143776885
0.003838713118744023
0.005979017175252583
0.008261205684616227
0.01028150134931663
0.01162699520649184
0.01199612640786715
0.01130684136335633
0.009758570138550278
0.007823114047144867
0.006156499107761846
0.005446270837819999
0.006228017245418408
0.008717681959449575
0.01270776729964277
0.01756306465239793
0.02232878078037289
0.02593500005808559
0.02745543318300788
0.02635743283300747
0.02267907752947967
0.01707860299771815
0.01073327098355585
0.005093583897685523
0.001547110451208537
0.00106330230522462
0.00391019727098854
0.009520472872100949
0.01655758365070729
0.02318787826694665
0.02751661812072924
0.02810013856540811
0.02442482718603327
0.01723562092313826
0.008622314133708953
0.001817649671721564
0.0007184562025496497
0.009201307682501372
0.03035304319264663
0.06576251736926354
0.115013168202915
0.1755002374484007
0.242593392960379
0.3101944162758863
0.3715401977863007
0.4201670798362716
0.4508474741345509
0.4603582713807289
0.447934261139141
0.4153449927016306
0.3665820355989219
0.3072349224714378
0.2436281655816267
0.1819223050896409
0.1272928354993424
0.08332500062685251
0.05170153028284584
0.03222495208862823
0.02312264408389776
0.02156740701101474
0.02430121635327028
0.0282430821297058
0.03098105046625068
0.03107334060958335
0.02812961573577163
0.02268752084462851
0.01593035587453421
0.00932081449447174
0.004231340389431057
0.001641223358292901
0.001952985804949089
0.0049488973823056
0.009881457453166676
0.01566425956854611
0.02111551705567308
0.02519961682791435
0.02721932321711467
0.02692494852753293
0.02452752987869013
0.02062000536974432
0.01603380525341794
0.01165860891324805
0.008269209209354826
0.006387689272406385
0.006205660643941864
0.007575580282994323
0.01006637162529417
0.0130674944013612
0.01591715085973443
0.01802961261063084
0.0189964528611892
0.01864836992138754
0.01706640413428961
0.01454749317857167
0.01153421314352455
0.00852385776500849
0.005976163972105421
0.004235202033550356
0.003478622830134947
0.003700477635762267
0.004727413323347456
0.006262626020125582
0.007947136101892637
0.009426484063314266
0.01041060331678468
0.01071756235180109
0.01029530762302809
0.009219507859125156
0.00767030003638822
0.005893999557861573
0.004156579674291135
0.002698542895953343
0.001697672773797699
0.001245253194182596
0.001338248683281682
0.001887519057686242
0.002739027667545014
0.00370369535929333
0.004590396347616351
0.005236295092187975
0.005530680847907755
0.005428273426281071
0.004951371707714368
0.004181236400963941
0.003240885550406795
0.002272752708712515
0.001414888740741703
0.0007795794021827358
0.0004374912450476132
0.0004093436341319807
0.000665784916067324
0.001135196571117303
0.001717444088861648
0.002301245425203398
0.002782246457046979
0.003079019132629669
0.003144486503558694
0.002971502332543531
0.002591850979493268
0.002069071541591896
0.001486808886399752
0.0009343695981166811
0.0004921519231949835
0.0002190889469583508
0.0001441083833067795
0.0002627873472095876
0.0005395099440212504
0.0009146827433527831
0.001315447203368341
0.001668381300106176
0.00191159484980042
0.002004566991684424
0.001934018025474253
0.00171495999172202
0.001386983969716597
0.001006391396269327
0.0006359261751958619
0.0003336137225698265
0.0001430188801993683
8.62112642529075e-05
0.0001609497951488592
0.0003421910555963417
0.000587614098340768
0.000845994841729752
0.00106683492172396
0.001209427627393248
0.001249747980753214
0.001183926610121675
0.001027839521810272
0.0008130088439492169
0.0005798095992279588
0.0003692965998127493
0.0002154122683457721
0.0001389562184675166
0.0001445078645499491
0.000220705489087329
0.0003437028757364931
0.0004828640526382414
0.0006075713626715616
0.0006934578110685612
0.0007269665755207519
0.0007072732148083813
0.000645338080536654
0.0005604006773635255
0.0004749119862488569
0.0004090448162683722
0.0003761145819052458
0.0003798660832232711
0.0004142501220186911
0.0004655655824236958
0.0005164259806035941
0.0005504909662107338
0.0005567965605488433
0.0005326436179968099
0.0004843138668466512
0.0004254835229892853
0.0003737859740077668
0.0003462362645763425
0.0003548668966739786
0.0004034204428822374
0.0004860829719097247
0.0005884360961348372
0.0006905156198782562
0.0007711201849488213
0.0008124362910190938
0.0008039015970226542
0.0007442900907181196
0.0006417705344122448
0.0005118768042640564
0.0003739607833502437
0.0002470881083535877
0.000146277696885394
7.999146046060644e-05
4.931713665809342e-05
4.889111242647045e-05
6.914148544322837e-05
9.91341583581892e-05
0.0001292554083969869
0.0001530171992415163
0.0001676996186887065
0.0001738083662097316
0.0001737681301893343
0.0001704206260027218
0.0001659122605490636
0.0001613484386068609
0.0001572690729460568
0.0001546726915201801
0.0001560491050664036
0.0001658113494155267
0.000189761863904772
0.0002334613099713072
0.0002998842436398133
0.0003870677441261142
0.0004866070519417668
0.0005838146965078795
0.0006598581759019298
0.0006958107755586047
0.0006776892544889604
0.0006012711349128925
0.0004753601213765564
0.0003221568758863909
0.0001743199738951611
6.891437951248845e-05
3.938490583628799e-05
0.0001074004435217484
0.0002765249186862098
0.0005295317887896766
0.0008302824937404067
0.001130046128991681
0.001377108405647562
0.001527432745132508
0.001554014929560923
0.00145260088964972
0.001242421529179989
0.0009617218093252134
0.0006590719955928621
0.0003827442800762304
0.0001706233873695702
4.309084469408433e-05
4.887738016976456e-07
2.558506741560294e-05
9.008176597171342e-05
0.0001632604716588038
0.0002203313992646161
0.0002482488659623893
0.0002475916815718763
0.0002302285797232279
0.0002137505788110472
0.0002145050527880204
0.0002414763053971244
0.0002928387954888618
0.0003562246675714547
0.0004125387478768022
0.0004421255764907371
0.0004312679416974757
0.0003770384426710339
0.0002889066823819276
0.0001865702088249412
9.461448068149697e-05
3.556476360081799e-05
2.342491011261136e-05
5.962010831637225e-05
0.0001326002430843803
0.0002211979736901645
0.0003007686598466928
0.0003502687392725924
0.000358123734460204
0.0003252168079840085
0.0002640428353229064
0.0001944394117896838
0.0001371930962819576
0.0001075095336588228
0.0001104296597944216
0.0001395366724634897
0.000179397397129979
0.0002109282465805809
0.0002179970665821191
0.0001931856249146251
0.0001408328827653346
7.637116469932394e-05
2.205348054444004e-05
3.277634788584172e-07
2.681672153169464e-05
0.000105055615806008
0.0002246134181646031
0.0003632106380740996
0.0004922880748393532
0.0005844044414163826
0.000620380501458601
0.0005941071577922307
0.0005137232140745911
0.0003988072155358704
0.0002747246992944458
0.0001655461735574378
8.794356931836103e-05
4.760406659578196e-05
3.916805925790158e-05
4.947688228950237e-05
6.296478359131125e-05
6.737057835865518e-05
5.796588100502993e-05
3.894365060957571e-05
2.165894413726143e-05
2.02959392805239e-05
4.649490542366405e-05
0.0001046952217520702
0.000189727656896957
0.0002875055586503892
0.0003785814324257091
0.0004435589789434769
0.0004686102714813587
0.000449451409911608
0.0003925374096220669
0.0003130440131521716
0.0002303973467187389
0.000162644716376839
0.0001214114823919802
0.0001090205653127077
0.0001185406400908186
0.0001367619823778571
0.0001490282409686031
0.0001444519844355309
0.0001197636376446413
8.060798203688974e-05
3.988412916171186e-05
1.363081744873151e-05
1.572659915854504e-05
5.310506042920171e-05
0.000122964038638443
0.0002129329810480744
0.0003040882029087197
0.0003761095240793567
0.0004128830877778829
0.0004070509188347859
0.0003620016260920743
0.0002909071564397565
0.0002128369535728422
0.0001474451601526774
0.0001094523385292785
0.0001047941696990268
0.0001293242051564538
0.0001705128880566735
0.0002115346784807987
0.0002363955433107316
0.0002347073264849553
0.0002045751264444332
0.0001528827082747035
9.290707598061063e-05
4.013842487996273e-05
7.497094809393471e-06
1.561385199944248e-06
2.078146992714831e-05
5.628209481125061e-05
9.493724439391712e-05
0.000123683921877536
0.0001338204089538292
0.0001238820964226708
0.0001002577735340679
7.526557238403281e-05
6.339192029038745e-05
7.66648060418672e-05
0.0001206198929953462
0.0001921003422716853
0.0002794683098307553
0.0003653565233319421
0.0004311565430733704
0.0004618794348318885
0.0004502656279403826
0.0003988155064256288
0.0003191887029216516
0.0002292850549269995
0.0001485986855285558
9.333696101042337e-05
7.241939538991188e-05
8.55674325958819e-05
0.0001238324631189842
0.0001724216326645903
0.0002149178980949266
0.0002377830622897277
0.0002338241072591276
0.000203796959015391
0.0001557449836026926
0.0001023230830221657
5.700523259649725e-05
3.018336874703868e-05
2.630814359748616e-05
4.286411328798509e-05
7.139528114708263e-05
0.0001002129240269873
0.0001180979996122101
0.000117752898993614
9.816379223610845e-05
6.513054830974014e-05
2.980530962591228e-05
5.620727856823488e-06
4.485940864082026e-06
3.323522446724301e-05
9.133337521924596e-05
0.0001705245337173755
0.0002564133494314483
0.0003318715529817796
0.0003810967467484065
0.0003935993402477023
0.0003668520403959438
0.0003071958222837334
0.0002284550386350162
0.000148882906890437
8.69066056074859e-05
5.694507692710245e-05
6.604892927242228e-05
0.0001123389982687305
0.0001854971812046061
0.0002691384194584488
0.0003445782615175954
0.0003950727458196335
0.0004094126986740346
0.0003843380533021022
0.0003250156777679691
0.0002436550227420617
0.0001566630933211365
8.088723613125713e-05
3.006330880168697e-05
1.197716715326272e-05
2.710351202992683e-05
6.893477440978592e-05
0.0001257809322008741
0.0001835649954367017
0.0002290455476044758
0.0002525325752089081
0.0002497644394402144
0.0002224124854650134
0.0001772373446211403
0.0001242697845374938
7.437386825700144e-05
3.676353552049296e-05
1.722164102467986e-05
1.70940754196412e-05
3.344408276332988e-05
6.012770578606477e-05
8.94876638719358e-05
0.0001142799520537731
0.0001292996404775685
0.0001324190690253666
0.0001247749891227765
0.0001101771779796558
9.392418634298533e-05
8.129722023204489e-05
7.619089055795995e-05
8.016865024523706e-05
9.213069569146545e-05
0.0001087161294803374
0.0001252257966495105
0.0001369434667529066
0.0001403865037527063
0.0001342621045132953
0.00011989052198922
0.0001010121287114268
8.289620307389757e-05
7.11337308966669e-05
7.027639475704971e-05
8.266768840394425e-05
0.0001077582796473192
0.0001420253476871874
0.0001796275349015352
0.0002135333817086668
0.0002370176440167759
0.0002451361024019693
0.0002358754111907368
0.0002107513811505277
0.0001746581886348496
0.0001350099353205805
0.0001003751917445892
7.875318219821255e-05
7.596571514883599e-05
9.439294836805046e-05
0.0001323724348184559
0.0001843780070438423
0.0002419496229461231
0.0002952536627312946
0.0003349301654806362
0.0003538996378802689
0.0003488206004260477
0.0003208009290792979
0.00027529703802578
0.0002212445773881213
0.0001694023580168788
0.0001304151689232154
0.0001127723719983231
0.0001212154390992495
0.0001557503628835692
0.0002115576879207665
0.0002798107559844667
0.0003492574944134578
0.0004082254271893025
0.0004468047746395013
0.0004587122402671447
0.0004424234474196354
0.0004015455487612656
0.0003441934743867227
0.0002815067788746593
0.0002256302205950651
0.0001874515589551806
0.0001746225825713713
0.0001901471721365863
0.0002318086274927199
0.0002926024746357472
0.0003620375450648411
0.000428115888289394
0.000479460392134578
0.0005074986505062343
0.0005079370435986006
0.0004814920255418508
0.0004336411757523422
0.0003735494645030175
0.0003122305788714005
0.0002604980953895742
0.0002269141149718366
0.0002163164505132123
0.0002290237609914196
0.0002609514567550104
0.0003045461609647255
0.0003503903972084541
0.0003889971474220466
0.0004126573341801247
0.0004167555098615179
0.0004004824516188077
0.0003667379598309549
0.0003213798551465467
0.0002719250416035629
0.0002260309764397447
0.0001900714879733533
0.0001680823409934089
0.0001612780035923988
0.0001680778120842533
0.000184687345931288
0.0002060519196066029
0.0002268644974028785
0.000242533799125014
0.0002498087573846352
0.0002471960708614779
0.0002349025647186679
0.0002145802359716069
0.0001889774751687041
0.0001614668137915252
0.0001357219221244397
0.0001153562801800108
0.000103696075485842
0.0001034985156137193
0.0001166341613895125
0.0001437121247829781
0.0001837371572071818
0.0002338568738573209
0.0002893786072036256
0.0003441490023472984
0.0003913436257916067
0.0004245964117084584
0.000439302536140656
0.0004337535230530081
0.0004099744144705586
0.0003737409615661192
0.0003338672322716501
0.0003006866977943181
0.0002840119857566135
0.0002909485296845285
0.0003240974442597953
0.0003806595086294026
0.0004525086186773082
0.0005275961037679684
0.0005923110640528827
0.0006342541666587161
0.0006449485203759076
0.0006217994950223234
0.000568724166899155
0.0004954550527235789
0.0004154325234069134
0.0003429304568241893
0.0002899607788841639
0.0002636797247394381
0.0002650787136859977
0.0002889669108716181
0.0003254922855811501
0.0003626664947710958
0.0003892484723350211
0.0003973323680282177
0.0003839509751356586
0.0003513992164503643
0.000306269324115499
0.0002574386161051302
0.0002137213437094385
0.0001817350698139102
0.0001645309183383061
0.0001613078760744122
0.0001681563326788409
0.0001795245059564609
0.0001899645085899284
0.0001955505005206018
0.0001947051756500147
0.0001882356069822838
0.0001786488156891784
0.0001691725320914238
0.0001627517382781649
0.000161473975533323
0.0001664193560336423
0.00017800940104941
0.0001965128339503575
0.0002224005155001005
0.0002563446246874102
0.0002987317785125293
0.0003489408782318874
0.0004045858863245994
0.0004614223023280238
0.0005138999910269268
0.0005566953855950842
0.0005867124309539283
0.0006051644346309563
0.0006187351431070812
0.0006394667560498665
0.0006827859380422903
0.0007640645110259267
0.0008943047606503268
0.001075977512770428
0.00130058196204594
0.001548229590445227
0.00179047756001359
0.001995238687658905
0.002133184568491333
0.002184286035265347
0.002142053890469052
0.002015277649884093
0.00182611767855314
0.001604991594348257
0.001383996945735472
0.001189917360301548
0.001039054431144719
0.0009349045350139953
0.0008692019013074805
0.0008257390300282512
0.0007859851046655553
0.0007344690156363402
0.0006625629772238948
0.0005702119014869016
0.0004645431884816748
0.0003569214134354096
0.0002590749229513922
0.0001799376881041637
0.0001239915841031412
9.141159017016625e-05
7.976401166503691e-05
8.607330565747005e-05
0.000108386982973447
0.0001460405701780255
0.0001984670275801268
0.0002632584117486684
0.0003344173256539144
0.0004022324792758754
0.0004553259100828964
0.000484713092785369
0.0004891487209556017
0.0004792313963627903
0.0004793092449863194
0.0005247823599722067
0.000655040844757424
0.0009031225210266606
0.001284574772078361
0.001788880282161727
0.002376036475925023
0.002980852147081576
0.003523797332024072
0.003927502127899464
0.004133684232557755
0.004117251485315543
0.003892630131575413
0.003511002604809741
0.003048805053140587
0.002589649614793433
0.002204738076836089
0.001937804650308959
0.001796712097343059
0.001755728345827138
0.001765920198583876
0.001771556836166686
0.001726778287465336
0.001608178230932149
0.001419653611579614
0.001188653339538282
0.0009556945907661295
0.0007609270123580345
0.0006321704216811224
0.0005786076097117597
0.000591375655308943
0.0006505674788262439
0.0007351364562200542
0.0008317836014773835
0.0009389439665607133
0.00106420937629412
0.001216256294532774
0.001394978126336817
0.001584568834966913
0.001754047639318301
0.001867345765512561
0.001900586832112716
0.00186217169156481
0.001806704685416626
0.001836324383057297
0.002084412461108212
0.002682157923684408
0.003716112960997562
0.005186465154697143
0.006983796520915731
0.008890964223830964
0.01062213005381183
0.0118883487091707
0.01248123818977444
0.01235114899617346
0.01165493891682674
0.01075572950435324
0.01016418767979354
0.01042738617359374
0.01198608148544374
0.01503563706818386
0.01942542314344762
0.02463286179493555
0.02983280583121546
0.03404944195799808
0.03637951478939543
0.03622453359620413
0.03348889193779392
0.02868170627375447
0.02288627007981948
0.01759404765639059
0.01441345479794612
0.01472300798532158
0.01932738933406566
0.02821000169848429
0.04043435297599374
0.05424798240509406
0.06735806545373765
0.07737041685804279
0.08226434664590793
0.08084881322020862
0.07306451022465378
0.06008412384029638
0.04415552611009745
0.02823379238155636
0.0154300167481871
0.008425351838234629
0.008924586779141581
0.01729426651295021
0.03244655723073261
0.05199591592264314
0.07267478228316861
0.09093288217334762
0.1035747546879851
0.1083657791553789
0.104434185690726
0.09243286842757541
0.07441602954528016
0.0534449655029573
0.03303886488298738
0.01652115248484436
0.006447767283606807
0.004168771451645631
0.009631657148723135
0.02144451038328226
0.03717957936201581
0.05383912184807332
0.06841789842727587
0.0784152891211988
0.08225138289746504
0.07947606196285786
0.07077893138776366
0.05778809592164445
0.042728104064163
0.02798758183974067
0.01570945016729757
0.007439392112817392
0.003926850035698294
0.005068327154842633
0.01001201634460525
0.01737467591291049
0.02553338044305234
0.03291787811619985
0.03826908191295651
0.04080755614084926
0.04030453894112407
0.03704787941475164
0.0317272720081351
0.02526879908034191
0.01865054808435063
0.01274309461019655
0.008187635310321973
0.005331380002262473
0.004226167899498311
0.004668846627389914
0.006277635904080646
0.008580327848037819
0.01109660236247575
0.01340583389096519
0.01518757879127268
0.01624044499620319
0.01648029809964421
0.01592378159047871
0.01466747626947718
0.0128663282928748
0.01071343142996227
0.008424921368753165
0.006223841197088949
0.004325727992167942
0.002919968916281082
0.00214924025499466
0.002089664508190589
0.002733782225333099
0.003982057075733497
0.005647521100283265
0.007473582776379227
0.009168524572366762
0.01044634767380747
0.01107575383160296
0.01092034106106138
0.009968246788259831
0.008340384368724368
0.006277193853440479
0.004101200283584495
0.002165071940689766
0.0007901146441644547
0.0002089612276232582
0.0005213132344217066
0.001673389420304039
0.003463769192391092
0.005577634017145053
0.007640635052144139
0.009286684233950356
0.01022295713007417
0.0102841165926391
0.009461739358066823
0.007905326833715868
0.005894506986170694
0.00378676276297655
0.001950113076706576
0.0006967570432484616
0.0002258216262068336
0.0005907525025023889
0.001694021141266614
0.003311073991804962
0.005138798795444915
0.006855697762722785
0.00818516771855197
0.008943338246995149
0.009067637269712974
0.00861747227565024
0.007747368104561461
0.00666423413119196
0.005576194926547348
0.004646319196636269
0.003965300815009811
0.003546965217674195
0.003348791229783375
0.003310840134986274
0.003400227845340019
0.003646779852635838
0.0041563105665404
0.005092012010081463
0.006624925887246152
0.008861593946775643
0.01176947005034469
0.01512050173885522
0.01847764036385101
0.02124215013813294
0.02276080097328836
0.02248422917377517
0.02014462075696953
0.01591102277288362
0.01047899300241471
0.005048972994273277
0.001180697541800973
0.0005176649723525812
0.004431365056454031
0.01363881944868273
0.02789474326596495
0.04582382699254059
0.06499953528904939
0.08225074696629657
0.09424058177094888
0.09816727568675374
0.09251549573071929
0.07765173112581469
0.0561269837809839
0.03252934903627109
0.01288155782721257
0.003570897057020545
0.01002536694463549
0.03534012674970002
0.07916704446036311
0.1371955198911995
0.2013687475521019
0.2610070887105337
0.3047256594877132
0.3227787671978961
0.3095413537803759
0.265447367035138
0.197950497628105
0.1211296011184339
0.05368811999471962
0.01567804027743705
0.0242613603008535
0.08942396791213406
0.2104778661126598
0.3743818554005777
0.5563212562009701
0.7232938595736106
0.8398742198665006
0.8760018325921787
0.8149716506964211
0.6604367761025004
0.4406684758009236
0.2088031095439153
0.03824653232958235
0.01373950955672955
0.2185327447874816
0.7198468793427659
1.555116372716524
2.720592898695324
4.166557151565363
5.797647186667889
7.481717765039106
9.065293641350681
10.39181772474541
11.32389395786934
11.76149275021887
