# RCS in m**2 for a L=5 cm PVC cube at 22.5 degree aspect angle
# frequency = 84.75 GHz, 
# theta = linspace(0, 6.2832, 1441)
# phi = linspace(0, 0, 1  1)
10.97413585338163
10.59395552392846
9.774223401072518
8.59438410855137
7.169305946403864
5.634315938458819
4.127592594658599
2.772584016558759
1.663184992992785
0.8539430354507607
0.3564081156038753
0.142111668838112
0.1512322083245703
0.3052425816048178
0.5211776438640709
0.7250265196889019
0.8621436581116212
0.9031301678202003
0.844626284084532
0.7054334698924175
0.5191392926958981
0.3250381669672296
0.1592124239372857
0.04750276558123716
0.001484305452936148
0.01790393930994778
0.08126249740820436
0.1686242329153449
0.2553793090490096
0.3206318049822884
0.351087726398141
0.3428110274278335
0.3007094973174544
0.2361610376278907
0.1635357070918587
0.09655289611439034
0.04531879597003605
0.01463967085745598
0.003841189757601373
0.007923492486288859
0.01959437386186878
0.03155104486668396
0.03840567178057343
0.03780197889318186
0.03053894026516932
0.01979662861770686
0.009781331926091787
0.004237449658031999
0.005259256540699384
0.01271215733090578
0.02437877326574969
0.03672870357267772
0.04604273166860293
0.0495423601714356
0.04619531186338304
0.0369776105232339
0.02454314518007777
0.01242000081077373
0.003980494030606901
0.001489739369806068
0.005496659181073593
0.01472756946026103
0.02649491872360915
0.0374891880028932
0.04471686550429474
0.046322828687234
0.04206787914804085
0.03334506776485871
0.02274333953751917
0.01329857873814654
0.007643964386772798
0.007300150351936003
0.01229270634465747
0.02118805196453304
0.03152205495130449
0.04049106334885446
0.0457052897168237
0.04580111920262644
0.04075401260542133
0.03182303630041724
0.02116033601602316
0.01120804972890086
0.00405716500756672
0.0009381531201332131
0.001974508091719125
0.006244612469111565
0.01211436690539845
0.01773090847737795
0.0215318953468697
0.02262997570718971
0.02097727640423653
0.01728417290639983
0.01273404643220746
0.008592754700661415
0.005833464785432751
0.004881593230826525
0.005546899328550054
0.007145339888375235
0.008762509139223957
0.009567968198228746
0.009083472624016587
0.007324779449104053
0.004780551279273364
0.002243277745850747
0.0005470317265858128
0.0002989218122981306
0.001684208700092703
0.004403723472329741
0.007759743709427329
0.01086289670134203
0.01289520604593039
0.01335308051585078
0.01219628372756438
0.009862473243870441
0.007143386590502424
0.004959616793311459
0.004098534823875386
0.004990635984644822
0.007584775355400261
0.01135708406249723
0.01544711187118859
0.01888375116504089
0.02083641649589223
0.02082430627231254
0.01883013346402817
0.01529013142655956
0.01096986403067591
0.0067609366684098
0.0034572370740681
0.001569504236946748
0.00122358961046857
0.002164411745302958
0.00385702331755611
0.005652072412105302
0.006966798489588027
0.007432978538990339
0.00697425686089669
0.005798077195816941
0.004310640579600396
0.0029839814262614
0.002214692817199469
0.002214715529976522
0.002961007577623769
0.004214880348565576
0.005600444829053205
0.006716730041353685
0.007250214506161865
0.007056277913104711
0.006189112645861865
0.004874609862509384
0.003437627189050085
0.002206239207859995
0.001421201769407212
0.00117603572659207
0.001402271891111727
0.001901806802745174
0.00241487684024429
0.002702721536365375
0.002620025329662503
0.002157989777780338
0.001445471158969036
0.0007101444978367309
0.0002106956382872021
0.0001602861959602858
0.0006626244316724349
0.001678375843098985
0.003030953977390953
0.004449926772188105
0.005640310505903625
0.006359098438777648
0.006478958464404055
0.006022993971631494
0.005160929292791112
0.004168667523713806
0.003361214602020044
0.003015739530659623
0.003304066787993274
0.004250259399390205
0.005723628751478878
0.007467728436916301
0.009157535471019209
0.01047222871708317
0.01116398475742218
0.01110969057312787
0.01033330091183193
0.008995239005796678
0.007353119205770781
0.005703553706915423
0.004318935122433806
0.003393750114587173
0.003010515849364358
0.003132382530889764
0.003621360568100888
0.004276522485905154
0.004882302171598716
0.005255261064247821
0.005280003210774881
0.004926793244954894
0.004248906456200306
0.003362917521963832
0.002416820064788227
0.001555117159980174
0.0008886392511456969
0.0004748805409774933
0.000312537723801743
0.0003497779582724284
0.0005027603593008933
0.0006791587259069325
0.0008007059975120923
0.0008199162509094402
0.0007271764909898735
0.0005482839974416865
0.0003333963105554791
0.0001412173530691584
2.26145438569689e-05
7.524407470975057e-06
9.827385780014642e-05
0.0002702732564195894
0.0004794517385561609
0.0006742177536639135
0.0008086490968727811
0.0008539647994441872
0.0008051554169575913
0.000681926244881729
0.0005235500237053629
0.0003792287614264788
0.0002963331664375962
0.0003092852036505792
0.0004313931945833821
0.0006516920751236014
0.0009370887220468228
0.001239360184707987
0.001505287827482207
0.001687829057600033
0.001755747190141107
0.001700005739497748
0.001535383299403259
0.001297351798272627
0.001034853573117777
0.0008006143682314725
0.0006408351789080921
0.0005865018098316997
0.0006477713646930185
0.0008124745344136248
0.0010489608540889
0.001312375372400251
0.001553412176561454
0.001727355791553895
0.001802235397833318
0.00176421952636388
0.001619539441032681
0.001392819064925206
0.001122111908550763
0.0008517218795595771
0.0006242955765142021
0.0004734287133780126
0.00041829308996994
0.000460819699821198
0.0005861657940563293
0.0007659361934552548
0.0009636632169163197
0.001141273755075747
0.001265713121243142
0.00131421083854919
0.001277744066006639
0.001161802735455821
0.0009849244743957543
0.0007749324617029388
0.0005639332814890445
0.0003827788279973034
0.0002560732471819451
0.0001984705739703699
0.0002126865279026259
0.0002897116151995774
0.000410871646948131
0.0005513328684434286
0.0006844703803621498
0.0007862673054693986
0.000839140041755746
0.0008343312951398129
0.000772992985634394
0.0006654560415051008
0.0005290053970013342
0.0003848180482742214
0.0002542431954096728
0.0001554407415895838
0.0001005190075631074
9.3962626485727e-05
0.0001322996725466419
0.0002051096724345245
0.0002970723130337186
0.0003907943950680863
0.0004696314045975873
0.0005204454166172054
0.0005354951085627292
0.0005133349135387532
0.0004586979003702316
0.0003812555800218341
0.0002937955136604834
0.0002098074809549226
0.0001412863122777902
9.683485510270552e-05
8.053264834168761e-05
9.164730933464381e-05
0.0001251769535404675
0.000173097235687422
0.0002260105061180574
0.0002748732811446302
0.0003124370274380551
0.0003342924370156086
0.0003391583547310822
0.00032861722268114
0.0003063257491960964
0.0002769416701565387
0.0002450918071732525
0.0002144779195970071
0.000187577895090692
0.0001654804833953879
0.0001484917660093169
0.0001366811664938759
0.0001305093913823728
0.0001312107871990651
0.0001406490245218451
0.0001609236160454561
0.0001934167467441982
0.000237846960546896
0.0002914374418621279
0.0003485573573111513
0.0004011460846962564
0.000439801333671106
0.0004556347251527482
0.0004423540356204317
0.0003982661057770866
0.000327593668263304
0.0002407123356875415
0.0001530394594324213
8.260208451746739e-05
4.6722541582956e-05
5.827487373763699e-05
0.0001224513863779841
0.0002347311067728471
0.0003806606545298182
0.0005377096914617901
0.0006790151902975499
0.0007784371338040869
0.0008158314487160439
0.0007816622554585567
0.0006795801391742669
0.0005265929414286086
0.0003503742820593336
0.0001842332490924643
6.057662540631969e-05
4.350078967464001e-06
2.76832805864096e-05
0.000127054996893951
0.0002836784758019853
0.0004670767234461922
0.000641231278522111
0.0007719383655688626
0.0008338869277594329
0.0008157491517126299
0.0007223129099699101
0.0005730861257275314
0.0003976173839943095
0.0002289096446659329
9.609726327530097e-05
1.837893885626726e-05
1.469110704143006e-06
3.731168715176279e-05
0.0001071001248627352
0.0001866433551469242
0.0002527440490704093
0.0002888107414359453
0.000288400837631616
0.0002558070390106766
0.0002036039422734157
0.0001481445791039017
0.0001041831704577127
8.039588553289704e-05
7.707943911136512e-05
8.673148918486328e-05
9.734499235133778e-05
9.740353778592735e-05
8.099217712701959e-05
5.129851168152952e-05
2.120326416575348e-05
1.046734578306555e-05
4.005683941389095e-05
0.0001250723240453099
0.0002683415742547342
0.000456802653765666
0.000662056230098621
0.0008455459387289657
0.0009673670082701564
0.000996732609981171
0.0009211699105910534
0.0007520014873924503
0.0005239822661491473
0.0002888678310215938
0.0001040233668773628
1.852960417299564e-05
6.059782644259049e-05
0.0002293892323392514
0.0004938114899176911
0.0007988887251824819
0.001078590729190071
0.001271780811257707
0.001337564605152273
0.001265810711298257
0.001079964330905707
0.0008312533270266964
0.0005855632073888752
0.0004063137542808153
0.0003378790612474066
0.0003938570399178457
0.0005536218508481917
0.0007679115143223611
0.0009723014451509268
0.001104709504940483
0.001122398575908746
0.001013578530614755
0.000800451777857145
0.0005329401531239561
0.0002746462581630091
8.514478163259744e-05
3.579615608107898e-06
3.820810186026804e-05
0.0001649379373256129
0.0003351621793894417
0.0004906800051641068
0.0005810999210372768
0.0005786686639107276
0.0004859815984192779
0.0003341852944837357
0.0001722700128498104
5.070456789564526e-05
4.552107954213771e-06
4.160087955379504e-05
0.0001394937090857378
0.0002533082991343685
0.0003316356940533257
0.0003363246224880079
0.0002596844269247195
0.0001330388180182336
2.307540372813347e-05
1.568042159671699e-05
0.0001910687798127832
0.000596912409291623
0.001227591644913513
0.002016318542140778
0.002844053810109153
0.003563964455119657
0.004036387589782686
0.004164873104096195
0.003923849135799492
0.003369180376675373
0.002628110982765107
0.001869866179871276
0.00126397802360008
0.0009370779085237452
0.0009400680879997277
0.001234602904199864
0.001703535196631777
0.002182816923328198
0.002507092921773577
0.002556028214152253
0.002289253923743561
0.001759291206207327
0.001098725479820346
0.0004843964755778831
8.830390043529825e-05
2.882534817251289e-05
0.0003359102416643074
0.0009404037465991323
0.001691125535751836
0.002395132741584492
0.002870138189270387
0.002994563025734134
0.002740474600500394
0.002179783141005366
0.00146204213509766
0.000769728834257669
0.0002644393871148494
4.003008170703717e-05
9.739117460299796e-05
0.0003491609260582979
0.0006537610458284186
0.000869365855779476
0.0009107038602698599
0.0007905109342112975
0.000630260211682829
0.0006335349557170928
0.001026430837623675
0.001980319016016691
0.003539747185426764
0.005578355415471144
0.007802423006257198
0.009806355066759805
0.01117309600771436
0.01159617670869741
0.01099091159551229
0.009563433135949168
0.007809549566816939
0.006435408267782617
0.006208688083866044
0.007770489485782048
0.01145055782639567
0.01713423799300135
0.02422038807929222
0.03169161625006554
0.03829309184068447
0.04278878695043623
0.04424146379205609
0.04225339476425988
0.03710797796081433
0.02976819463773916
0.02172208935365183
0.01469550260837335
0.01028854484879948
0.009612036209627089
0.01300592625768892
0.01991244875612977
0.02894419629345633
0.03814966881918648
0.04543218663638605
0.04905006706031741
0.04808698000810466
0.04279787583516254
0.03474226564015623
0.02665886019528347
0.02208583859926605
0.02477977419814793
0.03802931125063451
0.06398820040566594
0.1031409712768727
0.1540290700198098
0.2132698747928299
0.2759031124821426
0.3359997793427982
0.3874553570135443
0.4248248167413725
0.4440822771061914
0.4431679251416013
0.4222536306195763
0.3836810778574181
0.3315929756064858
0.2713261251124843
0.2086715253987768
0.1491083004655557
0.09714790255514517
0.05586107825162947
0.02665084091948482
0.009286778533218748
0.002169931595688192
0.002753909680042581
0.00805812761849632
0.01516798926387887
0.02165243318167126
0.0258418941252496
0.02694138355702743
0.0249831772603078
0.02065009593517677
0.01501778921246599
0.009274441312987035
0.004464164467338355
0.001303574661433455
8.743192066945748e-05
0.0006901429862324387
0.002647977634812108
0.005295192259258748
0.007921217412395751
0.009915785713666794
0.01087637819945304
0.0106623154135999
0.009391488618062183
0.007387335884977407
0.005092586981581022
0.002969202891594751
0.00140600128673478
0.0006497314838159029
0.0007706570437714279
0.001665234893663959
0.00309103507103281
0.004725117662118051
0.006231225395985625
0.00732344109343041
0.00781468352577298
0.007642436292932365
0.006869641443195858
0.005662652841837288
0.004252703047350155
0.002889130874802148
0.00179395393631004
0.001124603797866996
0.0009519903482466254
0.001255299783730836
0.001933121346586173
0.002827536230408778
0.003755724569466315
0.004542998527690848
0.005051688950104227
0.005201092556820084
0.004976467904963596
0.004426044412353478
0.003648045580147159
0.002770764632307926
0.001929152169750074
0.001242750422702305
0.0007976466870631163
0.0006354878624298745
0.000750409871893022
0.001093683967117394
0.001584716483018751
0.002126057526680923
0.002619743795790587
0.002982444069260701
0.00315701345915841
0.003119257719995423
0.002879143649031279
0.002476805483217284
0.001974343972867124
0.001445253370783035
0.0009624472796229836
0.0005878626618671957
0.0003640298894287128
0.0003091648203168452
0.000416066320049924
0.0006546952176614925
0.0009778453729174248
0.001328851334627354
0.001650101010248307
0.00189131749018085
0.002016237255843496
0.002007034726718702
0.001866030059645703
0.001614445799101157
0.00128874162016626
0.0009349698015493451
0.0006019667377471403
0.0003344535501045551
0.0001669033608956068
0.0001188586859750548
0.0001925209498170461
0.0003727109148815721
0.0006292447428380265
0.000921365941875218
0.001203677517550843
0.001432623054349933
0.00157283981083134
0.001602264956754543
0.001515422433975757
0.001324338723659866
0.001056841444637291
0.0007526121820074527
0.0004572953200023257
0.0002156600223613257
6.474291275852561e-05
2.802290836868058e-05
0.0001115588345057114
0.0003027270544726186
0.0005718968226654109
0.000876801684805682
0.001169046373119741
0.001401743502421815
0.001537070622636238
0.001552535574351094
0.001444862278995931
0.001230742789591101
0.0009443081651855025
0.0006316673331173806
0.0003432035040738385
0.0001251583856471186
1.177862395015513e-05
1.941799431702282e-05
0.0001437260508157004
0.0003604202357660832
0.0006296017125539322
0.0009028225011499948
0.001131666328061616
0.001276402960477282
0.001312903107418136
0.001236696972302603
0.001063362122937101
0.0008251300531325309
0.0005644375894440886
0.0003256186079619145
0.0001463947856145995
5.084898239676046e-05
4.526999367640902e-05
0.0001176202792418785
0.0002408236075262955
0.000379023473982192
0.0004955777806914211
0.0005610141469331905
0.0005593250072482194
0.0004911832306600787
0.0003734361463262163
0.000235026338770135
0.0001102051388385732
3.055338630582798e-05
1.768427524014245e-05
7.820302255962994e-05
0.0002021410809151537
0.0003652440139081981
0.0005346160561018749
0.0006764896179688741
0.0007642962230448296
0.0007852107357536917
0.0007435797402095589
0.0006603141399026988
0.0005684075730835469
0.0005053808510114851
0.0005044642336284008
0.0005864681043750069
0.0007542576591657649
0.0009912145226282486
0.00126408566318984
0.001529684265138981
0.001744085924787973
0.001872078016378046
0.001894925714756436
0.0018145191786189
0.001653049419532763
0.001448219141302707
0.00124502723670791
0.001086104755947902
0.001002631912980447
0.001008026160078793
0.001095616148265145
0.001240855479826203
0.001407388457426966
0.001555396935312788
0.00165035725574351
0.001670048105606288
0.001608359491433244
0.001475146897001558
0.001292535802121311
0.001088613489815247
0.0008904844388721858
0.0007183431276162478
0.0005820511870875751
0.0004808734856503971
0.000406240181914405
0.0003464465001713263
0.0002917794006377491
0.0002385097997866324
0.0001905057765071126
0.0001579603040725185
0.000153668826515668
0.0001879524133019298
0.0002638343616790684
0.0003740068296589737
0.0005007236935213892
0.0006188700338413027
0.0007016252650017751
0.0007272536503053248
0.0006852449689761373
0.0005800817828112323
0.0004313507901355142
0.0002700398559401654
0.0001317825101102808
4.850636739959255e-05
4.075914234246e-05
0.0001125135635506945
0.0002499137431289416
0.0004242718825376871
0.0005987215249844187
0.000736724518930815
0.0008104528759396671
0.0008068650063877713
0.0007300563099916386
0.0005993606440480029
0.0004438615075639234
0.00029474843802833
0.0001777002575423488
0.0001071815698654401
8.40532334893285e-05
9.703444217089462e-05
0.0001273411644903713
0.0001550715134274308
0.000165478937744667
0.0001532917550555547
0.0001239487675638445
9.146306613108091e-05
7.365221574600882e-05
8.61775750007951e-05
0.000137208468700059
0.0002242900080815707
0.0003343021064249565
0.0004466003111175502
0.0005383278655460499
0.0005904489038455456
0.0005927290480492231
0.0005462461613597344
0.000462822588570541
0.0003614792733412464
0.0002631078988124583
0.0001848515140394343
0.000135880919700011
0.0001157288311590336
0.0001156105235122935
0.0001222483525405547
0.0001229609339055974
0.0001104147963424376
8.555299290325214e-05
5.772129885649222e-05
4.196109469705329e-05
5.417300653918588e-05
0.0001056461784237914
0.0001985911790210662
0.0003240998981125552
0.0004632197662352121
0.0005910256748298067
0.0006825695190606501
0.0007191033065395738
0.0006929692289230254
0.0006095558548692892
0.0004859936292357123
0.0003468033401285991
0.0002177493390314023
0.0001195539426363561
6.320560312062198e-05
4.809061214926875e-05
6.33422393802183e-05
9.194027295106558e-05
0.0001163292105165079
0.0001238186437957559
0.0001103176773728238
8.127766891624941e-05
4.969098862461913e-05
3.177166536498729e-05
4.166373046987118e-05
8.672617639812096e-05
0.0001647962701560253
0.000264266931506308
0.0003668384548025064
0.0004523341477319306
0.0005039291820640911
0.0005125625840833186
0.000479126008296229
0.0004138981969958526
0.000333448863356017
0.0002559783206361774
0.0001963597265103631
0.0001624348137503151
0.0001534408203995852
0.0001610686866621712
0.0001726893170803647
0.0001757186020715519
0.0001618853705359786
0.0001299647079538454
8.637788436007718e-05
4.321874982753901e-05
1.466234275016248e-05
1.245220986469084e-05
4.210832833441152e-05
0.0001008311084582505
0.00017778132267774
0.0002567208333540927
0.0003203088859840536
0.0003547414238552976
0.0003535962073696928
0.0003196691166831691
0.0002643124095558941
0.0002044928306713937
0.0001582342617630385
0.0001398510259340167
0.0001560768782686263
0.0002042882585054663
0.0002731318470452119
0.0003455291197187167
0.0004030293144870507
0.000430555088793885
0.0004201084740378183
0.0003726294008610365
0.0002974760812233771
0.0002098077221846167
0.000126542730947909
6.216190543194284e-05
2.521878080680213e-05
1.672341610045788e-05
3.051622924814067e-05
5.556217817741367e-05
7.942554236497625e-05
9.190427049704984e-05
8.786998625483616e-05
6.851569817284934e-05
4.075695182868193e-05
1.498545663918597e-05
1.878630417971475e-06
9.141264622927877e-06
3.912360319035189e-05
8.796626053997457e-05
0.0001464467540228525
0.0002024039166440311
0.0002439185645830301
0.0002625198047774573
0.0002555094469637693
0.0002267266423314729
0.0001856523221295719
0.0001450259542513161
0.0001175386479568199
0.0001126279844580868
0.0001339807844087002
0.0001785377927896273
0.0002371729282386104
0.0002969200934640711
0.000344045557264562
0.0003674828367673318
0.0003614126895477412
0.0003266809982518254
0.0002705641709817729
0.0002050125949858719
0.0001438179088458125
9.935171185301594e-05
7.977702457538733e-05
8.724640577733502e-05
0.000117577886240522
0.0001614120272916623
0.0002065396024957474
0.0002408206627105115
0.0002549975111952178
0.0002447481763404506
0.0002115015441130269
0.0001619510410644873
0.0001063169926647168
5.587403224200261e-05
2.034897763319065e-05
5.73515953685951e-06
1.30975529404247e-05
3.851240117966023e-05
7.417828920416175e-05
0.0001103893201344596
0.0001378341486721771
0.0001497263144199709
0.0001433240764363136
0.0001203726164259392
8.656658519570846e-05
5.008562136086211e-05
1.965094246002128e-05
2.43882619538094e-06
2.47695533557209e-06
1.976791073027651e-05
5.0361131844436e-05
8.730266938798291e-05
0.0001222530918332319
0.0001474134303936074
0.0001572008476772161
0.0001495367445752013
0.0001262159898637407
9.249186454371814e-05
5.591274452926817e-05
2.461230163324066e-05
5.60569889064944e-06
3.2526586018364e-06
1.836407900674841e-05
4.805102168335314e-05
8.636968385955855e-05
0.0001255644389890319
0.0001577158062933854
0.0001763430642268047
0.0001777360968435077
0.0001616734435870976
0.000131438179262462
9.309351914562391e-05
5.428243303696922e-05
2.264112433254818e-05
4.32098018930107e-06
2.791700809151494e-06
1.819099247505957e-05
4.735818405826576e-05
8.449511715860536e-05
0.0001223332415582258
0.000153556522911656
0.000172199630102111
0.0001747918196913887
0.0001609478572804385
0.0001333990082002337
9.743483638285241e-05
5.981933496202771e-05
2.754561103269773e-05
6.473609782253959e-06
2.904836789671916e-07
9.84463151804426e-06
3.305689016729321e-05
6.535227708341705e-05
0.0001005717153383631
0.000132122872322169
0.0001542209327068042
0.0001629313083560041
0.0001568390134723384
0.0001372822866869568
0.0001080378318844286
7.457147180822898e-05
4.303400880788906e-05
1.909593290575272e-05
6.952304945781513e-06
8.573850986500813e-06
2.34056572699734e-05
4.852133626644575e-05
7.91938020880912e-05
0.0001098078014416815
0.0001348693089362386
0.0001500057813974299
0.0001527389347332517
0.0001428556794848324
0.0001224264289874386
9.535287394400725e-05
6.662578434788118e-05
4.13983701817803e-05
2.405834961206876e-05
1.74578610432651e-05
2.244404514338671e-05
3.776774705912031e-05
6.035936680463632e-05
8.596359276012244e-05
0.0001099057251762249
0.000127966120480691
0.0001371074385479496
0.0001359743915877842
0.0001250543230078568
0.0001065255509622856
8.377472867499332e-05
6.074919680089658e-05
4.120817795732675e-05
2.808812564213516e-05
2.301191744606705e-05
2.609564430500666e-05
3.603342897487612e-05
5.041950910745449e-05
6.627100547102441e-05
8.057817226551109e-05
9.085150058861403e-05
9.549749145427789e-05
9.398957494232191e-05
8.686286185646292e-05
7.547658345414389e-05
6.171126192439578e-05
4.756785566071541e-05
3.485736275936553e-05
2.49575364339714e-05
1.869264949092984e-05
1.634706337942565e-05
1.775905555663428e-05
2.245243581658254e-05
2.97685941118164e-05
3.896821141700113e-05
4.926699470824507e-05
5.987200642620188e-05
6.996359141354705e-05
7.878255770543337e-05
8.567831456103343e-05
9.029304774914056e-05
9.270388361338772e-05
9.356889453057605e-05
9.418791951407241e-05
9.637612379886677e-05
0.0001022498880500056
0.0001137877494353871
0.0001323688436028576
0.0001583442065650644
0.0001907016523258011
0.0002271074451408459
0.0002641407036903492
0.0002979486217926893
0.0003250350806024949
0.000343179068779154
0.0003521334102678349
0.0003539673034375517
0.0003530213001170162
0.00035514784348477
0.0003666376178894073
0.0003928062921543014
0.0004366489680126404
0.0004978082287567669
0.0005721816345597128
0.0006522715510145609
0.0007283533623184445
0.000790141060663784
0.0008287956092415941
0.0008387680583190032
0.0008189983513726507
0.0007734362285514601
0.0007103288863872376
0.0006407928468734349
0.0005767252749006559
0.0005284132581387853
0.0005026287389799615
0.0005013111089410853
0.000521300742658462
0.0005551239501510696
0.0005926815525837228
0.0006232695507790198
0.0006378755468951652
0.0006307340510641963
0.0006002984071737304
0.0005492108416451127
0.0004833130614154282
0.0004102686949909711
0.0003378257711216358
0.0002723262930444963
0.000217820920828366
0.0001757548423772834
0.0001453655016251061
0.0001244598565594965
0.0001104008661712698
0.0001008890714750475
9.445808889380266e-05
9.054494897550032e-05
8.922296791670006e-05
9.081504831680575e-05
9.559430569356106e-05
0.0001036682833453258
0.00011514294197916
0.0001304546867184969
0.0001506701934118448
0.0001775081774501755
0.0002130240733064646
0.0002588602670413765
0.0003152763839315416
0.000380303761422684
0.000449363066199646
0.000515655547363588
0.0005714335055411327
0.0006100044244012712
0.0006279113753214232
0.0006268612184666935
0.0006145410580969655
0.0006039815584110142
0.0006112882116577936
0.0006522092508320036
0.0007379329014105216
0.0008715563253705227
0.001045950637584685
0.001243580741412285
0.001439336499165194
0.001604685828674004
0.001713624531893643
0.001748091014548986
0.001702028774083644
0.001582880465857169
0.001410152917506442
0.001211228789943053
0.001015759326319041
0.0008492860582099615
0.0007285230818190937
0.0006586684510903913
0.0006335856309672078
0.0006387355497292794
0.0006556664749065515
0.0006670138260270402
0.0006605319601088863
0.000631221561809569
0.0005812577260482315
0.0005179332443336497
0.0004507060364652046
0.0003882630587092789
0.0003366607252451248
0.0002990448512265922
0.0002767903891474356
0.0002713544060494001
0.000285818282311733
0.0003252653273546284
0.0003953868396614466
0.0004998368822890611
0.0006368526628262588
0.0007968855518779694
0.00096235774947186
0.001110258360597061
0.001217727631124785
0.001269035294928394
0.001262415391884283
0.00121418149358785
0.001158228257614829
0.001140531967729194
0.001208705795113176
0.001399450238923646
0.001726417875984836
0.002172782723345836
0.002690006549054302
0.003205367098056522
0.003635393910681153
0.003904364003073498
0.003961524698860177
0.003793918095217446
0.003430878690403789
0.00293854504156482
0.002405400248850365
0.001922847552840522
0.001564542581208909
0.001371042323512219
0.001342130813450705
0.001439901998647556
0.001600707297394946
0.001752635989184079
0.001834107373500705
0.001807893167746994
0.001667816193196956
0.001435931670520107
0.001153364231023203
0.0008661681310584538
0.0006129876641628029
0.0004169562917826546
0.0002850920001510128
0.0002139430004145854
0.0001991918875542393
0.0002447864424253688
0.0003671325853061221
0.0005919212836958479
0.0009438178232157485
0.001431708961634318
0.002035922361916944
0.002702091776695895
0.003347571310494902
0.003879873417833041
0.004225075925532901
0.004358011708980748
0.004324407489984302
0.004246020671386955
0.00430317969878579
0.004694377357222925
0.005580751870041204
0.007029194398691269
0.008969220909777829
0.01118158076789702
0.013326116653492
0.01500858433514554
0.01587919652420573
0.01573701608675063
0.01461694870395223
0.01283288667813405
0.01095535899531175
0.009722549273220932
0.009891549773280165
0.01205915128331243
0.01649012682347811
0.022997439840988
0.0309017968090375
0.03910655278452602
0.04626495428276157
0.05103699523347149
0.05236745505350558
0.04974677583309714
0.0433806828656442
0.03423490648652319
0.02392078945354418
0.01445006653754602
0.007872666283987915
0.005890394647435334
0.009496604711439389
0.01873392742954031
0.03262102759141482
0.04926124004114389
0.06613912127429319
0.08055244220945118
0.09007918111391809
0.09303617818193158
0.0887965036401043
0.07793429821070479
0.06215604292413366
0.04401466030921568
0.02648685762562049
0.01245584006670344
0.004209185194168877
0.003056051227648667
0.00910189346896312
0.02124390170262913
0.03737936907319526
0.05477083897793752
0.07053352292878159
0.08210924768082586
0.08769468707339084
0.08650805019456065
0.07888230988920787
0.06615933397926599
0.05042676838483041
0.0341303346236492
0.01966540697731387
0.008979785513116959
0.003298203262784262
0.002965427166873954
0.007460115672793704
0.01554120707700821
0.02550905625508608
0.03551051240305176
0.04385470769554628
0.04925959387375794
0.05102337471009956
0.04907267087637728
0.04391159522805786
0.03648117095981315
0.02796600297516428
0.01957900158298291
0.01237801860305895
0.007118462913146726
0.004183233863749853
0.003572289709053569
0.004958771434320895
0.007784178602376247
0.01137423876470024
0.01505497134389013
0.01824618622539654
0.0205254042812342
0.0216581317774723
0.02159231293800065
0.02043117604923172
0.01839084340079389
0.01575283991707255
0.01282347238293704
0.009898058894255395
0.007239942534159813
0.005065286329812541
0.003534434588664679
0.002748195636548054
0.002742040289773548
0.003482421385448152
0.004864615407341966
0.006714000981109239
0.008796785519334846
0.01083777124625498
0.01254998781742911
0.01367154335623536
0.01400435718307956
0.013450283761866
0.01203650711014853
0.009923243883960929
0.007391762643725001
0.004808908231063376
0.002577298952103511
0.001069994296924425
0.0005690637122789495
0.001210731923935783
0.002953670213477524
0.005573068658353645
0.008688038768235633
0.01181414844675024
0.01444234859316217
0.01612149147271667
0.01654075719453992
0.01558991752844432
0.013390931937895
0.01028821486113931
0.006803827097419443
0.003553587445538471
0.001148489086109803
8.494195114588749e-05
0.0006533677294967846
0.002875040051316443
0.006483163687867078
0.01095300646260232
0.01558231126554872
0.01960119906973801
0.02230983201667696
0.02320275534296544
0.02207248597988989
0.01906396822427767
0.01466788206735368
0.009655723477641324
0.004954067657552415
0.00148970336445061
1.974529191039718e-05
0.0009835178278409665
0.004403660236768405
0.009857163256579685
0.01652313047896051
0.02331352569889046
0.02905327818848435
0.03269754169095809
0.03353090743456547
0.03132418115444698
0.02640578673385194
0.01963600574771555
0.01227282699976608
0.005761536162772783
0.001462798265619137
0.0003900075423915683
0.002987640186824155
0.009010881096787228
0.01752892486910787
0.02707104276040728
0.03588016326825166
0.04225468430219313
0.04489113635713367
0.04317987166896335
0.03737418090933483
0.02859438428948518
0.01865407785515738
0.009719105928243633
0.003876497996087266
0.002673961206295958
0.00674475654419218
0.0155977811064048
0.02764159242632785
0.0404440625496969
0.0512237612567359
0.05744870342534677
0.05745944869662838
0.05094546958534946
0.03917377533581837
0.02486713622947416
0.01174224538127649
0.003740360464161045
0.004121556201237947
0.01458715544889854
0.03465536807424913
0.06147798699772544
0.09017698162262792
0.1147384699162531
0.1293270740729996
0.1297500486232421
0.1148044613953985
0.08712663257004362
0.05327044934467161
0.02289126202507108
0.007000553717860702
0.01561245180671516
0.05513104247125239
0.1261218795164846
0.2219560425454692
0.3289781245138924
0.4282198178920731
0.4989772278095931
0.5234480407994434
0.4920506114336334
0.4081963860142496
0.2915510629142993
0.1788761803683094
0.1216885107105015
0.1806779729622534
0.4173452317668338
0.8839512550938132
1.612858470782427
2.608042960587436
3.83866947016464
5.23884901486583
6.710741080892769
8.134286327532511
9.381081326659999
10.32931803822257
10.88084449248322
10.97414264046411
