# RCS in m**2 for a L=5 cm PVC cube at 22.5 degree aspect angle
# frequency = 89.5 GHz, 
# theta = linspace(0, 6.2832, 1441)
# phi = linspace(0, 0, 1  1)
17.69932800099622
17.42067567389511
16.42066574987324
14.80133338651001
12.72508366579294
10.39200508834477
8.012502306983784
5.779703659669759
3.846153157062878
2.308403853851407
1.201277998528365
0.5022261876486029
0.1440340413960837
0.03294173663805326
0.06833971779937448
0.1603995141614744
0.242665523889692
0.27798309367042
0.2575997243726778
0.1947312299934774
0.1148084315017682
0.04509558934463715
0.006089891863886274
0.006426831538974657
0.04192888301579557
0.09838645258577949
0.1567918823681697
0.1992935054289153
0.2141831551745309
0.1986608897653005
0.1588520396376655
0.1073533622469554
0.05918824787774614
0.02743726023517878
0.01975464952371266
0.03665558415957592
0.07189259213968535
0.1146479667689118
0.1527931571574434
0.1762418268243518
0.1794641981850156
0.1625522023419332
0.1306615408357542
0.09213450036978038
0.05593273953260899
0.02916844202636613
0.01540587331675856
0.01414959276735073
0.02154529719306987
0.03197673326687579
0.04000801721955709
0.04206255858019907
0.03736026705222069
0.02789366782223007
0.01752625358951269
0.01055565300238848
0.01022525367910053
0.01764500301560253
0.03143635977112477
0.04817207316844002
0.0634317220600729
0.07312993600187409
0.07469070885928802
0.06773123611661172
0.05406644270971946
0.03708330585811384
0.02069090469412148
0.008202268139804235
0.0014709347883965
0.0005294331557792919
0.003797512676021588
0.008755221584203917
0.0128375122482375
0.01426006324782763
0.01252127124622513
0.008449014501586393
0.003807334587646377
0.0006190882944376421
0.0004376658136671561
0.003809281619123074
0.01008661397361237
0.01764137112377186
0.02438815505437068
0.02844311470103043
0.02869989438102674
0.02514901236710467
0.01884422029690578
0.0115504087289605
0.005188972956671679
0.001267479548189164
0.0004675451435876388
0.002511867290057696
0.006334358546258491
0.01048198636015727
0.0136088611074304
0.01490066264905657
0.0142971786652802
0.01245551906324482
0.01047792553667211
0.009504464993718275
0.01030910690659567
0.01302967871360434
0.01711427513094279
0.02149356318535173
0.02491816000201529
0.0263450833636431
0.02525616475892849
0.02180391972995616
0.01675269288130448
0.01123609053659523
0.006417051112571223
0.00315706832726117
0.00179558911239623
0.002101340893625772
0.00340023022887736
0.004829514137881341
0.00563222528875695
0.005395734669485838
0.004164821086144737
0.002397721757678226
0.0007899797567563001
2.645827492534548e-05
0.000545429183232094
0.002388411214056704
0.005180766959231031
0.008244564791221064
0.01080387323537087
0.0122161124651824
0.01215729271451
0.01070655035600843
0.008307834925986725
0.005626992523625167
0.003350384538400327
0.001989112342510006
0.00174635615469456
0.002483906907649591
0.003792020086189812
0.005135091304923691
0.006024787861384356
0.006166502524849292
0.0055374192486551
0.004375921926379722
0.003091400834466853
0.002127117827650136
0.001820203000832975
0.002301711127538421
0.003464827370428396
0.005007524983741627
0.006531940340260156
0.007667942925514274
0.008182118796389175
0.00803984090678153
0.00740454523929739
0.006576767754554093
0.005895086952422633
0.005630216654056647
0.005903484086784775
0.006653415873289965
0.007658179488201551
0.00860388920062626
0.009177812750069542
0.009157906621327915
0.008472316135178291
0.007215715945109011
0.005616309521138957
0.003970372740170407
0.00256004193423679
0.001581570526874552
0.001102140652006288
0.001055493469237547
0.001275026714448411
0.001552282536769585
0.001702242895210162
0.0016165094385485
0.00128974986017387
0.000813965304363426
0.0003437551376497958
4.491818546289292e-05
4.186709996138795e-05
0.0003792875286240661
0.001008455720557725
0.001801127600700989
0.002586122874708952
0.003197434715323913
0.003520003258368918
0.003521124457894376
0.00325814415273019
0.00286276198565757
0.002504967481680559
0.002348163307912448
0.002506656732043164
0.00301633739798775
0.003825870127404036
0.004809416892355097
0.005796964235162251
0.006614725773018809
0.007124270156337592
0.007251980116749904
0.007002495614084639
0.006453475008675861
0.005734291716583282
0.004994823962056405
0.004372112964760368
0.003962328750192891
0.003803907045935264
0.003875177261571972
0.004104925550123272
0.004392870067072186
0.004634287503826055
0.004743050250286826
0.004668331648773148
0.004401907720263871
0.003975186616709914
0.003448821354259995
0.002896284145709903
0.00238791996172469
0.0019766092356254
0.001689286656675383
0.001525422331226798
0.001460756807923708
0.001456024133623195
0.0014674455775853
0.001456502902931452
0.001397460121842292
0.001280814220210222
0.001112915535314966
0.0009120753073103441
0.0007029591111457937
0.0005102156607263436
0.0003531287403958261
0.0002422653459159645
0.000178440861011259
0.0001539514592955991
0.0001554802639436801
0.0001677577567661481
0.0001771745866043983
0.0001744197366978186
0.0001559199092549497
0.0001236914283710202
8.403306115264088e-05
4.540921661196143e-05
1.606317959065337e-05
1.96250458627261e-06
5.443441069466005e-06
2.481392520937404e-05
5.49015753738315e-05
8.835668347627821e-05
0.0001174176146573825
0.0001356338963700715
0.0001393610207751794
0.0001285329124240992
0.000106706658942034
8.031982083269622e-05
5.734629483406146e-05
4.558401778084054e-05
5.099330202001144e-05
7.631033393213962e-05
0.0001203257791573089
0.0001778393205773007
0.0002405708670661699
0.0002985116368940146
0.0003418684895115353
0.000362946861371439
0.0003577806176237863
0.0003271033366149161
0.0002764915960103033
0.0002155668070321842
0.0001563907148152549
0.0001113291493324604
9.073292437298698e-05
0.000100823735163227
0.0001423701233516402
0.0002102006653004017
0.0002939338027203562
0.0003795648189759484
0.0004520073850250791
0.0004978501077287979
0.0005079365273960168
0.0004793007901967461
0.0004159801577653137
0.000328588406685395
0.0002325751313801379
0.0001455585286559089
8.406979300219573e-05
6.042448295682048e-05
8.02516238542936e-05
0.0001412081294167723
0.0002331525534521871
0.0003398314291124806
0.0004417621354272306
0.0005198234834016494
0.0005589146774453426
0.0005509309543828936
0.0004964357269749188
0.0004048005175149465
0.000292490732887732
0.0001801403854687275
8.854897408084887e-05
3.475763727102381e-05
2.865042620200533e-05
7.09879053623224e-05
0.0001531774884119515
0.000258919537026723
0.0003673431325311917
0.0004571324316549297
0.000510700874740637
0.0005176874896103938
0.0004769407167420957
0.0003966790260272682
0.0002927130107940024
0.0001851485900687931
9.424792194014479e-05
3.630817426893099e-05
2.044277733174731e-05
4.694001203284412e-05
0.000107512015333885
0.0001873558093746532
0.0002685443839383063
0.0003340107177872814
0.0003710636505665489
0.0003739424309323237
0.0003445379756866404
0.0002914791038232081
0.0002276066351079773
0.000166720249475851
0.0001203081908236454
9.503808977895685e-05
9.175734058343734e-05
0.0001060127296057241
0.0001300286389619424
0.0001554005329695709
0.0001758193418403571
0.0001889457245359252
0.0001969039889372838
0.0002052332719666161
0.0002205902865830428
0.0002479084774637281
0.0002878689595502204
0.0003356601952524036
0.0003814300716128344
0.0004126052493972892
0.0004174980470673993
0.0003893238636448817
0.0003293838897155382
0.0002483591637222668
0.0001650986574586482
0.0001028668214155222
8.37797104323697e-05
0.0001227696055684393
0.0002227268119674968
0.0003721125011766724
0.0005461576246220247
0.0007115591697228434
0.0008337878297791945
0.000885361155845836
0.0008529927005960659
0.0007416651731935809
0.0005744409205300432
0.0003876891441236507
0.0002227870418469142
0.0001162798548591222
9.089655044114066e-05
0.0001498176608787638
0.000275774537746667
0.0004353528918392131
0.000587469742851439
0.0006938723545005852
0.0007288843929907893
0.0006858197074555609
0.0005782668479023566
0.0004359229925623794
0.0002961155067164387
0.0001933004571906651
0.0001496190916390283
0.0001690372858853271
0.0002368511944928307
0.0003245573013056978
0.0003987748740944901
0.0004314195896293089
0.0004082156207528713
0.0003329017633199371
0.0002258484073978372
0.0001175555329252981
3.89341400973023e-05
1.151564405852188e-05
4.052126374166922e-05
0.0001131840741241761
0.0002028341228263932
0.0002776015785475993
0.0003109364568494847
0.0002906611577683382
0.0002233770441125941
0.0001327221815569539
5.179447169150667e-05
1.200014325134642e-05
3.200834536496052e-05
0.0001104773139387007
0.0002252975299896882
0.0003400314092405529
0.0004158407946040084
0.0004252695253441044
0.0003634361520201062
0.0002524613119173584
0.0001372711660950283
7.323880801136134e-05
0.0001090575109845191
0.0002699372663197597
0.0005466040001932926
0.0008939435347839947
0.001240671331333221
0.001507755570432
0.001630392681314824
0.001577376331865939
0.001361501529991993
0.001037555853087665
0.0006880543642030258
0.0004003826171165745
0.0002420876188092433
0.0002417375811794195
0.0003812324799898058
0.0006020798682598738
0.0008240719737599081
0.0009704564204999254
0.0009921116725480758
0.0008828711042982503
0.0006812695712942149
0.0004579003577888505
0.0002923625978801018
0.0002470523922908648
0.0003462465001548983
0.0005673574648477367
0.0008473397475449556
0.00110225932463521
0.001253958035903139
0.001254888835457311
0.001103222495492509
0.0008429415200510744
0.0005489701691753207
0.0003020995288637142
0.0001623016195936419
0.0001494816246109552
0.0002385328674734127
0.0003704126732847817
0.0004759528390608995
0.0005038680945669147
0.0004430450856235167
0.0003306050674922157
0.0002417480607611623
0.0002638340044702351
0.000462817184530209
0.0008535832814221056
0.001385161158624906
0.001947494630021418
0.002399756675010184
0.002612471284518977
0.002510674160408441
0.002103774724439558
0.001491347310466146
0.0008404482707005662
0.0003402571898701178
0.0001463425363141599
0.0003317710685052735
0.000860983869141906
0.001595765480761143
0.002333527698026706
0.002867195162971686
0.003049024965556542
0.002839023078622409
0.002321412951778447
0.001683186892338613
0.001160031873295252
0.0009647609130754987
0.001220354697820312
0.001918085598545972
0.002914634328622488
0.003969772812394023
0.00481376438129582
0.005224871537792504
0.005092111243597799
0.004444869797414698
0.003439759222984686
0.002309531864742883
0.001290449711719035
0.0005524013862412614
0.0001545197433480125
4.136179124519269e-05
8.085392232562388e-05
0.0001306664788098135
0.0001095015603124282
4.634894685084348e-05
8.740333189397156e-05
0.0004536492563587946
0.001359451106921301
0.002917130427512131
0.005060958011084944
0.007520075380280867
0.009859160545057127
0.01158175303949119
0.01227358142487507
0.01174421895550775
0.01012240956846114
0.00786826891659154
0.005687677546979416
0.004360892930067975
0.004526713550468586
0.006479435128343225
0.01004016310581144
0.01454821939099576
0.01898851075148133
0.02223343061829353
0.0233433480783564
0.02184719397863023
0.01792218812825185
0.01241276052178238
0.006668175246023099
0.002221581476449615
0.0003881035691317252
0.001879994623849671
0.006548274966595864
0.01333481126828524
0.02047345445081299
0.02591705897715528
0.02790737111198772
0.02555787474208263
0.01930759651432203
0.01111401766872824
0.004310308334075458
0.003116402614986218
0.01187732603081217
0.03416562168506566
0.0719266927392069
0.1248498528016206
0.190106169937653
0.2625469579579678
0.335308275368867
0.4008033940245254
0.451846702486758
0.4827643381147865
0.4902710459250454
0.4739555412783037
0.4363014318489766
0.3822313074048366
0.3182825896568428
0.2515799508987704
0.188741600221144
0.1349829142225822
0.09350846483060728
0.06529261339431677
0.04925157427456473
0.04274470495919599
0.04227551438086325
0.04425184999888614
0.0456545031710636
0.04450530398005314
0.04006834491052126
0.03277770246682833
0.02394051331014244
0.01530199232218228
0.00857373558986092
0.005027290288060962
0.005228299488973767
0.008949706599974504
0.01526468516020272
0.02277805839234052
0.02994257817183693
0.03537670841890408
0.03812726198908394
0.03782369312860997
0.0347044967055064
0.02952108173174715
0.02335017283741048
0.0173582015799476
0.01257162449725271
0.009691704954524887
0.008992330225669812
0.01030702121879102
0.01310185748201833
0.01661069449156663
0.02000142167180481
0.02253811072255116
0.02370921279803689
0.02330126236485336
0.02140971496501556
0.01839197524508903
0.01477655408533932
0.01115074882838458
0.008049332818775111
0.005864017585287758
0.004788708333171765
0.004805688761975257
0.005710904969988395
0.007169738947611476
0.008788986278488635
0.01019212275906225
0.01108222708054092
0.01128481102280867
0.01076424587320543
0.009614746597828768
0.008030287417804038
0.006260857093396147
0.00456441292525544
0.003163138304597704
0.002210072575322543
0.001771536396421513
0.001825571412452334
0.002274908419007167
0.002970678813979189
0.003741748642108127
0.004424246981440475
0.00488684160253231
0.005047796550727512
0.004882710709999025
0.004422385612385363
0.003742418917214319
0.002947044697382872
0.002150391475939139
0.001458040462868359
0.000951794162801175
0.0006794483168070241
0.0006505098129370884
0.0008380636080149101
0.001185560358597249
0.001617635340834588
0.002052419703207337
0.002413980864382187
0.002642848366701714
0.002703512655570526
0.00258794270490246
0.002315004883508882
0.001926165444935561
0.001478389459137368
0.001035019613462194
0.0006564910317997768
0.0003917316780378268
0.0002715795854730613
0.000304930158758149
0.0004780955577341255
0.0007573475776572932
0.001094193988120739
0.001432724170086643
0.001717769211878925
0.001903152116068363
0.001958374010987218
0.001873159314640267
0.001659032265015626
0.001347597376731475
0.0009859038539294478
0.0006291653290525819
0.0003323362564030887
0.0001412734509031149
8.532489835000147e-05
0.0001722023978546314
0.0003863445521062655
0.000690982454235452
0.001033843190559946
0.001355580336026618
0.001599780155413451
0.001722607207464963
0.001700811039265135
0.001536162343070269
0.00125566044945721
0.0009072362560072721
0.0005515253177535328
0.0002510831482553859
5.895963336373866e-05
8.747918770376776e-06
0.0001080258890067152
0.000336563290376845
0.0006498121751063372
0.0009870148342344665
0.001282831432569055
0.001479793719309547
0.001539598843097297
0.001450658594549139
0.001230506538554602
0.0009223670090923963
0.0005865404449291176
0.0002883146320370171
8.48722781069299e-05
1.372698009479788e-05
8.539888785984443e-05
0.0002816549155792806
0.0005597782119061738
0.0008619267051789047
0.001127575896602484
0.001306278590776911
0.001368005214766232
0.001308757587546795
0.00115027902239152
0.0009341567871378696
0.0007114620634488875
0.0005306801271261462
0.0004266821420811492
0.0004132928856460817
0.0004812288345810855
0.0006017348729927327
0.0007350812527649078
0.0008415424948423478
0.0008922548271980611
0.0008770564932354347
0.0008073458043141863
0.0007131244442178737
0.0006349814522888785
0.0006129843474520881
0.0006752586172443809
0.0008292758559470636
0.001058112083785241
0.001322753831456137
0.001570187104052771
0.001745280887869463
0.001803650336351199
0.001722480413715497
0.001506599077459307
0.0011882958195088
0.0008209477933521011
0.0004679418443415112
0.0001895007069152226
3.054761213957234e-05
1.215336870260478e-05
0.0001286159776242966
0.0003503427656770808
0.0006315332217326531
0.0009206435643254429
0.001170872551038092
0.001348432539678539
0.001436779637842181
0.001436605233597092
0.001361954082895002
0.001234330053203935
0.00107646474949572
0.0009075311387799078
0.0007407442527688362
0.0005835498925648756
0.0004395299602871947
0.000310995865458898
0.0002008768196087771
0.0001133174054782367
5.252844639881014e-05
2.075096841608717e-05
1.617439444250455e-05
3.195667999914824e-05
5.704667070520303e-05
7.886710405854474e-05
8.714429775795582e-05
7.764192911326512e-05
5.44187065961312e-05
2.958161072813531e-05
2.025101606572114e-05
4.340146094788415e-05
0.0001100345369760857
0.0002204838926703585
0.0003625218878727246
0.0005131212599239067
0.0006437152161768462
0.0007275697145473493
0.0007472600177679615
0.0006999462818543901
0.0005987765046875356
0.0004697629537300266
0.0003448924104524447
0.0002533882212314314
0.0002136318581979857
0.0002282281353157301
0.0002836685085978792
0.0003548496450245867
0.0004129887301413524
0.0004347395071723443
0.0004094537733265789
0.0003425436378502332
0.0002537254800364137
0.0001707058764982725
0.0001202759115193269
0.0001195852591569585
0.0001704009320748
0.0002582455029971656
0.0003567003335866557
0.0004356873367566458
0.0004710333881406372
0.0004523391862680713
0.0003866260509503963
0.0002964470899470683
0.0002130441575718711
0.00016658515605448
0.0001765560234620671
0.0002453206729599947
0.0003569122142534603
0.0004815190222688126
0.0005842391225074317
0.0006354873338444076
0.0006196645885222496
0.0005396025911557686
0.0004152955819962843
0.0002774346605895106
0.000157933371005146
8.041909726674662e-05
5.370552018803178e-05
7.034426187315836e-05
0.0001104842916798576
0.0001496927862840928
0.0001679967835715316
0.0001571185227976978
0.000123414453059276
8.555608654691741e-05
6.771221473148558e-05
9.05541403370712e-05
0.0001631025188117179
0.000278266139590889
0.0004136434361498447
0.0005375132646570065
0.0006180891659222302
0.0006331941412121257
0.0005772430618349814
0.0004631209602071686
0.0003184964105256631
0.0001776709454312474
7.142916957697658e-05
1.832400830310291e-05
1.994860178853186e-05
6.173347244992868e-05
0.0001188536135863216
0.0001652357638517063
0.0001826476295790571
0.0001668487708673595
0.0001288338310922458
9.071559559176542e-05
7.772186420058068e-05
0.0001089043333336469
0.0001897661826914129
0.0003091961802324932
0.000441857471263245
0.0005553570201312683
0.0006198135278042379
0.0006170643871357475
0.0005462201575796887
0.0004241421723927492
0.0002806055175741806
0.0001494671320675107
5.906876743986517e-05
2.439072832097559e-05
4.359934281167627e-05
9.988088751876196e-05
0.0001677384337382792
0.00022160346676432
0.0002440349814409039
0.000230730372146838
0.0001909869526433319
0.0001435686928737159
0.0001094783875630539
0.0001042021270948859
0.0001320179723768038
0.0001843162707009575
0.0002424386192613345
0.0002841543754319755
0.0002915392003042013
0.0002576486259082496
0.0001897338720319036
0.0001077974057181938
3.894927128708168e-05
9.090304022401453e-06
3.469958723851288e-05
0.0001171966637758561
0.0002417391239403463
0.0003808018401532077
0.000501674732552403
0.0005754287287872613
0.000584892244511727
0.0005291209295310972
0.0004232233200746107
0.0002935733620482003
0.0001700969372450616
7.778567486185005e-05
3.026659678113358e-05
2.695351808896324e-05
5.476515269524345e-05
9.351810018019077e-05
0.0001232016257508141
0.000130852923539924
0.0001147786706020416
8.487655581859702e-05
5.897594772840193e-05
5.647959776826673e-05
9.126540246899138e-05
0.0001661869833763393
0.0002709853861763464
0.0003842176960942179
0.0004789882208999969
0.0005304302570201544
0.0005232027847019127
0.0004564211777346385
0.0003446916376917117
0.0002148004378994509
9.903018770961169e-05
2.675741292431938e-05
1.68031926407835e-05
7.248247270951831e-05
0.0001807737422754476
0.0003156882377840136
0.0004450699117323669
0.0005385798705979943
0.0005752173271635744
0.0005480705391550962
0.0004652114949403843
0.00034695585990176
0.0002200045227055785
0.0001105015032264472
3.766505503537667e-05
9.747579198253693e-06
2.32449020351959e-05
6.520207816156282e-05
0.0001178573487295936
0.0001641300436030553
0.000192311405539692
0.0001987944132528019
0.0001880659786412963
0.0001703184072607843
0.0001573935283685847
0.0001584679576349618
0.0001767828581067628
0.0002083855208739406
0.0002432442500516372
0.0002684219199119342
0.0002723010807772162
0.0002486226001577343
0.0001991257375708244
0.0001339816089639855
6.974182042582982e-05
2.530131848684461e-05
1.697888964750172e-05
5.389046401628485e-05
0.0001349212765855802
0.0002482059361136688
0.0003731831148487449
0.0004850289957949013
0.00056019237754661
0.0005819331122518097
0.0005444059837638953
0.0004543604698336831
0.0003299607820085116
0.0001971146841954062
8.387684891844109e-05
1.454993838271767e-05
4.382402030162335e-06
5.637283015033881e-05
0.0001606709143175306
0.0002966524789675189
0.0004373539761933089
0.0005550558238876208
0.0006268962920093941
0.0006394781975758695
0.0005912281263551719
0.0004924281249546995
0.0003628622696812425
0.0002275322957599825
0.0001117073411469644
3.597338450420293e-05
1.249152632940242e-05
4.310066272791793e-05
0.0001194744059634847
0.0002251782927485615
0.0003392281311893988
0.0004401673455943966
0.0005101023702972132
0.0005376965273252004
0.0005198368621588595
0.000461669577390986
0.0003751115512979202
0.0002763025267783967
0.0001825217409712781
0.0001090625165194303
6.68376432569523e-05
6.079561601388457e-05
8.957289595143533e-05
0.0001461911956882986
0.0002196111054724668
0.0002968249412843372
0.0003651176752270388
0.0004139847465799537
0.0004366805492420808
0.0004309249077426922
0.000398996279811992
0.0003470624376382113
0.0002839949930401105
0.0002199641339317627
0.0001648274469333287
0.0001267248491666899
0.0001109912109900305
0.0001194666058939079
0.0001503653549860513
0.0001986103503181733
0.0002566211048306096
0.0003155065413063182
0.0003663089546573087
0.0004013670936016022
0.0004154727879723333
0.0004066303804592498
0.0003763931224107001
0.0003297021970079933
0.0002741179411780237
0.000218699396950761
0.0001725648900222995
0.0001434912868254197
0.0001365600366049571
0.0001533220022118727
0.0001914563608940893
0.0002450591241794504
0.0003055785877820736
0.0003631906461764567
0.0004083735060255083
0.0004336005709189479
0.0004346244954131496
0.0004112341338032918
0.0003674136886627073
0.0003107121281243979
0.000250975178902473
0.0001987124718497597
0.0001632389268482111
0.0001510533113613913
0.0001646516006983164
0.0002020177208344681
0.0002569438600500652
0.0003200549463915243
0.0003804205845967449
0.000427514486431045
0.0004530511887069689
0.0004525267739125423
0.000426032212924287
0.0003782906332778343
0.0003178643586216102
0.0002555818225502406
0.0002026566801059782
0.0001685928431520874
0.0001594750003852077
0.0001768006843751084
0.0002172045505447107
0.0002730175986963845
0.000333732656322382
0.0003878300360207775
0.0004250105141718217
0.0004380830182869843
0.000424298224491468
0.0003858853216144589
0.0003296265138223174
0.0002655535290438356
0.0002050813258581366
0.0001587563991687953
0.000134333446992733
0.00013524218488867
0.0001599747850195344
0.0002024342917073489
0.000253104539553421
0.0003009400471397794
0.0003355696200933026
0.000349211881373586
0.0003382705733464433
0.0003038919235115692
0.0002517243635984057
0.0001907270482233697
0.0001313516098030827
8.347889403457414e-05
5.448383126906906e-05
4.787144950682026e-05
6.269003532307636e-05
9.384990179725735e-05
0.0001332551692403999
0.0001715487719871903
0.000199950605444957
0.0002120551899636685
0.0002049835728043726
0.0001798512955259853
0.0001413446802861142
9.671243336003238e-05
5.415328089780462e-05
2.116447162027802e-05
3.041413924049244e-06
1.930609873983187e-06
1.651393280202757e-05
4.242251499603004e-05
7.325510432249521e-05
0.0001019413986590981
0.0001222066771808347
0.0001298303450638252
0.0001234290488796287
0.000104656267835063
7.785072114943339e-05
4.906603468962171e-05
2.488109151808123e-05
1.107582914374423e-05
1.152773911834799e-05
2.746753048024301e-05
5.726817174938836e-05
9.677337125007543e-05
0.0001401464631569863
0.0001809668159107978
0.000213545966006855
0.0002340218591460185
0.0002411841958359657
0.0002367704506946887
0.0002252159036126747
0.0002128853676976407
0.0002068575657290394
0.0002135927249663545
0.0002376011680869108
0.0002803727133573244
0.0003399487053012166
0.0004110534786963953
0.0004858818971221384
0.0005555439305203037
0.0006117238409725068
0.0006485204754020128
0.0006638042916582932
0.0006601657161109528
0.0006448242002849233
0.0006287812867740533
0.0006248958032324047
0.0006455546160730689
0.0007000652517913104
0.0007923286213196018
0.000919320166402506
0.00107086688524964
0.001230492726712477
0.001377988718064527
0.001492646507090757
0.001557057218105456
0.001560533692598795
0.001501521298811599
0.001388443158081717
0.001238649158192356
0.001075498254168426
0.0009244286152622025
0.0008081214722131085
0.0007422578693242151
0.0007327477886281044
0.0007745694983644203
0.000852898245189175
0.0009463141864130274
0.001030947090125177
0.00108521434307626
0.001093926459284093
0.00105069791682695
0.0009586789223843597
0.0008291770496878851
0.0006788284410632578
0.0005259804014935459
0.000387120307618048
0.000274114764275636
0.0001928466376051005
0.0001431704938975716
0.0001201207099773172
0.000115879269452815
0.0001219012717335491
0.0001307396476849182
0.000137317805655975
0.0001394515517007596
0.0001378245465031544
0.0001356860127342501
0.0001381395927220582
0.0001515124865097786
0.0001825034511626611
0.0002372175500370091
0.0003200460007360882
0.0004325063222002926
0.0005722243024527408
0.0007326286426447709
0.0009032595853841279
0.001071377366298316
0.001224306814730231
0.001352396944477966
0.00145149640578562
0.001524687448365388
0.001582328178838963
0.001639752272911849
0.001714029721286303
0.001819121615775605
0.001961954035926528
0.002139563327106359
0.002338239985148512
0.00253593835578567
0.002706122621223132
0.002823088714663794
0.002867089519874026
0.002827905735640481
0.002706340911751752
0.002513095227770553
0.002266136199519262
0.001986606185210009
0.00169556958673083
0.001411388544097638
0.001148900316563014
0.0009198642138800921
0.0007337010285969776
0.0005984558612318422
0.0005203500217285348
0.0005027044705080279
0.0005441798193670483
0.0006373179638758973
0.0007683953018382962
0.0009189925825288828
0.001069222151566755
0.001201769647318621
0.001305490568455755
0.001377085813189684
0.001420308731268388
0.001442768748709955
0.001451720540680059
0.001450495844935822
0.001438005301659969
0.001411520399258617
0.001373448130494749
0.00133852439848799
0.001339758739874766
0.001428260804767039
0.001665762645953622
0.00210900407815171
0.002790102641832886
0.003697584303114804
0.004765884424747801
0.005879121629256583
0.006890858567797841
0.007659812702664941
0.008091479099396184
0.008176520460424906
0.008011384685564858
0.007792282422290913
0.007777748799398152
0.008225205267014559
0.009315334671501429
0.01108348674505739
0.01338168550129636
0.01588525586418638
0.01815508987993701
0.0197422871636436
0.02031949791190032
0.01980080831769085
0.01841935312653029
0.0167293332869487
0.01552208128910217
0.01566006350984685
0.01786211767096806
0.02248641353070833
0.02936422901127331
0.03774214275541538
0.0463511466605458
0.05362335175609807
0.05799868798258122
0.05829006411922915
0.05400396284015328
0.04555062521464977
0.0342743407711701
0.02229009228695486
0.01211911720075735
0.006218034473282514
0.006455877008674189
0.01368338870508947
0.02746458871922751
0.04606646883852455
0.06669092311986995
0.08596450919843517
0.1005382204762709
0.1077444461398211
0.1061238311380921
0.0957527057417092
0.07827641400564619
0.05664706619133429
0.03459191949402199
0.01595303179356802
0.003965546007152446
0.0006785517328814552
0.00657560802034177
0.02050004556640888
0.03988806651730687
0.06124246454391157
0.08079167321416143
0.09515935631046821
0.101954934276059
0.1001666378083652
0.09028049075200915
0.07413025423476607
0.05451734525012206
0.03466291678875375
0.01764055789263339
0.005840927034488321
0.0006193615133669306
0.00212993690456448
0.009393024946927862
0.02054952841238179
0.03325489977134775
0.04510819935114553
0.05407156528658562
0.05876640559983874
0.05864496710046071
0.05399119589676394
0.04579013931939883
0.03548552725117898
0.02470050912275758
0.01494993933665208
0.007423460304948888
0.002830760340477584
0.001362253112326096
0.002725990589042535
0.006260013153289445
0.01108334211546587
0.01625412525964824
0.02091271237932382
0.02439022924170003
0.02626654290609341
0.02638959993685023
0.02485344971484322
0.02195010930001927
0.01810847749335238
0.01382655806167316
0.009611429287849653
0.005924567108252126
0.003137598025062698
0.001503527972074327
0.001134567409644558
0.001995769752815243
0.003909887651569448
0.006575967103186838
0.009603663294545492
0.01255652455689017
0.01500691132928792
0.01659315107303477
0.01706891565039323
0.01634345575868503
0.01449927921610362
0.01178558621334684
0.008588370442804855
0.005374115657285006
0.002624498822597065
0.000759896831514461
7.559999259069247e-05
0.0006915760108922862
0.00253060974126518
0.005325387616162473
0.008658074230229143
0.01201867372142272
0.01488849312614416
0.01681483719798385
0.01748706906230704
0.01678515804632803
0.01480372043239258
0.01184141948169491
0.008360697428302071
0.004918842349865169
0.00208730600615304
0.0003614968368145926
8.379361250253836e-05
0.001383811608345604
0.004150009391581683
0.008035477797205971
0.01250211626132628
0.01689184256742242
0.02052652018694655
0.022811010991713
0.02333698121945379
0.02195971855119997
0.01884307928946157
0.01445778622153017
0.009527556081547697
0.004933258164970652
0.001577408798620426
0.0002309956419545751
0.001391760999086097
0.005168813221904158
0.01122485675660819
0.01879388050828898
0.02677022134524731
0.03388042146148108
0.03889271421775035
0.04085498975219097
0.03930106314723785
0.03439309260400341
0.02695703195391236
0.01840222076759928
0.0105072284678826
0.005121219878328555
0.003802830964974527
0.00748503411975045
0.01621645373938019
0.02905934074450891
0.04416426732800599
0.05905586329188655
0.07106116343260446
0.07785008750503748
0.07794821047541939
0.07114515038211287
0.05867476198528725
0.04310653891594433
0.0279532558526396
0.0170116794280099
0.01357089774485748
0.01964731798327744
0.03540028917806432
0.05888599827305861
0.08626687964333013
0.1124368903498127
0.1320443230112321
0.1406472257923112
0.1358352140199876
0.1179966542036473
0.09054577373846748
0.05946551796349646
0.03222320934291219
0.01616974981571919
0.01681317013428375
0.03628585700166808
0.07244233212638601
0.1188622590672267
0.165922736164296
0.202740294813023
0.2197619589230217
0.2113188741158231
0.1776318379828012
0.1256084039738616
0.06805925519540282
0.02132077736745433
0.001536826064583324
0.02037297491178325
0.08113626905364438
0.1763900061585784
0.2878750821041369
0.3895084489724985
0.4530329241106751
0.4559595292941964
0.3901093971387757
0.2691539852845678
0.1332045033029174
0.04877160328499035
0.103182337412086
0.3935832425280102
1.011694765838497
2.026054623064728
3.465949404602129
5.30778447829871
7.470527815794009
9.817030302614659
12.16656638242887
14.31546305154818
16.06082825575061
17.22918945585459
17.69932127698445
