# RCS in m**2 for a L=5 cm PVC cube at 22.5 degree aspect angle
# frequency = 87.5 GHz, 
# theta = linspace(0, 6.2832, 1441)
# phi = linspace(0, 0, 1  1)
12.43066995498451
12.34272341903335
11.69899770501192
10.57015189500272
9.076870440379905
7.37261198538678
5.622079628071397
3.978997904727518
2.566746301744322
1.464948382449348
0.7036339674966495
0.2656095903327114
0.09585768558733244
0.1158643465782968
0.2398237446174957
0.3897258482679136
0.5067701893084189
0.5574718977439319
0.5340094727355538
0.449610744809659
0.3305657898674149
0.2070609219851473
0.1049270104221522
0.03998332323701168
0.01583444527961472
0.02510063669128718
0.05327540252037957
0.08385702832676373
0.1032831341535901
0.1044062073497572
0.08775614583257492
0.06050522327078871
0.03363070194018955
0.01822671373306401
0.02203890555848346
0.04716907673905069
0.08949268913881694
0.139854799800468
0.1866083364265061
0.2187449990151199
0.228743361214806
0.2143876595164472
0.1791374068238948
0.1310268618556108
0.08045800585290827
0.03754331873142708
0.009694011021966816
7.118381521006938e-05
0.007229960724472929
0.02594953947339864
0.04894094955412595
0.06890855375363479
0.08039258332425708
0.08093158912088905
0.07130426235699344
0.05488158658732945
0.03635879985363418
0.02028258005326963
0.009803121443710495
0.00598148139249899
0.00778464554412343
0.01269622319543531
0.01769876366469626
0.0202950974137426
0.01925559260553456
0.01489027339053504
0.008801331735674054
0.003238035015697188
0.0002852111147104666
0.001155245993646274
0.005801119510890863
0.01295643767648317
0.0205671475333838
0.02646217235442198
0.02903791114685467
0.02774386864556143
0.02322061713183094
0.01706129779671843
0.01128349961824533
0.007685235658524625
0.007289168659719408
0.01004357849406834
0.01486851530829394
0.02002087550445012
0.0236588804293204
0.02442841017067117
0.02189073473025395
0.01666383971524471
0.01024151899306782
0.00455015797206022
0.00137857878449908
0.001854762242048921
0.006119474378756948
0.01328694107273837
0.02169636890342602
0.02937231745130842
0.03455472343419169
0.03614970413772437
0.03397513774690281
0.02874650145505079
0.02182221770894674
0.01479515603099705
0.009054948820660722
0.005450785425320594
0.004132475246915655
0.004608285523191525
0.005977679831529876
0.007256301577117493
0.007688504838133792
0.006955626012436553
0.005226446083291665
0.003049518964591732
0.001133905875355652
9.692306143802796e-05
0.0002609675320391366
0.001560469859061822
0.003581896163188718
0.00571490868371182
0.007360651870132988
0.008126395947900067
0.007944444296609912
0.007080161000878677
0.006030488216532822
0.005348910329564555
0.005455885297405011
0.006494008363827702
0.008275267946908185
0.01033388740361839
0.01206815945945025
0.01292537266828997
0.01257306608928974
0.011005435455061
0.008551573564151477
0.005786300006984984
0.003370271713424601
0.001865647968048859
0.001583926618838139
0.002505891543136384
0.004296557935556142
0.00640674965372147
0.008231856779596364
0.009278868240117352
0.009297672840385055
0.008338800104291161
0.006726855420266113
0.00495971983839298
0.003563721293824765
0.002948975778287503
0.003301435536602022
0.004541177015461125
0.006353489148991412
0.00828054634515926
0.009846112242032842
0.01067666879670261
0.01058838111381697
0.009619035904196323
0.008000152938367474
0.006082886455493875
0.004239099868262049
0.002768432293867645
0.001833469699081315
0.001438451138027385
0.001452355228241683
0.00166592767106851
0.001862656575798391
0.001883301991892702
0.001665836263409684
0.00125264259154157
0.0007656558093579751
0.0003599923627022438
0.0001717426278828679
0.0002754197335909901
0.0006634273490345843
0.001251793540443822
0.001908926903536708
0.002497665715199068
0.002917133894984237
0.003132226325237434
0.003182519856413525
0.003168580229469339
0.003220005102321167
0.003455429168740688
0.003945156333862123
0.004687953203777431
0.005607011767987362
0.006567144385311677
0.007407424681504318
0.007981219131704924
0.008192590036989826
0.008020057500748475
0.007521844441465393
0.006821784727046263
0.006080016430768467
0.005455407841448227
0.005069787947041521
0.004981653084785377
0.005175566596836287
0.005568675358938335
0.006032523812602121
0.006423476211072715
0.006615360614021024
0.006526538588460374
0.006134604629967076
0.005478982111497279
0.004648259825185621
0.003759418430858357
0.002931409743234295
0.002261544658297217
0.001807660059807157
0.001580698826681526
0.001547295116402628
0.001641913851247243
0.001783647144347339
0.001895190705992196
0.001918009279655838
0.001822531698048412
0.00161061050112866
0.001311089144017249
0.0009702935944291229
0.0006398520451587825
0.000364905548912064
0.0001751521778411346
8.038690167501894e-05
7.080260842370346e-05
0.0001215477317946885
0.0002000190161067049
0.0002739054119271715
0.0003182893931707645
0.000320265900387983
0.0002803786829359976
0.0002109418033661541
0.0001319201326631954
6.547552056150701e-05
3.05641267228809e-05
3.864219714029638e-05
9.139647682733885e-05
0.0001807278346450105
0.0002908611441831681
0.0004019451946813344
0.0004943379327611976
0.0005526336538178164
0.0005685866089988574
0.000542589940317938
0.0004832571599007287
0.0004055416039541834
0.000327658831300986
0.0002675164625975024
0.0002393776306064837
0.0002512480412317557
0.0003035105795135626
0.0003890421167210272
0.0004945971284515488
0.0006032393416664082
0.000697477743248347
0.0007622014019436097
0.0007873659904154942
0.0007696305586708747
0.0007128046325094791
0.0006271513063637156
0.0005274640213738851
0.0004306384729203069
0.0003526557515963056
0.0003060037787375404
0.000297623596736862
0.0003277775589494762
0.0003901499079166165
0.00047299138944808
0.0005611956574091402
0.0006388497989919969
0.0006919682423731059
0.0007107986252845499
0.0006914304379754678
0.0006363669222895369
0.0005539840204467653
0.000457085922328105
0.0003606406232480565
0.0002792398658861709
0.0002246835475778999
0.0002039732348456586
0.0002183160810953154
0.0002630324504669499
0.000328439735558255
0.0004017220778316323
0.0004690684477493226
0.0005181239945760433
0.000539976256344794
0.0005305875911212092
0.0004913024458471903
0.0004283902038306664
0.000351830158814857
0.0002734475778878472
0.0002048277677020104
0.0001554117000596726
0.0001309822191037032
0.000132962978704227
0.0001584163592586208
0.0002008115879528538
0.000251449702948896
0.0003009683926068988
0.0003410060885881059
0.0003654509974889138
0.0003711820119831274
0.0003582503618140422
0.0003294540616031128
0.0002895566854805163
0.0002442819350764599
0.0001993322726173336
0.0001596409130875116
0.0001289027272657902
0.0001094972092359835
0.0001025781483340246
0.000108349482443038
0.0001262618645698767
0.000155112393241568
0.0001929103247376187
0.000236699907200905
0.0002823460126867745
0.0003245618501991129
0.000357212078576487
0.000374172607795074
0.0003704129587597424
0.0003434076517216293
0.0002943651465766826
0.0002289312925422294
0.0001572444248319499
9.276453811100234e-05
5.025748088004911e-05
4.299333041742587e-05
7.971037231178152e-05
0.0001620028175406538
0.0002828144985437749
0.0004265523175138166
0.0005710455163506459
0.000691226003834589
0.0007639131907797254
0.0007728601001137726
0.0007128362904846671
0.0005919386245023592
0.000431218048171794
0.0002615179935867229
0.000117936198140938
3.290973033475208e-05
2.920128814282688e-05
0.0001145492659257927
0.0002790581301464332
0.0004962378998374446
0.0007276555712796931
0.000930404409713665
0.00106583021289931
0.001107780410034792
0.001048313770030614
0.0008997675110409104
0.0006921575794389422
0.0004669406225657663
0.0002680504469386571
0.0001323490258622812
8.172791802151773e-05
0.0001186635759103839
0.0002263001354473994
0.0003730010200184696
0.0005203155903946283
0.0006323183506750751
0.00068406137700586
0.0006670425210143627
0.0005903800433269677
0.0004774375875545976
0.0003588691817156837
0.000264111242272378
0.0002134198974469918
0.0002127879683909122
0.0002529695186076033
0.000312898912120138
0.0003663658959780532
0.0003900873904497945
0.0003707885140746624
0.0003091445823349869
0.0002195873998766187
0.0001258036621991411
5.344265641709606e-05
2.210563918655714e-05
3.910692856256572e-05
9.699859687243706e-05
0.0001756488385756278
0.0002483958523371994
0.000290480009219809
0.0002870732295483494
0.0002384903806340168
0.0001606355372420766
8.040188420207461e-05
2.729395015897991e-05
2.361482769953496e-05
7.65015237104503e-05
0.0001743881668540028
0.0002894725791415936
0.0003857614458619607
0.0004306703297740342
0.0004066254474575524
0.0003190330427843611
0.0001976386246380676
9.033256309028776e-05
5.040029126474109e-05
0.0001206894264441495
0.0003191116588268583
0.0006300430313443069
0.001004524443803136
0.001370317886132321
0.00164909502320286
0.001776905261512034
0.001721906136957293
0.001494374710115884
0.001145716656840185
0.0007562548723943935
0.0004149298780432076
0.0001962415417948433
0.0001408808214090893
0.0002455381938917615
0.0004649548486075197
0.0007256097303450285
0.0009472094397907752
0.001065802030062878
0.001051772807274718
0.0009173509715827793
0.0007116219533847414
0.0005044555104526937
0.0003644089267574425
0.0003372356883000301
0.000431673618360498
0.0006169240170481238
0.0008323934749894784
0.001007037007261364
0.001081763939175993
0.001028101996150327
0.0008571185653754489
0.0006155473760447579
0.0003704665277681827
0.0001873534318766377
0.0001086865182842931
0.0001402549755526243
0.0002498417472815941
0.0003792146915569447
0.0004655664275035379
0.0004655732538032165
0.000373713312553235
0.0002282717649031216
0.0001019108798725127
7.899099204337562e-05
0.0002261992487708497
0.0005657584506923527
0.001060637331187707
0.001617538626233716
0.002108615068126801
0.002406481868860918
0.002422952198722886
0.002139441089282978
0.00161926290642021
0.0009963631995367464
0.0004425767228206491
0.000121317588769461
0.0001408482844702624
0.0005210852679269117
0.001184097639861176
0.001972657081924979
0.002692201872088586
0.00316519829366822
0.003282668038927987
0.003037019846329113
0.002526783883246207
0.001930377484601754
0.00145600960184133
0.00128162274157005
0.001502134246895406
0.002099593337025874
0.002945141496548038
0.003832965517083926
0.004536467029605792
0.004870558685276215
0.004741813731105005
0.004172085959896319
0.00328840694782528
0.002283001433079416
0.001355805067189994
0.0006574446122424306
0.0002508922848664878
0.000103631625971629
0.000112981953194581
0.0001559839403657106
0.0001470485271325927
8.304849816788659e-05
5.857624095817107e-05
0.000243271491134682
0.0008252053593871062
0.001936245307980656
0.003583471066718002
0.005610681522999421
0.007708162154363523
0.00947417535250859
0.01051766508758126
0.01057469157108645
0.0096061879781931
0.00784415102525359
0.005766263870277518
0.003996365512711931
0.003150039735838511
0.003662935642053031
0.005647954743335318
0.008824216894665811
0.01254734851806844
0.01594244439769994
0.01811583807529232
0.01839622911953746
0.01654328252269886
0.01286375480442986
0.008194505503205461
0.003741538518968592
0.0008040919119451582
0.0004402453494446994
0.003160092365983034
0.008726264986711519
0.0161278738051324
0.02375502869554757
0.02975625374793783
0.03251231021387464
0.03112660265990699
0.02581588965201262
0.01810147216942528
0.01072622017576523
0.007291080539447246
0.01165261723245218
0.0271855628377662
0.05604777812831514
0.098594704957445
0.153071580189245
0.215655015538577
0.2808762278707401
0.3423256805873547
0.3935921905110784
0.4292026514969504
0.4454474853633368
0.4409284738635787
0.4167395656564879
0.3762569969366781
0.3245704908301946
0.2676762725743815
0.2115791188283066
0.161418948500834
0.1208294697471229
0.09157402799683885
0.07351783164731315
0.06491209133964168
0.06291709786585126
0.06424680991016343
0.06581430740879633
0.06525970704884615
0.06128232173944073
0.05373236645019228
0.04347405166587767
0.03206927634760481
0.02136224500031482
0.01305224003558307
0.008340187728061008
0.007709324246246681
0.01086866274978194
0.01685624561249018
0.02426337465752009
0.03153300780510011
0.03725844047814166
0.04043212261199301
0.04059867998593363
0.03789091849260842
0.03295439310867871
0.02678324027154284
0.02050563414567289
0.01516636234136762
0.01154112416531006
0.01002085975223938
0.01057551738734553
0.01279846712658047
0.01601519807654446
0.01943007621113465
0.02228109604196236
0.02397355408124795
0.02417143126030906
0.02283322667327779
0.02019279406687233
0.01669312435781457
0.0128896043752046
0.009343950571318947
0.006526714902584168
0.004745778610520871
0.00410947110224307
0.004527554892421474
0.005745842718356781
0.007404427013264686
0.009108464856506494
0.01049664567356426
0.01129757147120103
0.01136514188658714
0.01068986862700324
0.009386793489976883
0.007664360627973796
0.005781543334969884
0.004001741086144018
0.002549891249217861
0.001580900741933855
0.001162058847369952
0.001270878371454029
0.001807159594219653
0.002615803408818572
0.003515759911122929
0.004330082978200024
0.004912431428497318
0.005166357114292188
0.005055443111562945
0.004603355777143313
0.003885143875691248
0.003011541634266783
0.00210957357253873
0.001302233670143427
0.0006904921046371498
0.0003398560933920619
0.0002731886173748446
0.0004701223769789732
0.0008728942800967849
0.001397151833236259
0.001945981573608516
0.002424877006310071
0.002755580383629115
0.00288681002482765
0.002800455209278815
0.00251273526464886
0.002070251872516748
0.00154159115281636
0.001006192899073539
0.000541821876222788
0.0002128233471826787
6.067546436562456e-05
9.832505016599082e-05
0.0003089861172257277
0.0006495325087928482
0.001057905290656993
0.001463196976338153
0.001797132996806627
0.00200472911402882
0.002052770282602957
0.00193467163578197
0.001670976775804491
0.001305548622461677
0.0008978889433758702
0.0005131774658334349
0.000211358372470674
3.737947084956802e-05
1.387380366145129e-05
0.0001378438452743971
0.0003816080990604386
0.0006979502944533328
0.001028498597256009
0.001313932865541646
0.001504153925935781
0.001566775041725645
0.001492329365066199
0.001295423091468128
0.001011618142657982
0.0006906928650637157
0.0003874909105030192
0.000152088816504385
2.10094104303527e-05
1.110364324990901e-05
0.0001171180385437555
0.0003133594312262029
0.0005589566563291407
0.000805871895398406
0.00100782703870941
0.001128674742973501
0.001148570363713241
0.001066904689344868
0.0009015138407324782
0.0006845256333597822
0.0004557255049723203
0.0002549064362647538
0.0001145043280213335
5.421615156649704e-05
7.830284617005317e-05
0.0001760102599858709
0.0003248076771241321
0.000495599728708383
0.0006587317110664167
0.0007894944272807396
0.0008720790034061267
0.0009013248507526313
0.0008820706364296502
0.0008266388084808565
0.0007509973441045375
0.0006708582799315318
0.000598379288590742
0.0005403555805451116
0.0004980061540984824
0.0004682340333610211
0.0004459733776833921
0.0004265952420198948
0.0004079302597565746
0.0003912087481120917
0.0003807334995564622
0.0003824074290283906
0.0004016299545968638
0.000441107964789156
0.0004993231236729777
0.0005700148854430199
0.0006429393809416086
0.0007056954819808817
0.0007461891024185209
0.0007551134694073346
0.000727895343340314
0.0006655951385842452
0.0005746235193344833
0.0004653895971787384
0.0003502866123980153
0.0002414741294172365
0.0001490229564376337
7.969209604261136e-05
3.662698630608191e-05
1.970272146443072e-05
2.636939857783739e-05
5.256463816090561e-05
9.342402719473012e-05
0.0001436432792006058
0.000197525459766481
0.0002489269101309265
0.0002913689427632141
0.0003185701719593201
0.0003254295803768165
0.0003093171449825009
0.0002713752176818837
0.0002172570507057906
0.000157005514600934
0.0001037479097382973
7.130903809314916e-05
7.121391888540545e-05
0.0001096603460202038
0.0001853578832872935
0.0002888563241027735
0.0004037230605379607
0.0005095218305055941
0.0005859667722843233
0.0006173668784714367
0.0005962818621487191
0.0005254060122410341
0.0004172201614683422
0.0002913053375699453
0.0001700369114882099
7.360783933748309e-05
1.563554591266866e-05
4.187952040006753e-07
2.252847013357158e-05
6.876678039088481e-05
0.0001219435196928167
0.0001654376543158791
0.000187320637831108
0.000182999771930792
0.0001557067552347335
0.0001148549122752879
7.278485385071076e-05
4.095611859188691e-05
2.665211909291386e-05
3.116752081156242e-05
4.992146222943597e-05
7.437683311043323e-05
9.510049221152754e-05
0.0001049906180545412
0.0001016088706641477
8.79454830263584e-05
7.134290391916671e-05
6.097392013918155e-05
6.464067183914537e-05
8.595228737465389e-05
0.0001227746071867059
0.0001674763347927648
0.0002089282482130064
0.0002357142883953463
0.0002395131627634972
0.0002177091658356558
0.0001743259130544705
0.0001190415608301861
6.453564941615542e-05
2.290665121680512e-05
2.305718211165727e-06
4.723971955372994e-06
2.5618899514946e-05
5.550639428641131e-05
8.300873587849216e-05
9.842953148644896e-05
9.678371572474897e-05
7.934175883369126e-05
5.320806644640024e-05
2.910832876754932e-05
1.799527438323435e-05
2.753807860215094e-05
5.956587323797917e-05
0.0001092292013847377
0.0001661429349640272
0.0002171833624457628
0.0002500956155028641
0.0002568555522142756
0.000235844565763551
0.000192116980451247
0.0001358843924500384
7.955295586478408e-05
3.432427139417023e-05
7.325491304618223e-06
1.048378882300644e-07
8.841720010546026e-06
2.614348732648411e-05
4.377720229627717e-05
5.543420003137579e-05
5.86633359998437e-05
5.538229924766861e-05
5.087629928481253e-05
5.163510069023884e-05
6.280473715678451e-05
8.608994879336658e-05
0.000118822404244733
0.0001544771068769605
0.0001845109701381659
0.0002009316871103049
0.0001987535796945523
0.0001776066540522028
0.0001419243706480109
9.969804436950387e-05
6.016079679176818e-05
3.112167207606847e-05
1.680055518380674e-05
1.67865655151017e-05
2.649056804347968e-05
3.887393355154882e-05
4.692551067690069e-05
4.609760875134243e-05
3.588188501857628e-05
2.007067557161374e-05
5.58813106051638e-06
2.400912330909327e-07
1.010364732719591e-05
3.735381277277095e-05
7.924073695939254e-05
0.0001285012568957842
0.0001751737385811963
0.0002092176086531151
0.0002232537973566041
0.0002145088131118258
0.0001855322459552495
0.0001433663800796509
9.754879482338797e-05
5.746134547603885e-05
2.989419120127511e-05
1.74168813001119e-05
1.813297671511347e-05
2.671630463443219e-05
3.640875499262715e-05
4.133650434682407e-05
3.840246205971929e-05
2.817646612714822e-05
1.456869222186916e-05
3.387708335999063e-06
2.886139123806769e-07
8.772244576105838e-06
2.888120887457767e-05
5.699131874427755e-05
8.681812281156414e-05
0.0001112599807892126
0.0001245892539697085
0.000124247532406878
0.0001117490190194286
9.228239944862286e-05
7.328938952600601e-05
6.224961300469757e-05
6.444131950036322e-05
8.12842379642612e-05
0.0001097726553749043
0.000143199083849883
0.0001729568248849419
0.0001908797060809327
0.0001915305424336238
0.0001737072883386363
0.0001407982950747717
9.988749945107193e-05
5.980701096300136e-05
2.881504953638915e-05
1.240020675196099e-05
1.196172585011315e-05
2.461346258582671e-05
4.419992767416424e-05
6.318212270538893e-05
7.486404818795319e-05
7.529243515648766e-05
6.433267286272513e-05
4.560090092529763e-05
2.530032796363228e-05
1.033986792873901e-05
6.228925610478698e-06
1.539780074229619e-05
3.640740987610835e-05
6.427905385962299e-05
9.182297876778193e-05
0.0001116631898572596
0.0001182848411192449
0.0001096582657471247
8.789355402724252e-05
5.877048353849617e-05
3.028541837272753e-05
1.056742525814873e-05
5.711917430658401e-06
1.815577210842781e-05
4.596937316126208e-05
8.325786287663358e-05
0.0001216266638762759
0.0001522357679355348
0.0001680068538816878
0.0001653323313687051
0.0001449935169972794
0.000111876628058976
7.376703801015169e-05
3.94009599499911e-05
1.635236379791416e-05
9.224952978195307e-06
1.862887225562915e-05
4.116948004036304e-05
7.037607017845545e-05
9.839527896302118e-05
0.0001179474849978644
0.0001240793385670785
0.000115297756035438
9.382943637088031e-05
6.493620299462196e-05
3.556040314552669e-05
1.25310349945478e-05
9.413456972741277e-07
2.929715285369197e-06
1.7260758829236e-05
3.973113081342719e-05
6.429556687695442e-05
8.458532993569823e-05
9.552082380957615e-05
9.44966348228586e-05
8.198681596630385e-05
6.137619460974107e-05
3.806532792882865e-05
1.813264238576587e-05
6.841824476651229e-06
7.34751350001945e-06
1.995246189064242e-05
4.203677628738395e-05
6.867030608615479e-05
9.380362501550374e-05
0.0001116698582076786
0.0001181559383706601
0.0001117520584504293
9.394618129097904e-05
6.887182380657302e-05
4.241411442420394e-05
2.087812313082404e-05
9.595035505106766e-06
1.170970606043459e-05
2.748298091295232e-05
5.42025164801343e-05
8.674607702897128e-05
0.0001186524135433721
0.0001435218793962925
0.000156352566476172
0.0001545970905003379
0.0001387001328260986
0.000112068330489279
8.033093424504509e-05
5.020432466400852e-05
2.814280775624291e-05
1.902124309235266e-05
2.516396345303141e-05
4.58721862180616e-05
7.757882015194157e-05
0.0001145406887881077
0.0001499990567345776
0.0001774695013612245
0.0001920492890473374
0.0001913071807887071
0.0001757971341716334
0.0001488969583424327
0.0001161637148885983
8.425634037030779e-05
5.968102766864646e-05
4.754675484267186e-05
5.063619692830049e-05
6.888606528592677e-05
9.94404232135121e-05
0.0001371919948958721
0.0001757587874405179
0.0002086562884923317
0.0002305249304635009
0.0002380684108060763
0.000230642473286738
0.0002103593697772135
0.0001816520529078771
0.0001504592353705594
0.0001231347756141247
0.0001053018032002534
0.0001008415047658204
0.000111234827226379
0.0001353191668294389
0.000169540392051361
0.0002085980029157946
0.0002464249052505235
0.0002772681541787657
0.0002966691880357137
0.0003022145548267595
0.0002939744863167658
0.0002743745287963128
0.0002477669018986819
0.000219602976507834
0.0001955017099988322
0.0001802409798745241
0.0001769813522104623
0.000186752949792258
0.0002083351827749544
0.0002385473478240095
0.0002728154961885315
0.0003059949071794956
0.0003332689213253473
0.0003509051848927599
0.0003568317209959194
0.0003509248268445188
0.0003348935201792909
0.0003119298831852445
0.0002860699602860622
0.0002615175340954953
0.0002419159855209486
0.0002298158797506966
0.0002263398530108671
0.0002311105781368342
0.0002424197676463158
0.000257642691526122
0.0002737222124484229
0.0002877098569925913
0.000297181282902672
0.0003005962613490979
0.0002974144178917819
0.0002880479882673718
0.0002736819386352299
0.0002559553187568426
0.0002367225786142121
0.0002176854176762835
0.0002001964181752682
0.0001851723673963615
0.0001730311918851998
0.0001638167656039576
0.0001572268376007696
0.0001528491409878242
0.0001502345614108287
0.0001489882061672274
0.0001488674318872285
0.0001497762206772615
0.0001517229794577632
0.0001548554466734238
0.0001593532574645692
0.0001654010903502651
0.0001731417340832909
0.0001826650090296342
0.0001938953445646409
0.0002066544339637191
0.0002205948846256051
0.0002352671073221791
0.0002501229442151221
0.0002646372713020979
0.0002783940100447839
0.0002911783051136845
0.0003030895900740225
0.0003145644788765464
0.000326356783032106
0.0003394203505095957
0.0003547367465983554
0.0003731011524300015
0.0003948511762998618
0.0004197681398817929
0.0004468866479915922
0.0004745913269359086
0.0005007655503339741
0.0005230696977053764
0.0005392772682063241
0.0005476728251113941
0.0005472985504112953
0.0005381796095393733
0.0005213363631606183
0.0004986594615570283
0.0004726515363974354
0.0004460351110113147
0.0004213984268741765
0.0004007915959145599
0.0003854608151878813
0.0003756863276965471
0.0003707491932020867
0.0003690637082732595
0.0003684068277161336
0.0003662289081890178
0.0003600933713680337
0.0003480152208083005
0.0003288233170288707
0.0003024178269758468
0.0002698559365734656
0.0002333023268496803
0.0001957522140218051
0.0001605992346991966
0.0001310966499787197
0.0001098571611703647
9.836191947342253e-05
9.681062239611329e-05
0.0001041035882588349
0.0001182190935286333
0.0001366618626465363
0.0001571546989235491
0.0001780556333985186
0.0001986689292329017
0.0002191696897814569
0.0002401957143783738
0.0002623107103879408
0.0002854237807754468
0.0003085013109179869
0.0003296234260828175
0.0003467249958330891
0.0003584857203108228
0.0003656133288742003
0.0003716798654878643
0.0003834115406922878
0.0004100618116294411
0.0004617486062437398
0.0005471525927464056
0.0006709159812327329
0.000831498034562732
0.001020055224727017
0.001221041777087561
0.001414172456836225
0.001578141218665468
0.001694594000941366
0.001751872601890604
0.001747735049187826
0.001689604140337003
0.001593068776073756
0.001478289990375196
0.00136525065785618
0.001269483130143005
0.001198700075298365
0.001151662874717877
0.001119356528735083
0.001088113267558513
0.001043801737183841
0.0009760037566353358
0.0008807408827140496
0.0007614482641374996
0.0006279370816481307
0.000493429566185186
0.0003713150969292555
0.0002720087692636898
0.0002013101218713812
0.0001602554911258947
0.0001464120842922325
0.0001559139074826774
0.0001851506359288955
0.0002314188490619239
0.0002923437892238396
0.0003641842708288251
0.0004401282788908582
0.0005094846160545886
0.0005590352410250373
0.0005764826576356983
0.0005554433291023492
0.000500782638228685
0.0004320121251079121
0.0003830721977548598
0.0003975102951471308
0.0005192832328644347
0.0007810122847800466
0.00119254577514072
0.001733422087321384
0.002351441305531409
0.002969870723109856
0.003500841629907505
0.00386413468784054
0.004005188757272048
0.003908854316057592
0.003604146891124308
0.003158758332128654
0.002664221866497831
0.002214821365914819
0.00188554585916191
0.001715743701710098
0.001701275477778223
0.001798501549636407
0.00193798905576185
0.002044564583102052
0.002057767095679595
0.001947092488663012
0.00171818166042552
0.001408507934212214
0.001074566800299216
0.0007749129198078177
0.000554505241863351
0.0004349237728643338
0.0004133846790983918
0.0004696344011162119
0.0005776696942690235
0.0007174107571656808
0.0008814997358839964
0.001074467441928479
0.001304552052048965
0.001571770246875543
0.001857818942487708
0.002123114841518538
0.002315547890311585
0.002388901065641508
0.00232795880081346
0.002170084596457151
0.002015255244285197
0.002016151292406325
0.002346964405282599
0.003155525738146858
0.00450952138856495
0.006355420210495523
0.008501453075133664
0.01064156811537597
0.0124155894766086
0.01350072510879672
0.01371166399078376
0.01308126951779182
0.01189719017453699
0.01067534026581902
0.01006482213586437
0.01070021797869121
0.01303040403486404
0.01716587869633199
0.02278651697466496
0.02914810389635003
0.03518918521111265
0.03974315502317756
0.04179801495630846
0.04076554638286831
0.03668123717167548
0.03028450456474946
0.02295039110671181
0.01645753116537109
0.01264726847062593
0.01302145158352155
0.01837772449648214
0.02855901015909335
0.04239244637698818
0.05782684996848556
0.07229050416830701
0.08315889554166486
0.08829629576271887
0.0865079035891379
0.07784702085570738
0.06367179965386578
0.04645640593126812
0.0293531355153117
0.01562399679458585
0.00800718654045415
0.008186944651918578
0.01644110837241203
0.03155829055048782
0.05103558172846352
0.07153731239857312
0.08949035152855514
0.1017575925667473
0.1061965025034156
0.1020514791589891
0.09007305188884794
0.07235345909566182
0.05193384852992408
0.03222225235054597
0.01638941282579082
0.00680734331948903
0.004658740432040741
0.009785582461636532
0.02077869047323213
0.03528723510624244
0.05049022385594077
0.06360768487032203
0.07239379767681491
0.07548155950349179
0.07256537534574221
0.06437040517517768
0.05245035660598154
0.03884764580649964
0.02570901663846304
0.01490303889942879
0.007736902686997479
0.00478505473229212
0.00587397156099911
0.01018965652299138
0.01649022667242359
0.02336136322133063
0.02947670077260349
0.03380334679565061
0.03573770591467566
0.03514231990113557
0.03230411140942022
0.02782400794713678
0.0224707906458123
0.01703365653123385
0.01219386976838227
0.008435438116392262
0.006011002894577333
0.004944937002189163
0.005077669384245405
0.006125837436454051
0.007748341300313977
0.009604195095569675
0.0113929722915273
0.01287819773986331
0.01389531096350711
0.01434681402312782
0.01419554232421109
0.01345690518647162
0.0121939894935642
0.0105157055107974
0.008573571663248469
0.006555899825906995
0.004674418119718917
0.003141831345514806
0.002145166332559937
0.001813974785132294
0.00219400997380054
0.003229953084657569
0.004763409043872249
0.0065506597172516
0.008294547611563613
0.009693421932603093
0.01049045052258677
0.01052192464167953
0.009749657938220569
0.008273347431429736
0.006317447231446614
0.004195696069812255
0.002257829044357035
0.0008280063576476821
0.0001457867590563867
0.0003229311328757191
0.001321111911853986
0.002958348704770251
0.004940495886582743
0.006915013677200703
0.008533323359314161
0.009514852657029055
0.009695354877062429
0.009055300096249755
0.007719981045885709
0.005933725266585202
0.004011450839522012
0.002280843402026072
0.00102179292417543
0.0004200908913489136
0.0005390273424820716
0.001316977243541854
0.00258839633359719
0.004122458170768822
0.005671976597466273
0.007018036806147459
0.008005098855731233
0.008558245574312968
0.008677865032479909
0.008421844543713265
0.00787651922672146
0.007128758934625156
0.006248259482011202
0.005285134574711578
0.004283764013257633
0.003308894285075139
0.00247161213922995
0.00194659971862122
0.001965496820765065
0.002782796194987344
0.004614189999145161
0.007557423549096401
0.01151737633590646
0.01615377889517808
0.02087917826034405
0.02492252844419002
0.02745626811161801
0.02777891387261541
0.02551649023690672
0.0207996079763488
0.01436873709228013
0.007557350151195096
0.002139020139620429
2.865697312674774e-05
0.002890379562728785
0.01170754464935975
0.02642391107196392
0.04573036743363532
0.06711292176890338
0.08715180925065971
0.1021229556915872
0.1087494922255307
0.1050320186895591
0.09093083860630416
0.06876121812872225
0.0431047789058842
0.02024405930746691
0.007068505873114101
0.009683466902196727
0.03191963337215008
0.0740866436234401
0.1323114966024571
0.1986459925710166
0.2621338342396659
0.310746280940192
0.3338208141313929
0.3247022824973186
0.2828780497441011
0.2151380937475592
0.1353305815824274
0.06243950007805309
0.01727880104240611
0.01812230821800179
0.07619665994953281
0.1919311331224703
0.3530294421876704
0.5348831898337457
0.704109421168624
0.8244124924976792
0.8646171054078293
0.8069999641863312
0.6546721248355271
0.4361628971077889
0.2058669626532804
0.0394387534415662
0.024625044788833
0.2479956642418672
0.7797974631538109
1.659565913801236
2.88412086224997
4.402426584760378
6.115769873949994
7.886836628602839
9.555734096762206
10.95890986164981
11.95237091323176
12.43066198996558
