# RCS in m**2 for a L=5 cm PVC cube at 22.5 degree aspect angle
# frequency = 88.25 GHz, 
# theta = linspace(0, 6.2832, 1441)
# phi = linspace(0, 0, 1  1)
14.62392693764872
14.53243066374939
13.81013104118532
12.53494089720298
10.84030706782133
8.896135035232327
6.885083365141751
4.978175769985556
3.31362706631711
1.982279957478986
1.021317089546952
0.4168866741911119
0.1142639173488684
0.03320180824591945
0.08512477546572418
0.1889828261225842
0.2830418392672152
0.3310104448723476
0.3221447803697345
0.2662909512286383
0.1856655458746665
0.1056941805225152
0.04707297685830664
0.02068613823607071
0.02610894483523605
0.05348930128578607
0.08781963989198391
0.1141119767658069
0.1219747176960757
0.1083816770370545
0.07804993379651029
0.0415369132779684
0.01175458128030832
4.050480633576922e-07
0.0126275908821256
0.04924626619196002
0.1028593464573524
0.1618026857328125
0.2128658463521995
0.2447086656535676
0.2506406695493371
0.2300742814940038
0.1883425969091077
0.1350407779755747
0.08140282213672848
0.03748618135841425
0.00988117996000178
0.0005172064972058041
0.006767420812704617
0.02270631578434473
0.04107947530868358
0.05538561968189646
0.0614995515087759
0.05844365832276245
0.04818910101491432
0.03464609191456138
0.02222332921445132
0.01441414457706237
0.01282120128235406
0.01686448049003168
0.02418752302200283
0.03157595709456473
0.03605824602534938
0.03583716049819768
0.03077288842692406
0.02231048267111709
0.01290792583554522
0.005186187186006156
0.001084481780236518
0.001287602570578076
0.005090206236220974
0.01071471527939139
0.01595487772240792
0.01892521912639071
0.01866566522799091
0.0154201888385414
0.01050792692337489
0.005846178243107893
0.003290275168886473
0.004007389254598087
0.008084038463540314
0.01448746555665684
0.02138589616436613
0.02672194436827028
0.02885308245327413
0.02706197930510183
0.02178008230919013
0.01446247862697357
0.007157061817957242
0.00190666013714765
0.000162548493315582
0.0023856776056672
0.007944617019703481
0.0153293674459576
0.02260699695424304
0.02797439299314834
0.03024404964064909
0.02912668019500163
0.0252394772658801
0.01985812383291547
0.01449788513238874
0.01046244161014311
0.00849129203420205
0.008606139582100087
0.0101824199715958
0.01220820337871612
0.01363781089768435
0.01372268875361542
0.01222169396679951
0.009434769045977363
0.00606302500407959
0.002953784368822853
0.0008182833341659733
1.565681373418004e-05
0.0004666325336865146
0.001717128306845787
0.003121920663994631
0.004080428483014396
0.004245695495149063
0.003636717687433088
0.002621587665563637
0.001779994223380019
0.001693716611159849
0.002735041377211879
0.004922804422605985
0.007892041387149435
0.01098731574048323
0.01344975433399623
0.0146401236503393
0.01422882268425478
0.01229561225957245
0.00931063371141376
0.006002068277520654
0.003154272615284261
0.001392729330779739
0.001020805788913571
0.001953116405995382
0.003760271274918024
0.005808753044313024
0.007450784049431829
0.008209620009353541
0.007905451358630694
0.006690680760328424
0.004988007351720909
0.003354872302996837
0.002316010153714053
0.002213566950771896
0.003116836139272958
0.004813415939774794
0.006879114929552266
0.008803399718953369
0.0101308426876017
0.01057888237779834
0.01009959905290744
0.008873034316287099
0.007240434045021991
0.005596869090667537
0.004281322011828683
0.003491349513083091
0.003246432770409453
0.003405008753487153
0.003725715225271526
0.003951298699174237
0.003888579344742441
0.003461290523714836
0.002723149048773052
0.001829772264254933
0.0009822607381447794
0.0003609967311653462
7.080027246204036e-05
0.0001138150070895272
0.000396325959004381
0.0007658463011751892
0.001065261515709692
0.001186538235690256
0.001107321817955526
0.0008990716012505254
0.000705148550163928
0.0006954558796435134
0.001011590901398067
0.001718655117480244
0.002778593697448071
0.004052191603241975
0.00533026408450684
0.006384896545800472
0.007027851001992888
0.007158880878364739
0.00679310731384603
0.006058412113226348
0.00516522842830774
0.004355760982940906
0.003845638017916712
0.00377347311526648
0.004169292947612137
0.004949552832976804
0.005939638454258929
0.006915936563347456
0.007658319356723729
0.007999522312545656
0.007859765224036768
0.007260389011617662
0.006313484895750006
0.005192408665148957
0.004090736281366774
0.003179248532374303
0.002572264160157526
0.00230853843563001
0.002350461212986551
0.002600449054124543
0.002928543808262867
0.003204179735752022
0.003325108497403828
0.003236109589145891
0.00293627184177915
0.002471897184727351
0.0019211733435311
0.001372632926990026
0.0009043386135379756
0.000568238117881721
0.0003820717663888092
0.0003305084117828414
0.0003734375998889781
0.0004588525421519571
0.0005367453580495769
0.0005703399816150908
0.0005427813390294903
0.0004578108831356516
0.0003355501155666807
0.0002046757117053923
9.360469600361122e-05
2.294162001252057e-05
9.122535197000096e-07
2.256684339197171e-05
7.254195905590543e-05
0.0001302741937378449
0.0001760396895302409
0.0001962328284075797
0.0001865675840106064
0.0001525333625392407
0.0001072078213135001
6.729015909277261e-05
4.832515452639956e-05
6.04873994765927e-05
0.0001059561328873525
0.0001783963992884159
0.0002646385427327909
0.0003479278256597146
0.0004121574579821682
0.0004454602147798984
0.0004431207655370114
0.0004084828267721125
0.000352018171801394
0.0002888275493583976
0.0002352078584927433
0.0002049158868704401
0.0002063084996506751
0.0002405959818200177
0.0003017911969714326
0.0003781640939874985
0.0004548573044926699
0.0005170859079511283
0.0005532213880940012
0.0005569805838300542
0.000528635399158311
0.0004746587980123262
0.000406228774871227
0.0003368739358409433
0.0002797248804615362
0.0002449860848934865
0.0002381432375587315
0.0002590742764014851
0.0003023596542456767
0.0003585698306431161
0.000416144604990065
0.0004636720848533071
0.0004919611408157092
0.0004956368196738564
0.0004738525762226852
0.0004303366912139459
0.0003724428278446512
0.0003097794730898579
0.0002524284477605796
0.0002092195836807048
0.0001862946302309434
0.00018621064094165
0.000207609167451182
0.0002456077005046228
0.0002926752539136307
0.0003399089600623965
0.0003784764823639506
0.0004010895348710161
0.0004030033546048356
0.000382911286510043
0.0003431194660872453
0.0002892337559568938
0.0002293504613109257
0.000172777977273961
0.0001286855191330182
0.0001044798251565329
0.000104582440320934
0.0001295142753363522
0.0001755541817462244
0.0002351560394273712
0.0002979230758925486
0.0003524148138402785
0.0003878352299089535
0.0003963156990524466
0.0003744464910435825
0.0003243048728559929
0.0002535354386974079
0.000174334834256942
0.0001015371574049293
4.996062605090122e-05
3.152971883284201e-05
5.269818450012373e-05
0.0001127189192515763
0.0002031913795366633
0.0003091135351037906
0.0004113513983533853
0.0004901744318681191
0.0005291944975068531
0.0005190066173804312
0.0004595529298462687
0.0003608975506803792
0.0002419083535371952
0.0001269639967386889
4.1311620597733e-05
5.918037000555703e-06
3.285315417003632e-05
0.0001222266957157627
0.0002614413704780501
0.0004270800369283161
0.0005891683731432866
0.0007170078255367456
0.0007854549061229492
0.0007803651575059367
0.0007018344163832485
0.0005647049926021249
0.0003957429609120874
0.000228520726968434
9.655248500756053e-05
2.642029723576727e-05
3.235005886118662e-05
0.0001133209170326431
0.0002534955980203863
0.000425782133715371
0.000597725039753362
0.0007383584861572397
0.0008245429677652199
0.0008449990887974762
0.0008021590308179225
0.0007099475912328192
0.0005898441070901217
0.000465237425438893
0.0003560646640915094
0.0002749192623272383
0.0002256015216555575
0.0002042824040856053
0.0002026903527456276
0.0002122674668910198
0.0002278213682017818
0.0002494975263571931
0.0002823975245098315
0.0003339252454881037
0.00040968063257213
0.0005093651077825684
0.0006241240356054323
0.0007364834831024261
0.0008234115860001682
0.0008617134881231092
0.000834741326602584
0.0007382257273965094
0.0005834414481567306
0.0003965358133915648
0.0002136811616817977
7.294588900654405e-05
4.957632537127038e-06
2.474750565377996e-05
0.0001271369810972456
0.0002871330335070088
0.0004655501962596213
0.0006185688778963899
0.0007087128392104752
0.0007143798539924932
0.0006353121447961733
0.0004921979011255318
0.0003207515659647926
0.0001616107962317478
4.905590668450141e-05
1.859070383952385e-06
1.878635741729009e-05
8.028442040867465e-05
0.0001557591859687676
0.0002142552206128476
0.0002351733465646401
0.000215725297751165
0.0001723899957951475
0.0001359468367794601
0.0001411785116312364
0.0002144794350421073
0.0003632399051048539
0.000570610332691058
0.0007977156958731647
0.0009931551245637618
0.001107316084692738
0.00110739378500476
0.0009884453859059584
0.0007768302300045537
0.0005247493167392952
0.0002966821836871734
0.0001517966698813254
0.0001272066598172591
0.0002272958239823843
0.0004224219189743829
0.0006577390734609423
0.0008696475126023963
0.001005044494202239
0.001037499987017229
0.0009752623750270055
0.0008583815447074527
0.0007456679569112163
0.0006952990508956311
0.0007450749634608934
0.0008986828086352465
0.001122482213250377
0.00135435104084061
0.00152196607633747
0.00156539934973482
0.001456627782463052
0.001209960607874234
0.0008796398243928869
0.0005449042396221488
0.0002870327810322447
0.0001651185928987617
0.0001983318743221146
0.0003602560517211607
0.0005873465537460761
0.0007989171595196312
0.0009226033003538894
0.0009170086006814406
0.000784206289008577
0.0005681012183695659
0.0003387534042650222
0.000168038719472438
0.0001045277774603037
0.0001563389275414831
0.0002881459380448552
0.0004339075491478589
0.0005217721102372228
0.0005029734841186704
0.0003747784263467499
0.000188927265605512
4.13239330294074e-05
4.467740631878987e-05
0.0002917708639060292
0.0008207401013295625
0.00159394551043529
0.00249853562244645
0.003370887490303373
0.004038722944046458
0.004369625705913423
0.004311727558809396
0.003912880892428416
0.003312116334134467
0.002703619204679346
0.002283010309871986
0.00219091661266493
0.002470521193207642
0.003052220244542518
0.003771048551485792
0.004412149991503674
0.004771989481221846
0.004717114395896404
0.004223081782506157
0.00338159662034567
0.002373417603557481
0.001415354423014033
0.0006965692056876128
0.0003247265145465141
0.0002981433443594915
0.0005128266685062131
0.0008024001916030702
0.0009980701505006371
0.0009892942703656749
0.0007647576603819098
0.0004194258454324515
0.0001237485700233958
6.350987300370599e-05
0.0003695601940759707
0.00106066970642112
0.002020278162426282
0.003018202857188262
0.003774400245440591
0.004047445397275088
0.003721009735246549
0.002859806664287025
0.001712546711343426
0.0006559323711888547
9.011143757944154e-05
0.0003138232861247396
0.001416686823961084
0.003224635676273172
0.005322778593160197
0.007158954543920079
0.008206236419307606
0.008143581661640109
0.007002233703481846
0.00522845240428157
0.003632255234536444
0.003220295465475177
0.004943014636401254
0.009414708419660942
0.01667992897327171
0.02609649785048477
0.03638078924067142
0.04583255029868859
0.05269644923473887
0.05559523572863183
0.05393219926283871
0.04816217281738499
0.03985127622798959
0.03148811002866031
0.02606005826511343
0.0264730030064947
0.03492345596727522
0.05236011350530539
0.07815942626766584
0.1100972966059457
0.1446463763700813
0.1775552548901855
0.2046056678191674
0.2224049553931911
0.2290503968770823
0.2245310884597645
0.2107802509358472
0.1913537785056841
0.1707936826078066
0.1537909236067153
0.14431532201234
0.1448641875381393
0.1559898386266004
0.1761801476169649
0.2021242561345257
0.2292940439488193
0.2527589105267348
0.268042154638073
0.271890340485912
0.2628067067436448
0.2412685142692403
0.2095886606858782
0.1714782978143706
0.1313900005775259
0.09377113406511298
0.0623766587532804
0.03972260145315022
0.02680859070639039
0.02310507098160048
0.02679642128179535
0.03521609719023904
0.04537844267624667
0.05450639268558844
0.06046456515274549
0.06203064969589648
0.05897799705873186
0.0519746603184718
0.04233925200969511
0.03171420740279602
0.02172480277293294
0.01368712846420183
0.008411171588797936
0.006121469230700329
0.006495916113568673
0.008797822430821013
0.01206665944673582
0.01532298675970345
0.01774845419282016
0.01881149886973312
0.01832216189061067
0.01641688166805425
0.0134849795448192
0.01005905897104843
0.006695320624926265
0.003867042692739919
0.001888146623128574
0.0008792140594539858
0.000773643436971566
0.001357902933403337
0.002333149061938492
0.003383294857710234
0.004235911976110784
0.004705470011454695
0.00471362001239953
0.004286226625637466
0.003531313287783277
0.002604939905916906
0.001673760032649149
0.0008813357422760265
0.0003245263302284394
4.251594275903671e-05
1.863196474245669e-05
0.0001925766506472209
0.000478932318031887
0.0007875545019096767
0.001041393720544081
0.001188898163963901
0.001209441541721099
0.001111792338963164
0.0009272644764619452
0.0006994962964063681
0.0004737034895293397
0.0002873463539533843
0.0001640322132862125
0.0001110920914048144
0.0001209278092726595
0.0001750795806191835
0.0002498211027203295
0.0003218623031769042
0.0003730364295894707
0.0003931557402441132
0.0003807389170566362
0.0003418416945322299
0.0002875145175965039
0.0002305408073021961
0.0001824320658013928
0.0001510582582126411
0.0001394439512081523
0.0001457687420698683
0.0001643940341658921
0.0001875878670419586
0.000207467143081718
0.0002177293165310326
0.0002148643701109814
0.0001986263775986779
0.0001717823715528725
0.00013927716165229
0.0001070145373774681
8.06060471653843e-05
6.427883501175552e-05
6.015508877216026e-05
6.801614998459445e-05
8.551006398079608e-05
0.0001087258622797964
0.0001329937582472733
0.0001537303302988006
0.0001671723460044849
0.0001709179235967762
0.0001642052258527858
0.0001478806361111995
0.0001242200726565599
9.65164973880482e-05
6.860030783657322e-05
4.438571413356592e-05
2.736749148305376e-05
2.024555985423962e-05
2.460482241986641e-05
4.069617988987086e-05
6.73499525784031e-05
0.0001020073163823334
0.0001409368009032668
0.0001795793972519577
0.0002130980780312982
0.0002370082576396419
0.0002478730180414338
0.0002439266545834329
0.0002255263801298255
0.0001953157514389653
0.0001580266992302792
0.0001198804084025055
8.768240108615339e-05
6.769679274646758e-05
6.454058883649735e-05
8.025860708557555e-05
0.00011383105631878
0.0001612204896983496
0.0002159934602054776
0.0002704544012179144
0.0003170598975968527
0.000349869494123482
0.0003657009043831047
0.0003647353141548837
0.000350395851988326
0.0003285323703072613
0.0003059958117398354
0.0002889840044677034
0.0002814808646466202
0.000284174496595903
0.0002942052084025383
0.0003057750990922908
0.0003115986092274209
0.0003048547951193873
0.0002812499527856246
0.0002405844895307413
0.0001875125423968746
0.0001311286203636116
8.345156375021056e-05
5.702820808003064e-05
6.218262581598034e-05
0.0001045513956695456
0.0001834570527566694
0.0002916241805690213
0.0004163251704001906
0.0005417757705108587
0.0006522553873743922
0.0007352541420493151
0.0007838508354084066
0.0007978122737699461
0.0007830005022305538
0.0007493971425412837
0.0007081065696716181
0.0006682578968091662
0.0006346318384305236
0.0006067186759336545
0.0005796136485573418
0.0005465296059847236
0.0005023368046461693
0.0004471074482407559
0.0003885225630680515
0.0003422604655507127
0.0003298334903198768
0.0003741111185171188
0.0004933311316457642
0.000695060755863365
0.0009715524525102887
0.001298072079963178
0.001634923697860351
0.001933241311215502
0.002143675436477343
0.002226102782084589
0.00215856896052022
0.001943040108046586
0.001606634014935991
0.001197706666814647
0.0007774563574336798
0.0004085467581470657
0.000143237633833617
1.35036104569694e-05
2.538425571346097e-05
0.0001586505178987875
0.0003719671023022924
0.0006122299966667133
0.0008258837086333664
0.000969786009139863
0.001019004992055487
0.0009702038871517397
0.0008399003587350876
0.0006585424613240091
0.0004620795333871848
0.0002831553034813397
0.000144373075514193
5.48836300834587e-05
1.097074582066658e-05
1.11117037133242e-08
6.349110875717366e-06
1.719814949614062e-05
2.680246963231527e-05
3.769360355917498e-05
5.883290285900499e-05
0.0001013664856455452
0.0001734596057501247
0.0002759019785775854
0.0003999785165594688
0.000528347441069529
0.0006387459229347458
0.000709543764105538
0.0007254684484457478
0.0006819140168498022
0.0005864583744945443
0.000457181288916581
0.0003182073854461851
0.000193742412612246
0.0001022720163530282
5.254999463412321e-05
4.240812381137246e-05
6.064220666978662e-05
9.128846895257976e-05
0.0001188868396337653
0.0001331652164635833
0.0001317218255152162
0.0001199664850530285
0.0001084739964440385
0.0001086719118151505
0.0001283280767725824
0.000168305635845981
0.0002217013732176486
0.0002756275077298912
0.0003151572273293263
0.0003281390609025561
0.0003093615958525828
0.0002627150216605161
0.0002006045531316962
0.0001406623389463456
0.0001007675497257113
9.37887958750417e-05
0.0001236694939154014
0.0001840484040033853
0.0002598553112843054
0.0003314449122107898
0.0003800524605811246
0.0003929422506116308
0.0003668161151025344
0.0003084089430984395
0.0002322553653785371
0.0001562454284119842
9.647582825229426e-05
6.281928883539389e-05
5.660094814952852e-05
7.099098294044649e-05
9.386501997265412e-05
0.0001121858015448302
0.0001164501547966057
0.0001038251288986884
7.894717068874514e-05
5.224540306465632e-05
3.629126151125212e-05
4.143391673487944e-05
7.208298039569176e-05
0.0001248672578337756
0.000189258621200895
0.000250475147775437
0.0002937450218736188
0.0003086482641935732
0.0002921639518201752
0.0002495028488996112
0.0001924926096366853
0.0001360291690083894
9.372601154487013e-05
7.407073067152754e-05
7.829035551601826e-05
0.0001004778040829057
0.0001299240054770988
0.0001548493289434277
0.0001662994762328453
0.0001610101133114608
0.0001422893031355146
0.0001187252817886094
0.0001011366215940027
9.876007943131397e-05
0.0001159599807048359
0.0001504506467946551
0.0001937241057507061
0.0002334761406485481
0.0002573847966582401
0.0002569773527064253
0.0002304942838240526
0.0001837523546161442
0.0001287191632864545
8.029185731680231e-05
5.206735354159632e-05
5.246812841812767e-05
8.22876207112673e-05
0.0001344062548742053
0.0001957013415038358
0.0002506302030570436
0.0002853991064112663
0.0002915019487010997
0.0002677774236589911
0.0002202476194889022
0.0001600877954321488
0.0001002528643141171
5.184720347973009e-05
2.134198917234172e-05
9.32210852325006e-06
1.113443510987188e-05
1.906315864727112e-05
2.532299406297606e-05
2.488027180311019e-05
1.721573768708287e-05
6.493691361160329e-06
1.051061065921337e-07
6.063264279631217e-06
3.007540741437665e-05
7.320734490144277e-05
0.0001309200820831626
0.0001937386826871982
0.0002495198778113068
0.0002865420814262691
0.0002966883459991105
0.000277723315478235
0.0002340895545376124
0.0001758876927202376
0.0001164697441010882
6.911034853788985e-05
4.382638337263813e-05
4.501015610481225e-05
7.060729183170282e-05
0.00011291901022816
0.0001607540582415651
0.0002023524479890695
0.0002282700940823088
0.0002334180114254177
0.0002178950810346519
0.000186379551269967
0.0001464239514604381
0.0001062104263615887
7.234050046712522e-05
4.840203961335015e-05
3.453892074490803e-05
2.811441161497994e-05
2.51771571162549e-05
2.219721256942494e-05
1.754243853811988e-05
1.217905153961225e-05
9.443846520665818e-06
1.391582326336532e-05
2.973353262467401e-05
5.889150801079761e-05
0.000100075739890209
0.0001483290942062863
0.00019586371319703
0.0002336910711734129
0.0002538107573429748
0.000251309022756879
0.0002258907089922517
0.0001822671593392237
0.0001294895319456431
7.910132437768758e-05
4.264253779602295e-05
2.908272050901066e-05
4.276434383036218e-05
8.231666805262562e-05
0.0001408237494451904
0.0002072567728500954
0.0002687255617264377
0.0003132167011589528
0.0003320705524785554
0.0003217325756376473
0.0002844034322036276
0.0002274880432524468
0.0001619514805798585
0.0001000468910837876
5.28024690083903e-05
2.792770601172194e-05
2.842896340512036e-05
5.227045749251273e-05
9.302458232426353e-05
0.000141391993030479
0.000187138891885387
0.0002211519721818976
0.00023703361521148
0.0002321854257463745
0.0002079601277740919
0.0001691159391574317
0.0001226890656492096
7.648585796277968e-05
3.767088143587215e-05
1.152388455084004e-05
7.266846843857257e-07
5.172033015201902e-06
2.228871515244777e-05
4.77365296960019e-05
7.634692906462751e-05
0.0001030133592942294
0.0001235132991205675
0.0001350230205324023
0.0001363469403476022
0.0001278997931429847
0.0001114026049206663
8.954006462809449e-05
6.547733963834513e-05
4.245157876206352e-05
2.338953966135382e-05
1.06077329221331e-05
5.607493517323805e-06
8.932059434395089e-06
2.011012789755454e-05
3.768857090648353e-05
5.936007890025442e-05
8.21799570969646e-05
0.0001029422618702548
0.000118554666289239
0.0001265309587659371
0.0001253880705468506
0.0001149890933891059
9.667835306741772e-05
7.318461801845603e-05
4.826876352132971e-05
2.617797939934702e-05
1.093937522855626e-05
5.642954749117872e-06
1.182295787005219e-05
2.9081670613521e-05
5.504341884672406e-05
8.565562244242768e-05
0.0001158307859175527
0.0001403297405945041
0.0001546975379344981
0.000156139856679095
0.0001441194104006057
0.0001205285219635833
8.949399626358272e-05
5.665995258100174e-05
2.821434035245045e-05
9.75311964200221e-06
5.184846957942288e-06
1.595427251391114e-05
4.067352506902479e-05
7.527602581349517e-05
0.0001137163446724024
0.0001490255907917572
0.0001746464835736673
0.0001856609374182676
0.0001798004179809189
0.0001579584312232783
0.000124123246846588
8.46847980667326e-05
4.729595821715031e-05
1.94115536798677e-05
6.852691647344412e-06
1.262778433228875e-05
3.626343861192568e-05
7.381816864495278e-05
0.0001185290194058504
0.000162083329757331
0.0001961858100353128
0.0002141909906582316
0.0002124593446868642
0.0001911416227191858
0.0001542447412567016
0.0001089468395410377
6.424101291265163e-05
2.921596569437893e-05
1.125028070314446e-05
1.450447226883773e-05
3.903159981132931e-05
8.067832271594062e-05
0.000131818554614776
0.0001828065787267003
0.0002238426295271531
0.0002469391662350649
0.0002475026968906411
0.0002253183095111255
0.00018463634010307
0.0001333901457767858
8.16151827217191e-05
3.954488878890366e-05
1.552637420358006e-05
1.441765383560067e-05
3.660493863406804e-05
7.793661243372582e-05
0.0001305880286225881
0.0001845874150883223
0.0002297764514612757
0.0002577995729208096
0.0002636311886747549
0.0002465008051742454
0.0002098774893403355
0.0001606756528388527
0.0001078449341199999
6.057388570711145e-05
2.664837767006668e-05
1.104742508748174e-05
1.52689348548874e-05
3.729682643878146e-05
7.222186562653855e-05
0.0001133411104797142
0.0001534528976193609
0.0001860921700811178
0.0002065008817970642
0.0002122003465052418
0.0002031031792333458
0.0001813006749526912
0.0001505536158469065
0.000115677115009849
8.192038616986208e-05
5.433204908430354e-05
3.726429796034875e-05
3.38551906903997e-05
4.562671722110711e-05
7.215652221601679e-05
0.0001109201067548176
0.0001573941542718842
0.0002055306561958247
0.0002485473403686145
0.0002801592065805597
0.0002958067626515718
0.0002938894277508435
0.0002765132952669586
0.0002495466401892058
0.0002218459260830803
0.0002036393475152775
0.0002043529783828192
0.0002304181329509706
0.0002833586932218114
0.0003588639579368945
0.000447240945388556
0.000534916292100903
0.0006073108068288562
0.0006519248432940118
0.000661393441449661
0.0006354359100429358
0.0005813593720518271
0.0005127704442065745
0.0004467701672437894
0.0004002342370941093
0.0003859525368560519
0.0004096062016892809
0.0004683046613836966
0.0005510140325662838
0.000640899743767985
0.0007189284803269561
0.0007679958760979645
0.00077650660396616
0.0007408027587280672
0.0006655643631863442
0.0005626835380094352
0.0004484657869908663
0.0003401807617930733
0.0002528766005406595
0.0001966800040091373
0.0001756931616504574
0.0001881029930823339
0.0002273924024539495
0.0002841966838828213
0.0003482902615481642
0.0004101231175753516
0.000461899516073501
0.0004979992718476664
0.0005150840030992909
0.00051212132970401
0.0004903159323893052
0.000453275276218918
0.00040698419422682
0.0003594803725321571
0.0003200120469000783
0.0002975710267502837
0.0002990679762644985
0.0003274817548948204
0.0003806285300982623
0.0004510227168701369
0.0005270873133182761
0.0005957233944607072
0.0006454764016235233
0.0006697673401521604
0.0006689148002414134
0.0006507121433675389
0.0006286399711640752
0.0006185187193008433
0.0006341051781370585
0.0006829534096655641
0.000763622147272536
0.0008652259637144446
0.0009693754624123501
0.001054457597850976
0.001100716331775557
0.0010952925815888
0.001035476565387823
0.0009295640262856748
0.0007950443658142727
0.0006546006872733162
0.0005310104105094825
0.0004424155360648286
0.0003989595897771712
0.0004017061019146176
0.0004436224264325041
0.0005123239537418889
0.0005935210293421457
0.0006740799443695164
0.0007440715916787912
0.0007974262012403187
0.0008314236881849637
0.0008455425573655941
0.0008405425394947648
0.0008179686485742414
0.0007805176682036261
0.0007327791328516624
0.0006819041800610621
0.0006376611783410874
0.0006112868761853115
0.0006136155782502126
0.0006526235933457978
0.0007313759817185274
0.0008470710135786523
0.0009916161683978693
0.001153742244809949
0.001321968262245344
0.001487293704381903
0.001645044000074932
0.001794619169313057
0.001937618641450018
0.002074687555438911
0.002202627523594696
0.002312546101357944
0.002390723398975659
0.002421408098793835
0.002391789378224959
0.002297019798157157
0.002143906504085186
0.001951322242019591
0.001747498332600552
0.001563870600312131
0.001427442174133501
0.00135392130718357
0.001343490254483315
0.00138074589199109
0.001438805680741235
0.001486661988173296
0.001497513078885495
0.001455269460944094
0.001358099052647062
0.001217674562657637
0.001054629613091966
0.0008926105776726623
0.0007526719360803128
0.0006502461812564612
0.0005952151687894871
0.0005945543515690194
0.0006557998075143488
0.0007888588743779558
0.001004352115683273
0.001308583017368993
0.001696181434611662
0.002144410736257242
0.002611940562691682
0.003045659103263023
0.00339510715373709
0.003632356121382279
0.003770859635157123
0.003876425670927259
0.004063178662040185
0.004471772600205184
0.005232201034339411
0.006418232504388043
0.008008122365525189
0.009863634913683422
0.01174053962548811
0.01333636257124962
0.01436527431106019
0.01465067726060111
0.01420701643378019
0.01328704489079666
0.01237254861673587
0.01209888218599065
0.01312029197430639
0.01593853748431534
0.02073822072293253
0.02726350147656921
0.03478976814541881
0.04219582056859274
0.04815772294900048
0.0514135324468826
0.05106613744632332
0.0468448997431279
0.03926435598339971
0.02963063074844658
0.01987177339199902
0.01220628413100417
0.008719162929825469
0.010908554159813
0.01931577349991277
0.03332035279194262
0.05114643742992799
0.07012733097549052
0.08714359393598757
0.09920513324021446
0.1040386626887891
0.1005546732222681
0.08912019151016683
0.07155303841723636
0.05082771318567391
0.03056682262539572
0.01437037485998276
0.005162431263382373
0.004633320189091655
0.01292179544521865
0.02858187707068629
0.0488549906014003
0.07016650002573066
0.08879472699855716
0.1015287264399383
0.1062451705996825
0.1022515314286186
0.09036844131272181
0.07273327056389992
0.05237186461791335
0.03261731764361038
0.01652473068579314
0.006339066310927937
0.003161554848162588
0.006824759835197034
0.01601047711920082
0.02856437220926825
0.04192827226219473
0.05361656930473807
0.06164257012558253
0.06480737895231618
0.06283785199329169
0.05633888879162605
0.04660122024240358
0.03531294497343279
0.02422499126287636
0.01485750123658285
0.008272479814272597
0.00495514927830546
0.004816286454212079
0.007284799301373454
0.01147206464580484
0.01636544209989021
0.02100637736655388
0.02463593258996261
0.02677406711161763
0.02724363471184613
0.02613722050088227
0.02374963371503282
0.0204924743496886
0.01681440715264167
0.01313329325347977
0.009796818999045971
0.00706034703983289
0.005087464804632551
0.00395650973922297
0.003672981518433446
0.004177225100539621
0.005350355282035278
0.007017092975826687
0.008952644467585501
0.01089434427922982
0.01256563992551575
0.0137060354277475
0.01411041379420267
0.01366392303261334
0.01237125307249336
0.0103667226675316
0.007905141550018448
0.00532828056652072
0.003015295643689622
0.001319003435806062
0.0005064862424646325
0.000707944614112442
0.001889804588607769
0.003855298172714179
0.006273595105803005
0.008734345583042575
0.01081764390072
0.01216611138296686
0.01254742769035701
0.01189290437407702
0.01031208525253395
0.00807023500039834
0.005542141380103469
0.003147449899132321
0.00127797531022427
0.0002317351676719681
0.000165942802015308
0.001073979253071276
0.002791509751821037
0.005029470825655683
0.007424372962986494
0.009601113466570423
0.01123086196461116
0.01208096431127919
0.01204493134871034
0.01115130038355126
0.009551894992008907
0.007494340043666767
0.005282779424342876
0.003237011252340682
0.001651736250312931
0.000764849398682684
0.0007319783383595115
0.001611596637708173
0.003356706962648296
0.005816317089091304
0.008740026753727634
0.01179766989356949
0.01460367401298701
0.01675974750331286
0.01790460739372672
0.01777807160636962
0.01628160269641335
0.01353311308586469
0.00989223722738523
0.005954177841230536
0.002488996426355523
0.0003390804184020748
0.0002712453702712756
0.002814169623480286
0.008106293769510277
0.01579020595627819
0.02498801556204852
0.03438563890196905
0.04241676677670755
0.04754906743737964
0.04860760168021702
0.04509330318633019
0.0374105755330696
0.02694297281955612
0.01593544321117506
0.007158361991087182
0.003410428188363228
0.006915378172501306
0.01874858948148277
0.0384092041038216
0.06368094840157644
0.09081863104672876
0.1151448530959044
0.1319044291819927
0.1373210831585857
0.1295725920469126
0.1095187902640668
0.08092062274854356
0.05007698277269736
0.02480063437547426
0.01293213916935404
0.02057431719396606
0.05046605925451837
0.1008584626087718
0.1652061814505629
0.2329159014622063
0.2911556286750496
0.3273797892508899
0.3322834787865355
0.302398189391928
0.24180892767265
0.1624117392766216
0.08236902431554102
0.02295002842766621
0.004054940311416499
0.03935670378198938
0.1320675003586799
0.2724590910057449
0.4378656169675889
0.5959920588427242
0.7108750824470546
0.7512848740567042
0.6996574204924567
0.5601481214079416
0.3637713746509063
0.1690995031358737
0.05749394216840965
0.1232220579708425
0.4591098676070934
1.139914293816472
2.206587839345672
3.652963204655201
5.420146809459871
7.396625220871568
9.428352553116104
11.33650959748097
12.93846254476563
14.07351445461482
14.62391612272505
