# RCS in m**2 for a L=5 cm PVC cube at 22.5 degree aspect angle
# frequency = 85.5 GHz, 
# theta = linspace(0, 6.2832, 1441)
# phi = linspace(0, 0, 1  1)
10.00430361791953
9.653825223348031
8.876115909611169
7.750084853207635
6.390422099884973
4.932153360557218
3.512516823766968
2.252978329994257
1.24424879722252
0.5365931620246428
0.1366163294315442
0.01086285881973402
0.09519956179386399
0.3081046461454577
0.5653750068967679
0.7936349843566965
0.9405411988960301
0.9801565558830659
0.9130586440699296
0.7617486260766018
0.5626809235497923
0.3568370878001438
0.1807627132392787
0.05978696057637588
0.004461663885734606
0.01054187073904462
0.06205159928473723
0.1363899716388049
0.2101321025389828
0.2641891586943866
0.2872671052726836
0.2771055055932142
0.2394958763540718
0.1856093998492507
0.1284744402350886
0.07955541705544382
0.04622862635307044
0.03064845916820976
0.03010063827855394
0.03854963231889856
0.04883567660674536
0.05485782595612763
0.05317554412019514
0.04365976177490333
0.02912352470580626
0.01414387447722166
0.003479684920842236
0.0005683719599701467
0.006520443149322468
0.01985600083109186
0.03700854030297231
0.05340066654991317
0.06475326269405705
0.06824710311209635
0.06322009866054312
0.05123310742679346
0.03552261870461706
0.0200276544080694
0.008284522742128061
0.002506557851984077
0.003090994886070389
0.008662085874977013
0.01660834714524403
0.02393069485913251
0.02814262290772691
0.02796626508223467
0.0236363300233169
0.01674718250030402
0.009709928177937166
0.00499630303361635
0.004392442102276459
0.008478988846310685
0.01647405451975543
0.02647016554695357
0.03598049890461009
0.04263137463040863
0.04479839558289647
0.04201258331793553
0.0350371368327163
0.02560734140616734
0.01592425458986967
0.008053926799828982
0.003405586316221717
0.002422304431415608
0.00455954615243159
0.008534601332949211
0.01275814486936394
0.01581364768646091
0.01684446056802845
0.0157464214856824
0.01312243157635178
0.0100330223980131
0.007627380107604445
0.006772395776866079
0.007791463494907666
0.01038162574052
0.01372675161605907
0.01676028734695845
0.01849444780185499
0.0183127814202242
0.01614279749987234
0.01246141149260495
0.008139670466780397
0.004180778959692931
0.001429214880000391
0.0003419899397915918
0.0008832112369364915
0.002568211332250828
0.004637551874863469
0.006304044666681317
0.006995981958037442
0.006526158936158332
0.005137427398552937
0.003417392526360041
0.002110100098458622
0.00188338192876298
0.003121020166090903
0.00579935237862813
0.009482210255698623
0.01343292879801745
0.01680850243986019
0.01888097837448396
0.01922295378925423
0.01780816501977236
0.01500399091105723
0.01146065258738173
0.007934708804504465
0.005094822944860541
0.003364425090546372
0.002840783013510004
0.003306036675744008
0.004321710785097357
0.005373178650006719
0.006022351677969309
0.006024654040545745
0.005380360100967505
0.004312079236419774
0.003179097145105862
0.002357957796627736
0.002125767522986248
0.002579201077045797
0.003610637661743627
0.004944800356407352
0.006221920668155559
0.007102005198871633
0.007358660394312664
0.006937091471370511
0.005961421835342737
0.004692215676346119
0.003448159943071394
0.002515821275659827
0.002073088477408595
0.00214679014894769
0.002614827084811
0.003249307072630171
0.003787116881172127
0.004006736141783917
0.003790274634759675
0.003152816725206317
0.002234571871472407
0.001257747635399145
0.0004626268322000951
4.085459299371145e-05
8.430626280329153e-05
0.0005629793456273834
0.001336628955714476
0.002196083086739943
0.002921877306872035
0.003344205450847034
0.003387937320520562
0.003091718336967417
0.00259649418871757
0.002107358262897402
0.001839475254147974
0.00196213966584799
0.002554796102146182
0.003586243582466916
0.004920662198790147
0.006348895187508281
0.007635915030113112
0.008573040206923021
0.009022892310888129
0.008945559523071724
0.008403078006209895
0.007540494316031548
0.006550454301073287
0.005629636127261085
0.004937508582772338
0.004566423362223126
0.004528363087500644
0.004760223087792672
0.005144678466156708
0.005540510921614681
0.005815272549873607
0.005872576819838189
0.005668731348549226
0.005216644248896084
0.00457697023693503
0.003840052348298942
0.003104307703454335
0.002454838347965962
0.001948196767573103
0.001605012785603763
0.00141137776388526
0.001327430472042047
0.001300321349063103
0.001278035987716601
0.001220891512863466
0.001108493910535896
0.0009413191040064042
0.0007369537426375155
0.0005232476995278351
0.0003297711734601579
0.0001802386249579544
8.738463783525216e-05
5.111531857459683e-05
6.011150448613363e-05
9.593658968141525e-05
0.0001383871481021552
0.0001707077737378234
0.000183340725972394
0.0001755433922495866
0.00015465079119946
0.0001334044213175284
0.0001261144304866434
0.000144709930726154
0.0001955886666461069
0.0002779257074560044
0.0003837592436307566
0.0004997207002889949
0.0006099316284876706
0.000699382430615708
0.0007569693951024714
0.0007777798467836617
0.000763860585000576
0.00072376816411024
0.000670677203959561
0.0006198409151432653
0.0005855516041801363
0.0005786069440092883
0.0006043178354004065
0.0006617339058471712
0.0007438801392876355
0.0008391685226308401
0.0009334576256471263
0.001012531613905506
0.001064513046987617
0.001081630427550854
0.00106170954094691
0.001008030754853384
0.0009289470331846702
0.0008363065276720162
0.0007436068101740186
0.0006638342157162891
0.0006074593989161845
0.0005809575691396883
0.0005859459475143052
0.0006190287027779211
0.0006724957464138687
0.0007356240820130723
0.0007963935466423664
0.0008433297672726508
0.0008672567112318586
0.0008626393850833105
0.0008283178042501954
0.0007675896745689671
0.0006876128314190773
0.0005982213948581694
0.0005104247820664621
0.0004346854430363058
0.0003793979296090105
0.0003497518393701345
0.0003469860499831107
0.0003683668053206128
0.0004078046250782909
0.0004567929607147172
0.0005058032247840426
0.0005457443214364732
0.0005692698608133975
0.000571735539459394
0.0005518403621793956
0.0005115979030468375
0.0004558667974336924
0.0003915330342695437
0.0003263924081650821
0.0002680507744718765
0.0002228042792263187
0.0001948993220599856
0.0001861042475475241
0.0001956040465169771
0.0002203237360183588
0.0002554718395432821
0.0002952751187399808
0.0003337397643880836
0.0003654202119762797
0.0003859207001952921
0.0003923865887389632
0.0003836417911547623
0.0003603042931706683
0.0003245697160642411
0.0002800539796019844
0.000231423137737004
0.0001839859372172895
0.0001432525467799158
0.0001143476131980429
0.0001014793865738328
0.0001073363981156938
0.0001325813298231545
0.0001754690201265803
0.0002317467465852063
0.000294861589075681
0.0003565577949266535
0.0004078683612482039
0.0004403617572854361
0.0004476064242335224
0.0004264207061630565
0.000377909076429862
0.0003077934508627606
0.0002260599708370322
0.0001458009104033564
8.130155428100547e-05
4.569988917841803e-05
4.855283898144873e-05
9.376505517450381e-05
0.0001783384649820548
0.0002922173402953569
0.0004194561831965282
0.0005405504991387786
0.0006356800812193969
0.0006882314207522952
0.0006880415450878424
0.0006336255353420099
0.0005329746579464498
0.000402598397502808
0.0002648633257458218
0.0001441442903609235
6.236431939468137e-05
3.488935486727858e-05
6.748005043346696e-05
0.0001550474394444744
0.0002824676877301509
0.000427384474502565
0.0005644119227316864
0.0006699830499733494
0.0007268110506297117
0.0007269978064524695
0.000673289224409587
0.0005779869749499374
0.0004601097023865601
0.0003410878182538463
0.0002402961969512841
0.0001712110542489975
0.0001391315559192133
0.0001409664765770362
0.00016692143846861
0.000203765027887518
0.0002385870138071426
0.000262222799372512
0.0002713964543875121
0.0002689684531636726
0.0002623897744321371
0.000260745850271443
0.0002713149258859346
0.0002966415024522126
0.0003330250982673747
0.0003710264224724393
0.0003978611098407033
0.0004011026709523438
0.0003727272759241348
0.0003122805399471656
0.0002281173318030291
0.0001362249157191962
5.673873323443779e-05
8.914522150206359e-06
5.908354049937846e-06
5.07169032145121e-05
0.0001345834980789587
0.000238452915031138
0.0003372957453794962
0.0004063368283540013
0.0004275435248732508
0.0003947217837849379
0.0003155702121829435
0.0002102213193600305
0.0001061718775785672
3.114638580491169e-05
5.477690737007772e-06
3.634853307229237e-05
0.0001154373464458345
0.0002208326149828556
0.0003229686438702597
0.0003929620828445648
0.0004112095799330574
0.0003737770948602396
0.0002946076128933065
0.0002026821416562624
0.0001346735209218822
0.0001248459759261846
0.0001949723888738566
0.0003469952097425476
0.0005608134394177479
0.0007979214707284419
0.001010317216414797
0.001152487466424495
0.001193238045426892
0.001124226154222993
0.000962658875069904
0.0007473000663032969
0.0005286888277379631
0.0003560062777750853
0.0002643561148997995
0.0002657526479204089
0.0003465482813670452
0.0004720064713651092
0.0005967848896651848
0.0006784742937158476
0.0006901610718256697
0.0006285520410429567
0.000515027445555132
0.0003892918079905808
0.0002973870502911859
0.0002774275930655915
0.0003473705966307675
0.0004984706191414155
0.0006965812701982825
0.0008910576812202318
0.001029020726136566
0.001070595129358545
0.001000862845998819
0.0008347216965079738
0.0006130499456205494
0.0003912012568534525
0.0002228611934328272
0.0001445169721991199
0.0001647665855436668
0.0002621988805181548
0.0003926237538520218
0.0005035673871942146
0.0005518198559785189
0.0005184874338644641
0.0004166178692967828
0.0002886296280178298
0.0001937472277336206
0.0001889114260830984
0.0003088251928178686
0.0005515018396891278
0.000874368985636471
0.001202931626351134
0.001450561277781029
0.001543937087686185
0.001447029437869353
0.001175952869166684
0.0007997182051698271
0.0004252673574730782
0.0001701731187580731
0.0001299484539347299
0.0003493722175712118
0.0008061314131241284
0.001412701668023817
0.002036711963615817
0.00253533756716836
0.002794624770114541
0.002762518336522031
0.002466554850443889
0.00200957985718187
0.00154438206572887
0.001233075143946795
0.001201984501794264
0.001504837830966784
0.002104477075219477
0.002879172855910676
0.003652167611420103
0.004236875315714799
0.004485551942325623
0.004327961289584476
0.003788600000930958
0.002978642708464029
0.002063432997973218
0.001216375850862339
0.0005719596513525593
0.0001922247594975481
5.682710738672513e-05
7.981171762170094e-05
0.0001479736225454818
0.0001687354098278723
0.0001118735538916574
3.054656931461761e-05
5.277300413036858e-05
0.0003434581403960724
0.001046574578369453
0.00222436251501973
0.003813218834563121
0.005613089753851435
0.007317879849747048
0.008584425729534969
0.009123032810341686
0.008787461030612408
0.007636197733250507
0.0059446820064273
0.004158499661238125
0.002793409976291321
0.002303946555154218
0.002953191071194833
0.004719839069391314
0.007272556062480003
0.01002543096997993
0.0122708085045122
0.01335997660247233
0.0128907189587893
0.01085149797603449
0.007679716927935063
0.004207923116171995
0.00149911549952957
0.0006003083049311989
0.002267735017953616
0.006729983420196365
0.01355447964655616
0.02166353804183403
0.02951540849806759
0.03542814803820699
0.03798983362867706
0.03646933551128089
0.03113442074295044
0.02339525720510704
0.01572198967773134
0.01132148941041509
0.01362272882365768
0.02564661083413068
0.04937747269048504
0.08525698132810786
0.1319049789503225
0.1861378292999498
0.2432930076881216
0.2978345034303167
0.3441093094350641
0.3771909400261853
0.3935990444501584
0.3918192984157791
0.3725187806799978
0.3384200173300124
0.2938698364775158
0.2441580007203226
0.1947304636651896
0.1504184792714307
0.1147824129566211
0.08972524457651181
0.07537884025015462
0.07028220924255271
0.071800966903798
0.07669780765535845
0.08174673145567851
0.08428522004568081
0.08261117790640632
0.0761752643721005
0.06554785603913708
0.05219090394834429
0.03809082986589455
0.02533286916586378
0.01569464299955434
0.01033357331534413
0.009614284095631396
0.01309468376253831
0.01966026179734217
0.02776607418464588
0.03574073445871839
0.04208332405374365
0.0457081943729905
0.04609504315597915
0.04332746250481519
0.03802288572756176
0.03117631860443899
0.02395281165351463
0.01747183790286896
0.01261665072452707
0.009906990158226171
0.00944449405937762
0.01093662968972552
0.01378579100471086
0.01722204410785863
0.02045211521602318
0.02279730269978587
0.02379818155575527
0.02327069972145998
0.02131063540990081
0.01824956936181333
0.01457576401106148
0.01083698219219825
0.007543222657691476
0.005086051549690202
0.003685866292119145
0.003373025257152783
0.004002330848704214
0.005294546723336955
0.006895803134218873
0.008442266635889317
0.009619956946260515
0.01020958551606244
0.01011167431706972
0.009349720423222152
0.008053260102530085
0.006426146749174539
0.004706835033126479
0.003126717379091276
0.001875025083862455
0.001073632595072441
0.0007651596227422376
0.0009145266115436629
0.001422285812326344
0.002146314906189712
0.002927698058907116
0.003616349043046952
0.004092562775680318
0.004281954697158765
0.00416185702377937
0.003759519823779392
0.003143121951763349
0.002407626453922097
0.001658178483531281
0.0009935444212887949
0.0004921349709685418
0.0002022567683030148
0.0001376729550950608
0.0002784558633121985
0.0005767590124615093
0.0009660530595232418
0.001372312508634249
0.001725371125319193
0.001968853637332985
0.002067313220002092
0.0020098475852378
0.001809879045579494
0.001501385837544289
0.001132450025071342
0.000757108802685784
0.0004268905005727678
0.0001832589967278557
5.203976376862973e-05
4.051606893139036e-05
0.0001374945251504906
0.0003161796110903749
0.000539205859072817
0.0007651089903215751
0.0009549237235886666
0.0010781154079189
0.00111679893577262
0.001067704957737708
0.0009417680670554843
0.0007613563901033973
0.0005559600679465995
0.0003568453791741908
0.0001918967736711117
8.120420196089823e-05
3.438260567745919e-05
4.977771846805729e-05
0.0001156830557608836
0.0002132033741839048
0.0003201690105663594
0.0004153075790759771
0.0004819599911840841
0.0005105811520687278
0.0004997520207833825
0.0004555281754987953
0.0003893940943924479
0.0003153356524957657
0.0002466795692721229
0.0001933761499346391
0.0001602812659362647
0.0001467504404031932
0.0001475673399399973
0.0001549291717038187
0.0001609900834201183
0.0001602994670301418
0.0001515688523667872
0.0001382767844523061
0.0001279673131379837
0.0001303393752027453
0.0001545565198507697
0.000206427730209208
0.0002861004563950762
0.0003869257370360153
0.0004958688840451727
0.0005954461857268181
0.0006669864851580736
0.0006945240730735411
0.0006685506804887729
0.0005888020220370078
0.0004654147635983286
0.0003180694096788996
0.0001732143046262264
5.971042452806213e-05
3.793257518561955e-06
2.421371953182324e-05
0.00012853973368715
0.0003113307773286911
0.0005545841924888086
0.0008303420910720036
0.001105049207863637
0.001344840340220113
0.001520651349199984
0.001612529866433405
0.00161215450068956
0.00152336640121738
0.00136080823241652
0.001146938789292047
0.0009082987756247166
0.0006716063294142793
0.0004604487238210618
0.0002930526238236726
0.0001811373178851106
0.0001299852885151742
0.0001391954046162868
0.0002038076559882578
0.0003154292843406485
0.0004631131014504398
0.0006339577239854455
0.0008136143640119805
0.0009868738327247031
0.001138523397399738
0.00125472020656624
0.001324565781990156
0.001341701559514298
0.00130557974303693
0.001221832996717566
0.001101625667670437
0.0009598277777619339
0.000812369598333041
0.0006733314293659528
0.0005524080520687736
0.0004534261514808059
0.0003744308993733469
0.0003093102322151951
0.0002506685316176928
0.0001931458612785166
0.000136312126522194
8.615849647932437e-05
5.464506374332925e-05
5.715665921647328e-05
0.0001083506083905887
0.0002173920306548885
0.0003838092228259046
0.0005952065198820137
0.0008277102468201983
0.001049315449525773
0.001225661651088938
0.001327047409021911
0.001334942538920067
0.001246584874225351
0.001076258811763511
0.0008528059905903983
0.000613828873296676
0.0003978495708924576
0.0002361433770410888
0.0001463648335234632
0.0001293404466479136
0.0001699224466787934
0.0002416346372709833
0.0003138925300807757
0.0003600060052081856
0.000363856245410131
0.0003235611425207183
0.0002512249136962584
0.0001689114822796991
0.0001019933037598097
7.169281587854382e-05
8.888693786627614e-05
0.0001508975929895747
0.0002421009995366823
0.0003382318547779791
0.0004131080882395466
0.0004459840171073814
0.0004274144949582454
0.000362006218496459
0.000267312393741359
0.000169097684380537
9.435298469044531e-05
6.39605170914642e-05
8.700569082439449e-05
0.000158355541707308
0.0002601080908213771
0.0003664487742030525
0.0004505980622607053
0.0004918118075619566
0.0004805584856305354
0.0004204802460376375
0.0003266790316971106
0.0002209966157411453
0.0001256261644424019
5.711747809155932e-05
2.236514809228007e-05
1.777299672217621e-05
3.164865295489482e-05
4.902442651030043e-05
5.729322687738334e-05
5.086249803962437e-05
3.33589422191065e-05
1.662634095106153e-05
1.68344590414846e-05
4.88705269195768e-05
0.000120755340366293
0.0002298578474370537
0.0003621816017641593
0.0004950350269376812
0.0006024764622935266
0.0006619925742401465
0.0006604944675989631
0.0005979641757407164
0.0004875574444938054
0.0003522186245184344
0.0002187081986151536
0.0001107114995336862
4.305999152584968e-05
1.858810284528786e-05
2.853472415418176e-05
5.623588305491916e-05
8.293869066793175e-05
9.398470639343151e-05
8.346104724505163e-05
5.596880631537906e-05
2.498966531951743e-05
8.380361382585385e-06
2.238769593039221e-05
7.599982221237829e-05
0.0001673651869703736
0.0002833642271362232
0.0004025513832908017
0.0005005543436333975
0.0005564733694720627
0.000558356604304487
0.0005062415472268247
0.000411973127718217
0.0002957445828748064
0.0001807145976273811
8.68949083828609e-05
2.647793258021137e-05
1.509889163667955e-06
4.754941693749318e-06
2.313013922417091e-05
4.264992656198545e-05
5.324765659835102e-05
5.199456567150148e-05
4.370965239070007e-05
3.886713687688261e-05
4.949284705956074e-05
8.439223440291655e-05
0.0001452661560848793
0.0002250508875456877
0.0003090000155594683
0.0003783471319088219
0.0004156023137418759
0.0004096578049954778
0.0003595124683942232
0.0002752170158243302
0.0001757235185522565
8.430998116869819e-05
2.25185599542574e-05
4.655776683976268e-06
3.402122556096904e-05
0.000102163619929826
0.0001912154900472947
0.0002787580736187502
0.0003436923792848988
0.0003717194716968756
0.0003587081469405303
0.0003112436398356165
0.0002442451254927734
0.0001763456048550807
0.0001245000604612665
9.928366309287665e-05
0.0001022176151441014
0.0001258680066803778
0.0001565863782009392
0.0001790103589295327
0.0001810767104025956
0.0001579815769336195
0.0001139770961549806
6.150893381118022e-05
1.783595684133507e-05
1.543591760435692e-07
2.056370808330955e-05
8.226127555980905e-05
0.00017802009736239
0.0002914816900870011
0.000400780360520103
0.0004837681921729207
0.0005232699053798928
0.0005112010259161183
0.000450406575462343
0.0003538170439573287
0.0002412326537777733
0.0001346101090229602
5.298047388809217e-05
8.442969886316237e-06
3.964031387069822e-06
3.359434950675067e-05
8.477174246178063e-05
0.0001420197314641248
0.0001909985765580174
0.0002218673055909268
0.0002310373774117625
0.000221140541529428
0.0001992775179492777
0.0001741991122209017
0.0001533764774500278
0.0001407356139442905
0.0001357732111072121
0.0001342022452883366
0.0001299072667700394
0.0001175468987327422
9.499539141578713e-05
6.485330197120868e-05
3.446119956862201e-05
1.439363432641443e-05
1.571059163106734e-05
4.670479816406505e-05
0.0001100348636797108
0.0002010362367681572
0.0003077662427029391
0.000412975157765693
0.0004974454114266716
0.0005442744423674066
0.0005427583931784631
0.0004912635848628175
0.0003981775867488574
0.0002806602306069685
0.0001615223348931223
6.469140149612483e-05
1.031896298034134e-05
1.064856997134197e-05
6.734861379818499e-05
0.0001710413661436649
0.0003031118104999579
0.0004392924390575811
0.0005544799850876343
0.0006275322717048482
0.0006453596301918054
0.0006052355843432953
0.000515128277544848
0.0003918481541454976
0.0002576696556298505
0.0001359483360762299
4.675766417158754e-05
3.317347653449687e-06
9.932228410510711e-06
6.167424506029644e-05
0.0001458228590398668
0.0002446512943270875
0.0003390031601351698
0.0004117908399915519
0.0004509632236810714
0.0004512167957772066
0.0004144453245197967
0.0003487791637563298
0.0002665908722691801
0.0001820112610849435
0.0001082967876876295
5.56283475796862e-05
2.976210810438116e-05
3.152965097379033e-05
5.728510873681162e-05
0.0001000550493832711
0.0001510823416715934
0.0002014839250741743
0.0002436373752495291
0.0002721783769625817
0.0002844535959742861
0.0002804650839973057
0.0002624049654882148
0.0002339961263695442
0.0001997066844197875
0.0001640994777319258
0.0001313079608287365
0.0001046980030819796
8.673410255850173e-05
7.89047121885982e-05
8.172961528214811e-05
9.477835306281099e-05
0.0001166674490188267
0.0001450886838850795
0.0001769087914719221
0.0002083616857876526
0.0002354042644826799
0.0002542107474232009
0.0002616976619850898
0.0002561273737954469
0.000237546770866506
0.0002079941267415163
0.0001713999060862385
0.0001331354094055838
9.924926565511306e-05
7.54903628064072e-05
6.629835765613388e-05
7.393094977980727e-05
9.790250814266077e-05
0.0001349097828286253
0.0001792130675433617
0.0002235439536178054
0.0002602941767389868
0.0002828678286055029
0.0002868889045237322
0.0002710724405131624
0.00023756268029601
0.000191647285955437
0.0001409128202534937
9.392095579124695e-05
5.868171848005186e-05
4.120852264249633e-05
4.438106229154602e-05
6.74014990156534e-05
0.0001058869354052824
0.0001526398310884358
0.0001989708235551866
0.0002362341199170446
0.0002574528300024795
0.0002585547246229254
0.0002391088215565992
0.0002023739477194997
0.0001546147441197332
0.0001039276479414275
5.872719449544797e-05
2.61524746831755e-05
1.08264622684579e-05
1.407009455917351e-05
3.379347507293531e-05
6.502336994059604e-05
0.0001009806477809652
0.0001344155153619976
0.0001590073969646062
0.0001704639644231782
0.000167194168894914
0.0001503902116580078
0.0001235550843136307
9.163343621336345e-05
5.993782091760621e-05
3.308391654129899e-05
1.424451023586057e-05
4.742337182992906e-06
4.126234201164957e-06
1.059629958970843e-05
2.165561359816145e-05
3.480021607722754e-05
4.803629554096589e-05
6.014503639539499e-05
7.063605821366178e-05
7.944725012731311e-05
8.653840144984336e-05
9.155375453635067e-05
9.366689275238139e-05
9.173640583731971e-05
8.47025649896746e-05
7.218111495243534e-05
5.494254597240486e-05
3.5259570067455e-05
1.678612223828473e-05
3.979324016937083e-06
1.170487529414913e-06
1.141020843421891e-05
3.542537557881524e-05
7.099612946617667e-05
0.0001129461246394173
0.0001539571394368522
0.0001859460149337306
0.0002019394146462472
0.000197858849514793
0.0001738506788489424
0.0001347243102106747
8.933356576250264e-05
4.888741165998845e-05
2.458215634553397e-05
2.494411657930229e-05
5.368291366842169e-05
0.0001084307113378496
0.0001809481771095721
0.0002586415728073032
0.0003273493518184756
0.0003745241746973685
0.0003923818057863851
0.0003798938367719867
0.0003433908279569647
0.0002953216880958163
0.0002515246353749915
0.0002275161515905677
0.0002347585844080365
0.0002777279001330875
0.0003526321611606113
0.0004481076285481111
0.0005477004422551092
0.0006337939773420719
0.0006917523985785376
0.0007135427712029959
0.0006997176956556364
0.0006592869655097348
0.0006075567010181879
0.0005623285978844237
0.0005394643966701497
0.0005489020591198334
0.0005920729476076142
0.0006614698982031178
0.0007423119373983791
0.0008160300989237298
0.0008645996463183722
0.0008746584396743738
0.0008404206154829577
0.0007646706212962316
0.0006578261691466051
0.0005351181830547621
0.0004131914759413212
0.0003065180280297376
0.0002249374307704457
0.0001727091396030808
0.0001489948930150416
0.0001497584718171149
0.0001700063172274956
0.0002057287918319751
0.0002548860285871529
0.0003171239721982566
0.0003924778553386216
0.0004795042970978215
0.0005738067753201857
0.0006675325155254591
0.0007502037792746424
0.000811060085379282
0.0008420311934297525
0.0008406980135011007
0.0008122066421547057
0.0007692301928528807
0.0007298898109418327
0.0007139212751508488
0.0007378002678505306
0.0008103431369152575
0.0009297909449736804
0.001083251935306341
0.001249012166550708
0.001400889267273664
0.001514055076848856
0.00157033054676292
0.001562166368652394
0.001493882050386163
0.001380255019059942
0.001242450623374894
0.001102932910924518
0.0009802609318341419
0.0008853586584081952
0.0008199828743394365
0.0007777865730646021
0.00074732081915326
0.0007160852321792681
0.000674459978908491
0.0006182469042457761
0.0005494827464963127
0.0004751163874396782
0.0004046479235340224
0.0003469176259279824
0.0003076452790205357
0.000288125698012352
0.0002854908707050989
0.0002942770107049874
0.0003086819907420144
0.0003246714631517736
0.0003413274755426147
0.0003608310249127002
0.0003873926810294691
0.0004253502274450885
0.0004773130502187013
0.0005428534547383389
0.0006184801011915894
0.0006986207551913035
0.0007775962626847356
0.0008517687019841622
0.0009212927426026611
0.0009908766149351292
0.001069148769556188
0.001167071007117739
0.001295385000882245
0.001462127340240013
0.001670368180643376
0.001916916218242443
0.002192026771172677
0.002479846764304172
0.002759953576210926
0.003009114593242482
0.003203647360790092
0.003321975453475944
0.003347381388836421
0.003270995407219342
0.00309414499347016
0.002830062711289423
0.002503909693994593
0.002150683508510054
0.001811067743811444
0.001525027587087549
0.001325020382965086
0.001229250268816499
0.001237627032647857
0.001330962623394725
0.001474354597146006
0.001624242034291534
0.001737617347143995
0.001781149323065085
0.001737901210991116
0.001610256695373927
0.001417536092571637
0.00118997817749015
0.0009603791132085697
0.0007563908032320434
0.00059575454124098
0.0004858913780070946
0.0004281634808079721
0.0004244271567280862
0.0004835644727175412
0.0006245154503270463
0.0008736488841898495
0.001256507211429904
0.001785354614911262
0.002447539938312998
0.003198396460827302
0.003964124238431189
0.004656109312869354
0.0051940206663554
0.005534208632955497
0.005693100441679646
0.005758585871504783
0.005881094729556742
0.00624375811591649
0.007014133092062086
0.008289322365703991
0.01004899447206313
0.01213030200364856
0.01424079920506557
0.01600894657012762
0.0170712795791386
0.01717638483413119
0.01628269983662825
0.01462325505919599
0.01271283799920596
0.01128337278168107
0.01115472486463301
0.01305518131402532
0.01742962619035401
0.0242808193103343
0.03307789125348889
0.04277989167971639
0.05196138597756579
0.05905813442564148
0.06266151684965053
0.06183381722477518
0.05635795628317548
0.04687488722207953
0.03485634966038113
0.02242017088312405
0.01198176775183452
0.005836000005874648
0.005706017787508668
0.0123817217793332
0.02549665611256218
0.04352103769372546
0.06395236919705177
0.0837225389854928
0.09969745221884913
0.1092411821235225
0.1106849004603047
0.1036525214409353
0.08915701484733972
0.06945757296370123
0.04768032428795745
0.02730880460175498
0.01157749211271953
0.002940956757550488
0.002654289501229892
0.01058198120038666
0.02524239662167309
0.0440757104783252
0.06390513885067435
0.08146981561745906
0.09396933729492503
0.09951127024555535
0.09737632360294533
0.08808650199250419
0.07326181474642524
0.05529251850483113
0.03692291937313061
0.02077478284590808
0.008950730122226613
0.002728372286184362
0.002419340790111995
0.0073988395478487
0.01628105579101867
0.02719878964177977
0.0381459676579339
0.04729523919763728
0.05327220803451921
0.05531575508790466
0.05333555714513036
0.04785144855247057
0.03984950533441624
0.03057718758718008
0.02133271198753811
0.01326178534580957
0.007217244585445411
0.003669018208070342
0.002692528144798646
0.004009665197183401
0.00707668287407291
0.0111929361499183
0.01561667392971531
0.01966210139577208
0.02277882559562739
0.02459594536830608
0.0249421001269174
0.02383809510782608
0.02147165928711834
0.01816124118150761
0.01431191003911862
0.01036792929745084
0.006769262957568455
0.003904665060554403
0.002074889229776749
0.001457822400980472
0.002087161861470325
0.0038433204097641
0.006461490947768198
0.009558235888701814
0.01267773862894373
0.01534959161616679
0.01715532627849478
0.01779264509717457
0.01712757064085425
0.01522334984056925
0.01234088043733369
0.008908726199571995
0.005460542113689009
0.002555645308305758
0.000686895219904805
0.0001955012707133689
0.001208019400174009
0.003605000688161436
0.007029653346941534
0.01094030805694051
0.014693145680295
0.01765149266334387
0.01929378210998325
0.01931116628236201
0.01766864992707388
0.01462347060719924
0.01068920335906303
0.006558355283578225
0.002983273232595822
0.0006476834779586888
3.917588804591881e-05
0.001355950857226317
0.004457806938372236
0.008879602245957552
0.01389928633588557
0.01866221656120422
0.02232701529151586
0.02422324007792132
0.02397881838460898
0.02160143964641974
0.01749393543897187
0.0123938895713966
0.007252786210144347
0.003066833142202432
0.0006903288901396178
0.0006722428314411322
0.003137592314270359
0.007746327669557494
0.01374059230492828
0.02006942340411588
0.02558321042612
0.02924898752514601
0.03035860775555826
0.0286817297250163
0.02453007995236019
0.01871737531166547
0.01241964757798358
0.00694767935443291
0.003489989075549931
0.002858435231824134
0.005305750445901527
0.0104450271612577
0.01730607494602283
0.02451350032428236
0.03057238142419596
0.03418855569455561
0.03457596479819717
0.03166507189826885
0.02616917347894585
0.01947656532473107
0.01337414157010717
0.00966070282968079
0.009712099231823351
0.01410804351095592
0.02240547697501527
0.03313794460333477
0.0440504224163003
0.05257351675814641
0.05641850339398512
0.05420416412617859
0.04594354064840901
0.03327240666111224
0.01931005587783725
0.008153887295349561
0.004040061693715465
0.01034640914258785
0.02862821210510949
0.0579203863573076
0.09454170362057128
0.132475540586252
0.1643977508735977
0.1831980968304631
0.1836942366885299
0.1642435909253791
0.1278072745420969
0.0821380685994878
0.03893476937891726
0.01188134514169529
0.01392692669872381
0.05416586823253013
0.1350556335601172
0.2505412618217319
0.3858550127873225
0.5190648210447534
0.6248156892473617
0.6793718629570387
0.6666620986251727
0.583888618063268
0.4457029373595915
0.2858318632470936
0.1553007752415974
0.1170161077997439
0.2372806360036375
0.5751023590083792
1.170800405356558
2.03642935048575
3.148514113304378
4.446908681237948
5.837535378016725
7.201949954616602
8.411447654348466
9.342575979073592
9.894835551692921
10.00430817284077
