# RCS in m**2 for a L=5 cm PVC cube at 22.5 degree aspect angle
# frequency = 90.25 GHz, 
# theta = linspace(0, 6.2832, 1441)
# phi = linspace(0, 0, 1  1)
18.72329122132666
18.28092189825416
17.07921445601366
15.23996709248837
12.9477617053079
10.42421584677403
7.897477553517548
5.572079248462572
3.604077131653554
2.085432195266399
1.039396209732472
0.4271397525821614
0.163414245087172
0.137746749902409
0.2367487358148579
0.3634277328660254
0.450295504832437
0.464620644545584
0.4059178474853293
0.2973757944961619
0.1739316145246094
0.07013337740097469
0.01049842372577882
0.004223122297095496
0.04478536372629906
0.1137915316993288
0.1874545830306115
0.2436577370624492
0.2676810341825774
0.2552436519789467
0.2123613471224659
0.1524670869981737
0.09185773842252277
0.04491228263748898
0.02040714307466486
0.01982146285485366
0.03787706814589895
0.0649109919287217
0.09020804512616074
0.1052380218471248
0.105869627714704
0.09303189058436405
0.07178121826573536
0.04922580840324474
0.03203757886915672
0.02435810345741948
0.02670077593900028
0.03611799023655921
0.04747161339917806
0.05533303246266565
0.05586566770643717
0.04808709894125545
0.03414077483553262
0.01853770290189275
0.006644162459138028
0.002924789835744412
0.009498509104378917
0.02544583815973089
0.04706111356465894
0.0689414973686579
0.08555318924892552
0.0927964387519765
0.08909364595807284
0.07570729928997916
0.05623023898310496
0.03544606848838774
0.01792651903661092
0.006803118901092285
0.003053134103162945
0.005480296544500612
0.01133487114640233
0.01733700866848982
0.02075654832571446
0.02021473526669026
0.01598050950378141
0.00971163667817445
0.003767613252851008
0.000346622307496411
0.0007367463104857614
0.004917511866838361
0.01161520954117294
0.01876742142860197
0.02421798944793804
0.02640710405523202
0.02482837520523322
0.02012262087582586
0.01379937959166957
0.007697748434211735
0.003381546991382838
0.00166958848083036
0.002446055294153114
0.004798613921364599
0.007416194683889124
0.009097989991502483
0.009194314328782073
0.007830381653141393
0.005843605955402057
0.004465416389304702
0.004860191240017449
0.007684863179716999
0.01281590427332444
0.01933648827059793
0.0257874295909898
0.0305965803405817
0.03255180669857053
0.03116162710527651
0.02679708688515285
0.02056971536331579
0.01399640562509508
0.008552947282868007
0.005263278897194095
0.004442278587441588
0.005665692618877038
0.007962360204090638
0.01015798133988365
0.01125620082796327
0.01073577608059852
0.00867908688390615
0.005701269714185411
0.002716266408948269
0.0006226719443300069
1.430250918444608e-05
0.001005106984295753
0.003216496182576969
0.005921677169183551
0.008291351195501628
0.009656921154928022
0.009706400200968024
0.008555576772670413
0.006678966047854764
0.004731687745375466
0.0033260558578157
0.002837640763532716
0.003300282142735882
0.004419931257937118
0.005695063229224438
0.006598797985924145
0.006759699593899328
0.006082107233412407
0.004769976868577627
0.003249582588086393
0.002021488739175325
0.001492098375220391
0.001841052296114837
0.002966383414799573
0.004522598501190839
0.006038269686646723
0.007071508859227611
0.007354119027960984
0.006877714821475914
0.005896153882334415
0.004844119028043346
0.004198930552840348
0.004328596736635286
0.005373969334663398
0.007198375205132419
0.009421690782924918
0.01152378201868783
0.01298992193786693
0.01345073212632777
0.01278040873070197
0.01112482341558475
0.00885351998260616
0.006455166809757513
0.004404721483631247
0.003043217120445182
0.002500837615433077
0.002682862453494338
0.003317171392584283
0.004046233909326559
0.004534184178517277
0.004558260067036801
0.004060306756196438
0.003147173123540138
0.002043849253374568
0.001017653924217762
0.0002964132212392781
5.794366710499938e-06
0.0001418664314328739
0.0005840782309500888
0.001141908437925972
0.001618746913367806
0.001873169915078846
0.001859196949184932
0.001635551671578591
0.001342154606034461
0.001153154887034811
0.00122139059602707
0.001630406832166661
0.002368476611572488
0.003330790151917914
0.004348191095757448
0.005233638944981346
0.005832409038995067
0.006062173147358826
0.005932829931377496
0.005540198445280039
0.005037565973595044
0.004593421601568641
0.004346783300366988
0.004371968324222105
0.004662507249188355
0.005136376332348925
0.005660512005889498
0.006087584754807772
0.006294202585972953
0.006211392206112402
0.005839747708255809
0.005246341286123477
0.004544717122139464
0.003865790610974164
0.003324945152877355
0.002995741896234232
0.002895301213596996
0.002984267517040454
0.003180446644646341
0.003381822656438597
0.003492164440463482
0.003444098894185758
0.003212494753830074
0.002817741825586292
0.002317301921313085
0.001789453149230315
0.001313814690990009
0.0009529584143821814
0.0007397876151221854
0.0006729688354171041
0.0007207752690488562
0.0008314918556356941
0.0009473263063918839
0.001018391361367168
0.001013042566416647
0.0009230869434121157
0.0007626886198089134
0.0005622117973625679
0.000359102512385731
0.0001878893030308063
7.237727846282627e-05
2.110006594408292e-05
2.717086049678151e-05
7.185414402071146e-05
0.0001306258571522647
0.0001799889802271534
0.0002032258959219459
0.0001938269550692147
0.0001559504665178372
0.0001020504672141648
4.873994437929325e-05
1.166692319127245e-05
1.404650505640937e-06
2.075414253363205e-05
6.43717008465603e-05
0.0001205323311983169
0.0001745047494553658
0.0002124838100792674
0.0002251986928010406
0.0002101675265771039
0.0001722202252183107
0.0001221201991447827
7.379697793469894e-05
4.083996777216895e-05
3.318725766966216e-05
5.4737478315259e-05
0.0001024694752418199
0.0001672051371839299
0.0002358091844364622
0.0002942421102114016
0.0003307719005593855
0.0003385967196271912
0.0003173320797990876
0.0002728825196822132
0.0002161406172276491
0.000160420253510286
0.0001185244529334629
9.994114399364578e-05
0.0001088868443350283
0.0001435106375835288
0.0001964354167031354
0.0002564803247875565
0.0003111399085271917
0.0003492832737231935
0.0003634322762187607
0.0003512920712340687
0.000316045659984105
0.0002655355195214575
0.0002105171726210359
0.0001623176120748669
0.0001305264706625234
0.0001210587285753456
0.0001351182071297308
0.0001690760301158575
0.0002154059188638111
0.0002643252949065583
0.0003058317426925576
0.0003316489452988382
0.0003368014221773222
0.0003204488026978082
0.0002857888370896646
0.0002393973482462573
0.0001897519601971139
0.0001456239290583258
0.0001144742730521482
0.0001012148358927201
0.0001074484739175637
0.0001313830951579634
0.0001682779410649874
0.0002113614181766665
0.0002529857705508825
0.0002858391579932855
0.0003040540123589764
0.0003040775937033789
0.0002851750212483068
0.000249600293393802
0.0002023554781646994
0.0001506138921033013
0.0001027910767655669
6.737095094957508e-05
5.156562801795021e-05
6.000638226342426e-05
9.36172204855231e-05
0.0001489925173471961
0.0002183803543259674
0.0002905761300373598
0.0003525504937854013
0.0003917434940495751
0.0003987358860758299
0.0003695524476240266
0.0003073060561124662
0.0002225255145293136
0.0001319183250221964
5.560703893628736e-05
1.321887233185995e-05
1.955255049409817e-05
8.074855221155206e-05
0.0001919378400496959
0.0003370329199947615
0.0004910878140434832
0.0006248678057193459
0.0007108738864390368
0.0007295776079285578
0.0006744714215781995
0.0005544913250529924
0.0003932706187881794
0.000224897550995998
8.701814198491601e-05
1.267324077516986e-05
2.270836590352902e-05
0.0001205418836750367
0.00029066058703173
0.0005014286176376979
0.0007116005957243005
0.0008793858140047395
0.0009715597829403116
0.0009710404561486032
0.0008804625482554525
0.0007213642672073302
0.0005287964741700223
0.0003428933886214799
0.0001994428939765731
0.0001217818034279758
0.0001161429059440795
0.0001715419854954915
0.0002640409891196777
0.0003641795545982819
0.000445403603573229
0.0004912113012355198
0.0004987809937824597
0.0004784489953157171
0.0004490788055113822
0.0004307952962015795
0.0004377790700803728
0.0004727015037805614
0.0005253203864814824
0.0005753834016863144
0.0005990899568967791
0.0005773011144041604
0.0005026451201804298
0.0003834854672932205
0.0002429198979541898
0.0001132453523147459
2.691166089079197e-05
6.952040612844664e-06
5.963114918517907e-05
0.000171727339176303
0.0003134637943231344
0.0004465115815064642
0.0005346813774938301
0.0005542140255911891
0.0005005495970370035
0.0003892987049417761
0.0002512013882025019
0.0001224949786274293
3.367512841394347e-05
3.662039087949046e-07
1.916847169298215e-05
7.003043047983757e-05
0.0001243943930154686
0.0001564863589537086
0.0001538901026090899
0.0001236391524087622
9.132671653239579e-05
9.304032873974185e-05
0.0001624336334935361
0.0003169580650870546
0.0005480820428059888
0.0008192378470368694
0.001073057821173207
0.001246524290764464
0.001289607996984693
0.001182307571411331
0.0009437409715546948
0.000630303711493862
0.0003225548249530112
0.0001039310520796146
3.731509421933794e-05
0.0001466187447125882
0.0004089996567690364
0.000760631615056754
0.001114549731193698
0.001385642612838766
0.001515229430191411
0.001487537090249143
0.001333139320589591
0.001118045519320902
0.0009218838945157334
0.0008118636711491807
0.0008211134193188942
0.0009382864181356263
0.001111711884036681
0.001267233011064188
0.001333419465724826
0.001266279947484286
0.001064856365736888
0.0007725590977974681
0.0004633768629371695
0.0002176391679674107
9.516402558933675e-05
0.0001151787629754876
0.0002498214672988206
0.0004340005460421692
0.0005883043058520252
0.0006474386739881948
0.0005841651428855622
0.0004201513911401928
0.0002193197347675133
6.534719475465246e-05
3.068688267032131e-05
0.0001478820040792531
0.0003938045700981498
0.0006934911312931185
0.0009437143029238241
0.001049401126386094
0.0009609858617463425
0.0006995442403737624
0.0003595986032552683
8.647308639461759e-05
3.367659312363296e-05
0.0003126069919196445
0.0009508856814842086
0.001873786423256203
0.002916594521872146
0.003866506905953404
0.004522358959774471
0.004754925626837852
0.004548288041674082
0.004008544344893669
0.003335699867575178
0.002765226571907283
0.00249729945831477
0.002634629306522442
0.003148738559002894
0.003886224534068451
0.004613438934144493
0.005086967150110994
0.005127815405457405
0.004676189857180509
0.003809519266433823
0.002717491230592272
0.001642331799939646
0.0008033796443741301
0.0003307154591452531
0.000229721006070505
0.0003886210372030664
0.000626533334649757
0.0007658190545367803
0.0007035698541148073
0.0004565340151242416
0.000161803781353077
3.059315875177616e-05
0.0002684207620198311
0.0009883167080428055
0.002147820345306441
0.003535397068658118
0.00481605926926906
0.00562760863173649
0.005699642063729155
0.004957586624849061
0.003574355199577493
0.00194661286578218
0.0005942861221680259
8.289972324780393e-06
0.0004893764793522301
0.002030602484812494
0.004286568866013724
0.006650137737913284
0.008425576477529593
0.009056229702460054
0.008340512853897602
0.006567708304121177
0.004519724465468348
0.003319475373561882
0.004148512648153782
0.007899885140073242
0.01485812174054311
0.02450082705735371
0.03550041428633997
0.04594744281381262
0.05377085633847967
0.05726655180967902
0.0556110921770804
0.04922607860552929
0.03988342785227936
0.03049245579498198
0.02458913228734374
0.02561434225404256
0.03612909001528481
0.057146944206917
0.08773873389814292
0.1250222454420276
0.1645660978553168
0.2011450934915719
0.2297084730394782
0.2463607741907895
0.2491581009872258
0.2385395294423906
0.217303842211535
0.1901161765660841
0.1626400760506045
0.1404710143411768
0.1280700674058964
0.1279214027212146
0.1400704270272325
0.1621346866841376
0.1897677547546074
0.2175033389201192
0.2397752998730841
0.2519371731050526
0.2510779324596944
0.2364968298546596
0.2097444187803941
0.1742641487106159
0.1347095755759942
0.09608149700818559
0.06287283938550087
0.03834116658220239
0.02407747597215414
0.01989461399617641
0.02404062624095163
0.03366801538317848
0.04544885009282663
0.05620845955086663
0.06346091744964227
0.0657571531940461
0.0628033886500358
0.05535573706760039
0.04493342717120962
0.03343002169983021
0.0227059918953202
0.01424194599872277
0.008910786629713112
0.006895000788846934
0.007747662359177314
0.01056397291149574
0.01421765946261626
0.01760686469523394
0.01986040065527839
0.02047146833677602
0.01934135463682957
0.01673896058054344
0.01319425638251131
0.009356814589062873
0.005851753575176093
0.003161492351276907
0.00155148762519526
0.001050535161353248
0.001479214982634833
0.002514896442066503
0.003775095365735799
0.004899955901111899
0.005618165085728522
0.005785536408691863
0.005393052545832329
0.00454760597240398
0.003432800356500554
0.002261078064652781
0.001227688921680936
0.0004751077649227182
7.333598940435599e-05
1.743745102119975e-05
0.000240001358174161
0.0006338034333736187
0.001078439542698625
0.00146544355175118
0.001716769563310809
0.001794540352101049
0.001701359111048024
0.001472786279189628
0.001164788943826156
0.0008394264866402095
0.0005519010374481325
0.0003412025294746959
0.0002256231746818066
0.0002030209006370796
0.0002550409703703076
0.0003536309635250538
0.0004682072126452619
0.0005718473367684544
0.0006455716596810801
0.0006801727185596313
0.0006757474637534174
0.000639509999076252
0.0005827072444891148
0.0005174445652307251
0.0004541323821695455
0.0003999425307496839
0.000358345979433378
0.0003296168089652523
0.0003118740957689043
0.0003023306985226729
0.0002983231209257643
0.0002979424921286997
0.0003001728329753888
0.000304611626465817
0.0003109822712425165
0.0003186238430698272
0.0003261960646134995
0.0003316560015687923
0.0003325921915695971
0.0003267353977486893
0.0003125985988850499
0.0002899667257149667
0.0002601468845931287
0.0002259022010091523
0.0001910111586696354
0.0001595932711339171
0.000135327207797678
0.0001207418034289828
0.0001167010163629693
0.0001222599334532679
0.0001348485392229744
0.000150776817256584
0.0001659533388724434
0.0001766364798535512
0.0001800810861632231
0.0001749600363049476
0.000161485757375995
0.000141228722263794
0.0001166993478210139
9.082133895954028e-05
6.637973425043885e-05
4.558452805697472e-05
2.983472078625129e-05
1.967814173422934e-05
1.495235255056721e-05
1.504152276475e-05
1.915080451081412e-05
2.652867699448192e-05
3.657966599269632e-05
4.884917301335664e-05
6.293662664632681e-05
7.836028055194035e-05
9.447004661658644e-05
0.0001104533820301334
0.0001254388524460114
0.0001386999884962091
0.0001498579754220077
0.0001590385752550484
0.0001668811260772112
0.0001743696954955171
0.0001825058047983848
0.0001919180341573408
0.0002025130580018722
0.000213334446153247
0.000222733347204515
0.0002289183625174008
0.0002307354956757281
0.0002286111156457372
0.0002252917714570986
0.0002261256731801008
0.0002386451450100802
0.0002713816411671577
0.000331930716259061
0.0004246705166435775
0.0005485952463190979
0.0006958405092425984
0.000851455760920423
0.0009948248110647449
0.001102632517274438
0.001153132571080518
0.001130925782880978
0.001031262770528542
0.0008628145714818809
0.000648060791984117
0.0004208774972590602
0.0002214054415508185
8.903939053450674e-05
5.473252791566036e-05
0.0001342857898872206
0.0003240728326713031
0.0006003640623183413
0.0009226512951790595
0.001240546987383908
0.001502993012391614
0.001667925990847991
0.001710404683190526
0.001627351579387712
0.00143787089419101
0.001178997000079341
0.0008977555986782307
0.0006413852126444907
0.0004477887412601618
0.0003385700312327505
0.0003159478014988278
0.0003643216812566968
0.0004558651202157703
0.0005586013385722964
0.0006448808763377143
0.0006980255339140066
0.0007155583818795401
0.0007082208210199751
0.0006952155163690452
0.0006972057229739552
0.0007289791240637256
0.0007940136363627732
0.000882457951686438
0.0009731713278391515
0.001039242389029375
0.001055464877459178
0.001005698380244858
0.000887899616198418
0.000715449030603721
0.0005143358412622496
0.0003168531219579043
0.0001536368915378252
4.616754075872555e-05
1.828101599965784e-06
1.286030015919175e-05
5.942052625108056e-05
0.0001158280872458877
0.0001581125595267938
0.0001706978384618132
0.0001503017728908888
0.0001060018235566959
5.553488582901341e-05
1.908997208717158e-05
1.247313460019176e-05
4.181300459236357e-05
0.0001013873529874749
0.000175238718372283
0.0002420439166064912
0.0002817481954210495
0.0002818783087235676
0.0002415991616735659
0.000172245091504636
9.412981723236816e-05
3.063372644506481e-05
1.274168860161574e-06
1.59381785655057e-05
7.195728675595973e-05
0.0001548869073239426
0.0002427278435603369
0.0003122968066487677
0.0003457708280844395
0.0003355030178772054
0.000285681365996019
0.0002105092446824436
0.0001294863620754792
6.147165261044742e-05
1.929185270311775e-05
6.586731751222013e-06
1.773369990937118e-05
4.071990509768585e-05
6.187617581218269e-05
7.084000188687597e-05
6.408206124936856e-05
4.587006655570679e-05
2.641704905454949e-05
1.791984447132812e-05
2.986261237264112e-05
6.523665355095842e-05
0.0001189539146532726
0.0001790289814482656
0.0002301475373913097
0.0002584424423851595
0.0002559324568480195
0.0002231064499895344
0.0001688490863553681
0.0001076827402694314
5.525576807340406e-05
2.354061051189994e-05
1.728394692194178e-05
3.287940552641241e-05
5.997777041279867e-05
8.528228512661314e-05
9.724945728263511e-05
9.014457065029927e-05
6.608226280969331e-05
3.438238628036204e-05
8.465054423481324e-06
1.291008015115916e-06
2.084340291147536e-05
6.714254401738495e-05
0.0001317799238499034
0.0002001425083672413
0.0002556024111694034
0.0002844330718915163
0.0002797801325812127
0.0002435687214183627
0.0001857246629614001
0.0001210216315918136
6.459576826152204e-05
2.756717441656042e-05
1.411948350608793e-05
2.090243497517433e-05
3.884423567833418e-05
5.668863628521843e-05
6.502829212497916e-05
5.948954336342844e-05
4.204984915470815e-05
2.010303221291948e-05
3.643713617059944e-06
1.565808007016155e-06
1.83408847386685e-05
5.219167638992623e-05
9.539684656245527e-05
0.0001365569658412959
0.000164198820806403
0.0001703661898128239
0.000153200982835304
0.0001175418721475185
7.34419104348618e-05
3.303720956231865e-05
6.8504945608339e-06
6.216810899925678e-07
1.376071198509214e-05
3.982366415128769e-05
6.88346172165878e-05
9.069954861203797e-05
9.856573879196753e-05
9.102661655532629e-05
7.249892546073532e-05
5.166234434778154e-05
3.842172553541823e-05
4.051442638284535e-05
6.068542135949174e-05
9.554529273007428e-05
0.0001363654117144323
0.0001716091376943588
0.0001904830857416849
0.0001863461341645053
0.0001589285126169091
0.0001146769209680724
6.511379762403537e-05
2.362296972945318e-05
1.689123034550529e-06
5.627980863066045e-06
3.481316248830605e-05
8.185100824694345e-05
0.0001346961933940082
0.0001799711429132378
0.0002066393623179061
0.000208844896637795
0.0001872570074079604
0.0001485259776085113
0.0001030701114466824
6.200012226246227e-05
3.396704531589295e-05
2.295139814729667e-05
2.757398080306101e-05
4.200332273514508e-05
5.81654056113168e-05
6.850383441020779e-05
6.842228470839731e-05
5.770243931161292e-05
4.047508682281849e-05
2.377975805940907e-05
1.521231963067844e-05
2.036400222580818e-05
4.086549116884441e-05
7.359414807037692e-05
0.0001113672292901431
0.0001448214984298245
0.0001650529366500292
0.0001662021529856389
0.0001471932935607595
0.0001122968655215453
7.014287705317543e-05
3.158015710279807e-05
6.92137111742825e-06
3.276259783903376e-06
2.273432732537603e-05
6.181405274728905e-05
0.0001123214026687387
0.000163392205063604
0.0002041160394258245
0.0002261242353962038
0.0002254900834839571
0.0002034099224893131
0.0001656688409758331
0.000121047978505911
7.904544569209055e-05
4.767991665195531e-05
3.17495715447905e-05
3.205518941440142e-05
4.567466933643359e-05
6.710452673815243e-05
8.994683863110839e-05
0.0001086415909446983
0.0001197540834109398
0.0001225802783970271
0.0001189135808726945
0.0001121303010954134
0.0001059286524847119
0.0001030690593463728
0.0001045157465560895
0.0001092137375619893
0.0001145013383551215
0.0001170861947128935
0.0001142168404377398
0.0001047494310605198
8.975149352189488e-05
7.246302640047547e-05
5.760637383510719e-05
5.019853654309227e-05
5.417397842130057e-05
7.117201190732693e-05
9.984423455414198e-05
0.0001358793329738009
0.0001727314730389587
0.000203026315024241
0.0002201750822950488
0.000219969208713429
0.0002016676927230052
0.0001683742926818919
0.000126555286829702
8.48208001614424e-05
5.21465374667997e-05
3.601374960105219e-05
4.077683555160643e-05
6.668538833822711e-05
0.0001097130573782037
0.0001622880000001412
0.0002147813878403178
0.0002573686904180616
0.000282016423681281
0.0002840854120626273
0.0002632315406026402
0.0002235348892790934
0.0001726853648051545
0.0001204942672253164
7.70330794949229e-05
5.068368970951343e-05
4.658408533207489e-05
6.566749034834506e-05
0.0001045525200827773
0.0001561913816061113
0.0002112669746297166
0.0002598976340720826
0.0002935209578951103
0.0003063926597517543
0.0002966220701272334
0.000266428698706008
0.0002216852536104971
0.0001707953284932404
0.00012314289135781
8.737726013417051e-05
6.992123347277914e-05
7.385828408424595e-05
9.845576736417735e-05
0.0001393756172899674
0.0001894728271024116
0.0002401444429176628
0.0002827908074777475
0.000310339677432837
0.00031845269882575
0.0003061957446224914
0.000276150411386593
0.0002339405303407275
0.0001871846224548523
0.0001442038426745508
0.0001125758127533306
9.787349762986044e-05
0.0001027440514793318
0.0001264996164744397
0.0001652598236599818
0.0002126680895916274
0.0002609455678622411
0.000302251455741489
0.0003299395720873267
0.0003397130245104127
0.0003302930757681451
0.0003036044622705517
0.0002644527713678273
0.000219714209517746
0.0001771545465978148
0.0001441800095755682
0.000126600669174378
0.0001276661966539731
0.0001475733515839437
0.000183425843271432
0.0002297127119658202
0.0002792282323516725
0.0003242438365221426
0.0003577949870909552
0.000374785598020347
0.0003728380490296543
0.0003526938500039197
0.0003180817363745658
0.0002751470881447799
0.0002314450226877976
0.0001947541038055812
0.0001718008134170379
0.0001671687433040374
0.0001825247213363574
0.0002163624881992773
0.0002641467506906414
0.0003190688839634841
0.0003730982867150132
0.0004182803739774559
0.0004480362836747132
0.0004583090833888027
0.000448240857213003
0.0004204343146258067
0.0003805360797312971
0.0003364154014845201
0.00029685088814736
0.0002700497074608282
0.0002622315817443898
0.0002764888750038707
0.000312168924549418
0.0003648559759543957
0.0004270644370378049
0.0004894835443134619
0.0005425887548972555
0.0005782833307048829
0.0005914822805626099
0.0005809859291589655
0.0005498146260782831
0.0005046829607532129
0.0004547870258425158
0.0004100832081708165
0.0003794127723540908
0.0003687780433926942
0.0003802196330745646
0.0004113237891686212
0.0004558167332288297
0.0005046505680554382
0.0005479501415012715
0.000576807069617014
0.0005851473284447418
0.0005707852671187118
0.0005358456985107377
0.0004861085811109031
0.000429823778507422
0.0003757914914779652
0.0003316458641985143
0.0003022346343600372
0.0002888012681839808
0.0002889456311553769
0.0002972898257744028
0.0003069761346338051
0.0003112334913944955
0.0003049566755971566
0.0002857744131470032
0.0002544880648303852
0.0002146814480751061
0.0001718057949454992
0.0001317774905489652
9.966526529101293e-05
7.859761655368616e-05
6.917086217064333e-05
6.958045385209047e-05
7.620156955691893e-05
8.459762911720549e-05
9.060746568669565e-05
9.123704337356293e-05
8.520508430538511e-05
7.299721675183814e-05
5.654931845603628e-05
3.861287071859782e-05
2.206681168743347e-05
9.33835009093445e-06
2.068045321587933e-06
1.013705271573225e-06
6.191414364247478e-06
1.709979273834785e-05
3.290508003568455e-05
5.252686291465e-05
7.457980383567434e-05
9.725098978400315e-05
0.000118278706637151
0.0001350702349594783
0.0001450971934833407
0.0001465797617668366
0.0001392458147793811
0.0001250414106009136
0.0001084144392994284
9.617664819295062e-05
9.657300153732914e-05
0.0001178800410715905
0.0001666455198308386
0.0002459811949098928
0.0003543388177866753
0.0004851511608723922
0.0006274729559658352
0.0007677407932193684
0.0008921356486964564
0.0009892727616635205
0.001052592895876478
0.001081690562392129
0.001082623411248041
0.001066717735741651
0.001048165651126094
0.001041108770728971
0.00105651031430286
0.00109970783758677
0.001169270865814051
0.001257026723960294
0.001349790942080155
0.001432135682123731
0.00148902078605942
0.001509503217585589
0.001488200428459247
0.001426380485390321
0.001331576040022415
0.001215610973131739
0.00109227367657214
0.0009748256148192707
0.0008733410842321599
0.0007936670791615486
0.0007368064381035812
0.0006996190038266538
0.0006761059134248954
0.0006589465544556216
0.0006410923932186639
0.0006168640342680251
0.0005823949303861483
0.0005357769477109478
0.0004768114272328534
0.0004067748702158399
0.0003284197524947262
0.00024609008844834
0.0001661322354298486
9.694925467185807e-05
4.865603418355406e-05
3.186770039851175e-05
5.576151754089636e-05
0.0001255696587720492
0.0002401947030208003
0.0003905888644288727
0.0005598502930118143
0.0007251813908355505
0.0008622270598746106
0.0009505432218829492
0.0009794956768823901
0.00095301689922251
0.0008915820562729823
0.0008302930135761853
0.0008132757139152109
0.0008846125120734829
0.001077757773731965
0.001406060089757695
0.001856194431483543
0.002387484645201631
0.002936816313397919
0.003429215177881451
0.003792431921956416
0.003971305158634986
0.003939666360645648
0.003706199392077211
0.003312645794330021
0.002825364698045242
0.002320529815289582
0.001868504916826241
0.001519127940056363
0.001293146981743349
0.001180595083554646
0.001146826901276909
0.001144353853486267
0.001126699437415449
0.001061049305247671
0.0009357522627268588
0.0007615489618331269
0.000566274366594927
0.000385575796049802
0.0002524127662891993
0.0001889241074964092
0.0002031754001138298
0.0002909254480581332
0.0004410093075660672
0.0006423264804029726
0.0008879608941157327
0.001175465214356782
0.001501968249577994
0.001856494543564697
0.002213382908628794
0.002529697373026441
0.002752112380846588
0.002830746058929036
0.002740273306149412
0.002499760231273746
0.002184856500609453
0.00192562770976444
0.001885399326567149
0.002223593176843478
0.003049215877827546
0.004378152710626825
0.006106591656278774
0.008014992728014356
0.009803411974881902
0.01115955857295794
0.01184050517029956
0.01175248365591013
0.01100066070261483
0.009894413825392833
0.008895286115867835
0.008516254338445052
0.009189149931634452
0.01113483552780246
0.01427105099218165
0.01818535407725481
0.02219800739039615
0.02549913376249924
0.0273459542827063
0.02726811910377323
0.02523192352211859
0.021713709611173
0.01765605434033651
0.01429445800907445
0.01289376750872146
0.01443766816386094
0.0193507069610598
0.02732190132286881
0.03727862207710099
0.04754267747936931
0.05614517246106898
0.0612334139708296
0.06150353111962038
0.05654127116836041
0.04699883082270233
0.03455677780921859
0.02164424220471094
0.01099672576341413
0.005100814120916802
0.005662504919891506
0.01321121782369116
0.02692488908158701
0.04471923663794155
0.06361350060013173
0.0802710615991389
0.09165179834877961
0.09559886974264503
0.09128334126231252
0.07938207100809508
0.06196972810105626
0.04212772007825537
0.02337699411100113
0.009002829532608331
0.001456633809787
0.001901629576225601
0.01002606479586329
0.02413345879972024
0.04148729101515766
0.05884416384559223
0.0730684251702387
0.08168571488429126
0.0833117056590046
0.07784201487302331
0.06640824136177628
0.05111043057305293
0.03457944474193208
0.01948776670845601
0.008072459397982708
0.001771916336178223
0.001043696863541369
0.005360184144747739
0.01338463725410834
0.02327810589055933
0.03305626346991448
0.04095089363357163
0.04568268513952725
0.04663154280360102
0.04386814719295178
0.03806395295366424
0.03031050337359618
0.02188968899191462
0.01403662228126954
0.007752171043904444
0.003668605336980453
0.002005555248416151
0.002592851834931119
0.004956154088144056
0.008434514731350456
0.01230988351257012
0.01591751439941529
0.01873329492963759
0.02041867708931252
0.02083408415962841
0.02002014176993907
0.01816149511832886
0.01554182594651527
0.01249806668897821
0.009378818519721515
0.006513483452392001
0.004184406435706152
0.002609080327357236
0.001922409613112608
0.002166790212615592
0.00328470589830276
0.005119652993702582
0.007426652750377688
0.009895164729824019
0.01218134794199028
0.01395247533686786
0.01493192727215979
0.01494428190575435
0.01394817496776004
0.01205170224678179
0.009507684525965466
0.006681994060367887
0.004005970960504398
0.001911053627788993
0.0007598265803240392
0.0007853438734013021
0.002045760613298471
0.004405117608526844
0.007546139303299367
0.01101029653693147
0.01426727108535629
0.01679524430111742
0.01816829341211171
0.01813204465811946
0.0166537240694302
0.01394086720517453
0.01042160459744577
0.006685013336702248
0.003395234486384799
0.001182644457498942
0.0005383950826403096
0.001720623713187417
0.004696196344810163
0.009124897903878087
0.0143979697191933
0.01971991419546619
0.02423649524512905
0.02717466924443622
0.0279885043250337
0.02647126194069753
0.02282113832843911
0.01764043454480986
0.01186245857149549
0.006607399957326199
0.003002557522210288
0.001969316566817034
0.004039566953152248
0.009221253814649047
0.01694789498617084
0.0261375575685755
0.0353447605181232
0.0430065181062145
0.0477324589213698
0.04858496006741223
0.04530664377236428
0.03843183183442673
0.02925315653494426
0.01963833154207036
0.01170474182530599
0.007423175866421584
0.008201995353787808
0.01455092347066715
0.02589363240897201
0.04059304538271023
0.05618711768479614
0.06983888371129228
0.07888618195449908
0.08143047738488145
0.07679680238482466
0.06578680767630604
0.05063065985752035
0.03462286924421712
0.02148003976359847
0.0145648884816214
0.01609452027129797
0.02654895808768678
0.04441450191727814
0.06635251304905199
0.08782650354696966
0.1040390158009954
0.1110448459067266
0.1067567271543414
0.0916004006034727
0.06863078037394033
0.04302369122715597
0.02097059091708143
0.008240560427800513
0.00866585786901633
0.02298428880878982
0.04833704038528044
0.07867829102073241
0.1060559935037676
0.1226219498799792
0.122853121432397
0.1055038889023786
0.0746520108823128
0.03942788993085872
0.01227791021648545
0.00592539644730433
0.0296595124518516
0.08581729770731228
0.167530157906144
0.2585413119855721
0.3359140386028057
0.3753296751664262
0.3586465897634672
0.2821560080125017
0.1638852953983349
0.04802109798145222
0.004664634420080952
0.1239860617701987
0.5047555314277993
1.238594563835302
2.391501791326125
3.98735429795392
5.993862153450109
8.318355209359259
10.80973637732055
13.2724635252764
15.48909365126749
17.24601590500968
18.36416884804101
18.72329412443694
