# RCS in m**2 for a L=5 cm PVC cube at 22.5 degree aspect angle
# frequency = 91.25 GHz, 
# theta = linspace(0, 6.2832, 1441)
# phi = linspace(0, 0, 1  1)
18.61908117213205
17.99670942740627
16.60537067168931
14.58912558703321
12.15522752649125
9.544705207898634
6.998505014976574
4.725054077968828
2.874586321070968
1.524394415488733
0.6766282785685028
0.2683813254188664
0.1912438025956759
0.3160137334464297
0.5175560995985601
0.6952336447435069
0.7856307953712389
0.7660947377504121
0.6496534209792176
0.4736228070494345
0.2851881599507943
0.1275659440516909
0.02966865794957754
0.001110850653964293
0.03283692100274067
0.1023521323983837
0.1815416154546456
0.2447173411782829
0.2748085191958087
0.2663762350775069
0.2250879057999942
0.1643577154600708
0.1004154027427856
0.04740274882015724
0.01383797250834483
0.001251088824459856
0.005061367612430341
0.01712423509033989
0.02895505413691301
0.0345579827228366
0.03202956995377062
0.02358322146929174
0.01415863247619695
0.009223635160969967
0.01256980438642242
0.0248442490961929
0.0432667280576048
0.06256836808551428
0.07678042009358628
0.08125355629614008
0.0742351425715005
0.05749084470088775
0.03579904071678299
0.01549649513394098
0.002549872179072109
0.0007680243569680497
0.01069885071294314
0.02952760326854365
0.05197956268987447
0.0719136805630734
0.08410459811149407
0.08567945018792007
0.07678798485254393
0.06036278530374853
0.0410812972232543
0.02390152054597321
0.01262237175089894
0.00890717820186309
0.01202110447348743
0.01930808378851085
0.02720150807320276
0.03241654601175169
0.03293951681382363
0.02852911877934442
0.02061210104318154
0.01165983605250305
0.004290409791130137
0.000404584835303077
0.0006312004841150902
0.00423726711483613
0.009490327194126465
0.01431984949127191
0.01703128210737652
0.01683546484301006
0.01402582799116062
0.009774016445605776
0.005639930799410459
0.002984924493921771
0.002497444034499736
0.003992503813823265
0.006536665592325
0.008842910111835299
0.009781942770611413
0.008824377674432348
0.006257486726381926
0.003103701805256355
0.000770008024203679
0.0005531049941860468
0.003170230310957176
0.008475544925887452
0.01545818894173749
0.02252268284883995
0.0279623943884192
0.03046795214487371
0.02951656240841854
0.02551435916767058
0.01965805234732326
0.01356208451533497
0.008777542210837654
0.006348450234180824
0.006544544604706133
0.008837263985586079
0.01211728766957198
0.01507073489170958
0.01658912402260738
0.01608858418498556
0.01364349084243888
0.009909244065825856
0.005874253509318162
0.002530284162446855
0.0005718370374497791
0.0002148942441459218
0.001183170764356223
0.002850629691323403
0.004481622234106837
0.005482369197445759
0.005580626526124396
0.004880846566128008
0.003786117844191873
0.002824107472661646
0.002442209214481011
0.002844662428952632
0.003925053463847141
0.005311413347351276
0.006504405225995363
0.00705715137049145
0.006732608942047635
0.005586639146441291
0.00394929896837648
0.002314686079644192
0.001176159123768345
0.0008646899848341673
0.001442699887897175
0.002687605235224671
0.004169117128358794
0.00539302451620507
0.005965528456681965
0.005722677945830284
0.004786326331852059
0.00352783448855934
0.002453203176562308
0.00204477997146755
0.002609781513448624
0.004180973877806022
0.006499272232896967
0.009081618260343427
0.01135429728027291
0.01280880146418479
0.01313861712360816
0.01231516758998211
0.01058634882642643
0.008399985589329013
0.006276436402023308
0.004670238610564492
0.003857107239884253
0.003876762762779104
0.004543268388811111
0.005514953905743456
0.006400080717014762
0.006867014008166223
0.006727199477453153
0.005971911055641279
0.004756075934292771
0.003338950005744112
0.002002632588775146
0.0009736119411655716
0.0003685091035949334
0.0001776861186560918
0.0002869778707499851
0.0005272265573316911
0.0007342578022067335
0.0008002729303208219
0.0007022063214877725
0.000500155419924279
0.000309368126491168
0.0002559537452806798
0.0004315711016131027
0.0008611303665403762
0.001492749041536914
0.002212444177616905
0.002877967801324858
0.00336131388967644
0.003586361273012811
0.003551285312557429
0.003329040495189323
0.003046411053001176
0.002847566526632195
0.002853252179602783
0.003126395404814802
0.00365389285551678
0.004349017865166298
0.005073378060850752
0.005672561908805963
0.006015032243300008
0.006025496647752981
0.005702753363904549
0.005119278836136095
0.004402940045681263
0.003705262598256016
0.00316510443690268
0.002877466922429598
0.002872984140965017
0.003114080476527468
0.003506747168072607
0.003925257798045198
0.004242437562278485
0.004358686458465592
0.004222823023626913
0.003841140346249984
0.003272013704038157
0.002610578877110796
0.001964966101634887
0.001432314558192214
0.001078956976866954
0.0009288277877104914
0.0009622300088157739
0.001124147243663552
0.001339521697905532
0.001531225743401119
0.001636889440466921
0.00162059104772266
0.001477671150050389
0.001232264912553404
0.0009287621199709918
0.0006198480821498389
0.0003542089618587126
0.0001664032802981931
7.118029769949621e-05
6.270248547712601e-05
0.0001185132573540747
0.000206609189143133
0.0002937792386568266
0.0003531493926835297
0.0003692772460572166
0.0003400656839222547
0.0002753153899453923
0.0001926539005212865
0.0001123424385798878
5.174632548458669e-05
2.153905612654934e-05
2.368183041043718e-05
5.185236351932658e-05
9.381694585053689e-05
0.000135091772411959
0.0001627294058340849
0.0001685666328864759
0.0001509504660528348
0.0001148345781417288
7.022555652503728e-05
2.952198030262394e-05
4.377021668252467e-06
2.897940872354617e-06
2.773845489692753e-05
7.553098313018012e-05
0.0001376680272295098
0.0002022543874481375
0.0002567033542330863
0.0002904163006262662
0.0002969854647753195
0.0002755313839895907
0.0002306669224542822
0.0001717060506274118
0.0001106330615069253
5.986075947067347e-05
2.979367023616254e-05
2.697243970622851e-05
5.290460027141425e-05
0.000103862801252733
0.0001716394506855511
0.0002450350567984636
0.0003118403675910616
0.0003609447401918155
0.0003842227947473368
0.0003778513934541086
0.0003429911246513796
0.0002855579665592389
0.0002153323070024537
0.0001443809347203788
8.513742878587281e-05
4.839038901880626e-05
4.143961061231774e-05
6.680978595080969e-05
0.0001216282810771454
0.000197871891829488
0.0002834834962766103
0.000364203149917814
0.0004259358184044232
0.0004572475846311206
0.0004514771457795999
0.0004083180320114727
0.0003342486769029609
0.0002417925833532174
0.0001475641583624962
6.945553970143383e-05
2.321397625014815e-05
1.939663655124281e-05
6.091404678835411e-05
0.0001420002858654793
0.0002488561354329548
0.0003619055543963675
0.0004594231042997371
0.0005218408127169418
0.0005358257721394014
0.0004973761076431101
0.0004130391062835634
0.0002990576676576409
0.0001783022275509588
7.571179222746007e-05
1.304266308059555e-05
4.07654035408657e-06
5.139433288126543e-05
0.0001455027808572797
0.0002665962343560319
0.00038865878829233
0.000485165924140185
0.000534883957988966
0.000526769033927835
0.0004625515283568525
0.0003563674756368106
0.0002316761801254095
0.0001158416963863231
3.383071267707895e-05
2.47443442536087e-06
2.664675939029463e-05
9.832463551760907e-05
0.0001987575740896849
0.0003032061372115256
0.0003870417093058608
0.0004316911035827304
0.0004289072096395397
0.0003823164323318571
0.0003059061873412229
0.0002198615986164998
0.0001450782081633947
9.770923997069507e-05
8.532312908457117e-05
0.0001056962773487453
0.0001484350932397507
0.000198875235770152
0.000243007369560029
0.0002718487597564333
0.0002839784775326886
0.0002853061624051975
0.0002862872533277632
0.0002974990684268885
0.000324988562209164
0.0003671451033726212
0.000414207376466756
0.000450886417890229
0.0004614551843068224
0.0004356555081387784
0.0003737200324283305
0.0002884028528291878
0.0002031057537612508
0.0001462540302843843
0.0001431579767368036
0.0002076836115318718
0.0003363857940705627
0.0005071348425818755
0.0006830900606108391
0.0008216009932469012
0.0008853602091564265
0.0008533920098931683
0.000728095155782137
0.0005361393487552856
0.0003227739722095888
0.0001404319068375195
3.490142624963063e-05
3.270126071499096e-05
0.0001334257720550843
0.0003093881503742158
0.0005128615839472972
0.000689046695116533
0.0007910589496873305
0.0007926248858446007
0.0006949167381293976
0.0005253333725989726
0.0003288096759262864
0.0001542452600467316
4.023046275510369e-05
4.374933934914896e-06
3.958317262494514e-05
0.0001181199520526151
0.000202075432033408
0.0002566560972855128
0.0002618524621023458
0.0002185519067232453
0.0001472343418884157
7.952794269050859e-05
4.585698767814113e-05
6.345301839276323e-05
0.0001291267434594131
0.0002197466005210299
0.0003004450876560205
0.0003380257255984477
0.0003149082697137475
0.0002384314700071823
0.0001417041816630429
7.486252153204547e-05
8.892636441704523e-05
0.0002172970069189981
0.0004611461388574206
0.0007841439290651018
0.001119188779812753
0.00138610274570588
0.001515268758605353
0.001469981390004037
0.001260279862240516
0.0009428307182493577
0.0006064011041797266
0.0003465163784162796
0.0002367999879301663
0.0003059793404078353
0.0005280988727511158
0.0008294977330660955
0.001110952029962534
0.001278422244038769
0.001272728628011704
0.00108881375569769
0.0007781617138934312
0.0004330782564944082
0.0001580483748002408
3.67399506062398e-05
0.000105567056950586
0.0003422075472703383
0.0006729216046424672
0.0009962977823802525
0.001215395142268851
0.001267957406063212
0.001144493855107319
0.0008883205537973036
0.0005782216992202514
0.0002997717128778893
0.0001158585618654878
4.700657534808729e-05
6.862342513973191e-05
0.0001262500325177983
0.0001630765520765552
0.0001492999472894351
0.0001014518221374393
8.314079218506298e-05
0.0001850947259198447
0.0004900613735591369
0.00103442592450256
0.001780818242076645
0.002613668912950914
0.003361742034283125
0.00384399529781303
0.003925146875968834
0.003563204313600254
0.002832371348333249
0.00191140048430779
0.001038141625644189
0.0004426781898609434
0.0002782117634367907
0.0005726385971972555
0.001216595638752352
0.001994292429800539
0.002649013898698223
0.00296394483283647
0.002833104155557454
0.002299311233312986
0.001545484344525112
0.0008406985712710999
0.0004562531642191924
0.0005782028524979945
0.001243760103005447
0.002322896031645855
0.003552193841386889
0.004610945546375073
0.005216373741266486
0.00520758671674574
0.004591440540268231
0.003535439879102201
0.002310577755818478
0.001202781158175575
0.000424005795779132
5.201791342804754e-05
2.147546985288797e-05
0.0001683865493047252
0.0003126473904779693
0.0003481653418489875
0.0003059263824771974
0.0003627535961629086
0.000786902377222069
0.001834150691938307
0.003628429453326221
0.006070256372108305
0.008812659424634883
0.01132511963402306
0.01303739438800276
0.01352800236260079
0.01269923614772759
0.01087933536922754
0.008804397728441741
0.007469012082037389
0.007868205588217317
0.01069759293342947
0.01609324081395531
0.02349580619576669
0.03169415440054948
0.03905940323456258
0.04392420516305178
0.04501815104929048
0.0418421271599293
0.03487300375254614
0.02552388733142542
0.01584789408741391
0.008045244896450952
0.00388908616372657
0.004221318617382611
0.008665057844574069
0.01565367846720314
0.02280261528571496
0.027559535122798
0.02799605428795134
0.02354150239447588
0.01546987466517419
0.006983873506169955
0.002829116484509123
0.008475542086365176
0.02901070944844734
0.06796020632666946
0.1262969573365616
0.2018359116826095
0.2892232650146128
0.3804954757879868
0.4661754594412543
0.5366888605514792
0.5838601074014858
0.602197782224024
0.5897454936992725
0.5483359361616494
0.4832362763566151
0.4022266646576978
0.3143400027063261
0.228476979180797
0.1521497740885644
0.0905549671149358
0.04613378798248298
0.01861871774366696
0.005525036304794045
0.002946430318676904
0.00646991674830394
0.01202950638516086
0.01655048583779444
0.01829057145357829
0.01686157875479544
0.01297514170846508
0.00800907537162493
0.003512059346730326
0.0007606203802845337
0.0004565207869733236
0.002608976633898976
0.006601243395181935
0.01140085421852628
0.01584637278893907
0.01893538843892182
0.02004706422667364
0.01905587304401836
0.01632231630134725
0.01257317797713221
0.008712164242504501
0.005604847462938943
0.00389221528041788
0.0038676744828611
0.005439554767985588
0.008179237536108063
0.01143618943233972
0.0144906400115835
0.01670756348815399
0.01766009949132967
0.01720014089106856
0.01546653461445526
0.01283431091343098
0.009821684379296014
0.00697711990725237
0.004770398692301845
0.003509561116507564
0.003296459218108805
0.004026480884932665
0.005427643118157795
0.007127333210608984
0.008732113693113316
0.009902729925192748
0.01041195152910959
0.01017553050934429
0.009253742950928338
0.007826326137895408
0.006148178503610576
0.0044961365877634
0.003117594582333409
0.002189077821162972
0.001792480343474389
0.001910170885311871
0.002438100433454449
0.003212580656901485
0.004044594732568049
0.004754855888998316
0.005203503716209213
0.005309989443727932
0.005060874502308723
0.004505494190972636
0.003741582600920946
0.002894299046452101
0.002092806874062972
0.00144850477047757
0.001038318305419797
0.0008951544955093047
0.001006386599710927
0.001319829801391841
0.001755304389751961
0.002219974251079673
0.002623976769349029
0.002894453410842088
0.002985708642183927
0.002884350052735586
0.00260904096983766
0.002205299193731417
0.001736644134944504
0.00127367365932154
0.0008825975158592998
0.0006154065892655346
0.0005026449681625934
0.0005498081540370604
0.0007376585119795533
0.001026184936245236
0.001361481021037727
0.001684336148195178
0.001939412932491275
0.002083452191787205
0.002091655672196634
0.001961111553372349
0.001710934478001362
0.001379172496080918
0.001016806249480596
0.0006798248871466238
0.0004203967374664487
0.0002785847806775324
0.000275736676326149
0.0004107231403980485
0.0006596576386987001
0.0009793371199407087
0.001313951912262158
0.001604135711718825
0.001797035685783116
0.001855568556110659
0.001765412861657969
0.001538307799536046
0.001210896619453042
0.0008389309906037934
0.0004878843390842219
0.0002213091009621768
8.898854002483343e-05
0.000117185050495346
0.0003028503726939551
0.0006131752506873725
0.0009908360878599094
0.001364196087549056
0.001660635921890625
0.001820866715251927
0.001810875346274918
0.00162954167599873
0.001309845295484984
0.0009133684437749092
0.000518735105834885
0.0002062901002196806
4.187713948512713e-05
6.311258829483967e-05
0.0002709636707266074
0.0006287359863937073
0.001068722139930826
0.001505459871663593
0.001852896765609479
0.002042115786289955
0.002035704470158539
0.001835809833198971
0.001483997762642064
0.001053042704742618
0.0006317961197869051
0.0003069910965665309
0.0001452289893491823
0.0001793895152394412
0.0004021317642518336
0.0007679575086072299
0.001203236841139981
0.001622036934131963
0.001944096412127051
0.002111153812438695
0.002098166349083104
0.001916961653615205
0.001611922498705026
0.001248980640576921
0.0009005489378183589
0.0006298800824069253
0.0004784658848319339
0.0004589440621066366
0.0005548661344022602
0.0007268370438460591
0.000923255872530734
0.001092765717750664
0.001195517193532052
0.001210651765602766
0.00113874349503844
0.0009989857763951406
0.0008224553513188647
0.0006434377401089718
0.0004911375269886421
0.0003837208424493997
0.0003259200995604225
0.0003102777324649737
0.0003211986861877839
0.0003403930371462505
0.0003520252055587045
0.0003463021780734285
0.0003207418568727667
0.0002792201055724861
0.0002294642217824676
0.0001800024235086587
0.0001376530280281845
0.0001061578980482172
8.618863390289642e-05
7.63989201215903e-05
7.483138898478906e-05
8.00476171200095e-05
9.145792368969286e-05
0.0001088204946673695
0.000131213148536258
0.0001560767997418479
0.0001789344169230119
0.0001941438799967952
0.0001965741554143265
0.0001837772852532921
0.0001577524134479783
0.000125597429855379
9.846728035295345e-05
8.892049738391949e-05
0.0001072088559122979
0.0001576194568043265
0.0002360534306662335
0.0003297796977133448
0.0004197660737435442
0.0004851288104473017
0.0005086616659525748
0.0004818208251467693
0.0004077258020537024
0.0003011413058702227
0.0001852661991313651
8.601408106648913e-05
2.545683877177083e-05
1.606998333096996e-05
5.755606429908457e-05
0.0001371055570533506
0.0002330571583197332
0.0003209184841379758
0.000379962923422924
0.0003986017263344397
0.0003768824533540542
0.0003256002569489482
0.0002623150322225289
0.0002056181468590431
0.0001694584020053076
0.000159236890220173
0.0001707998367326409
0.0001925751116541475
0.0002099968283136246
0.0002107199843574089
0.0001889629314958172
0.0001474656899454605
9.661521853845675e-05
5.094818424648757e-05
2.43310653930511e-05
2.537737279867837e-05
5.461819100708748e-05
0.0001043543113720934
0.0001611429136545764
0.0002101243532912281
0.0002396384137149253
0.0002446790359788666
0.0002280052557060464
0.0001986295671796486
0.0001682835269095336
0.0001470937450254961
0.0001400242321704108
0.0001453197696963501
0.0001554711926507225
0.0001603789527715794
0.0001515605677675604
0.0001259020958838124
8.755857278748355e-05
4.723826072487227e-05
1.901771425385321e-05
1.567085489525999e-05
4.406556448301525e-05
0.0001021991787092097
0.0001789874359348842
0.0002569564554275538
0.0003170979705150602
0.0003444102532066362
0.0003323473324427174
0.0002847540855976133
0.000214690633487587
0.0001404505375051865
8.008863247766841e-05
4.615635580698951e-05
4.228310642014182e-05
6.268025409876722e-05
9.463717756698325e-05
0.0001231218957649695
0.000135924814838445
0.000127715096952066
0.0001016325832512425
6.802421529798402e-05
4.074391116893572e-05
3.234708385810221e-05
4.977110376230904e-05
9.191969481565324e-05
0.0001499302446365701
0.0002099785795690272
0.0002576120392237102
0.0002822229126254276
0.0002800653322881551
0.0002550087770426594
0.0002167665958529756
0.0001773022084441253
0.0001467409885322405
0.0001301355947286223
0.0001262111229685247
0.0001284521010987043
0.0001280667208740213
0.0001177354705124381
9.47956651424668e-05
6.270095495589976e-05
3.017022740964651e-05
8.361971917810171e-06
6.938723754865883e-06
3.047308019860536e-05
7.636738888016683e-05
0.0001351561276708242
0.0001930278935107597
0.0002359670969491189
0.0002540006201758336
0.0002443401185686374
0.0002122418654201452
0.0001693897177954655
0.0001302286844237739
0.0001074387998574777
0.0001080057339956642
0.0001310742486572717
0.000168316516976889
0.0002066061463716713
0.0002322261086379971
0.00023512099901007
0.0002120408351511461
0.0001674281208301903
0.0001119458268467347
5.912888010540013e-05
2.121773812940229e-05
5.521995832735116e-06
1.249243443027188e-05
3.596933512334689e-05
6.550902471521559e-05
8.998300820048065e-05
0.0001012234498166684
9.660076088520669e-05
7.966514889886779e-05
5.880078074901946e-05
4.424533201517658e-05
4.459304766401373e-05
6.385388331413066e-05
0.0001000209467144784
0.0001456157729833511
0.0001899534340093197
0.0002224554427884805
0.0002358856672245891
0.0002285461560378881
0.0002046779428942739
0.0001730777244413143
0.0001442549481487552
0.000127159143864368
0.0001264149213663803
0.0001409596097983891
0.0001644821646315075
0.0001874730794208991
0.0002002737382185212
0.0001961316952843977
0.0001733518157216694
0.0001358663206265561
9.211266774236814e-05
5.24879862203235e-05
2.629061038694548e-05
1.896288857946737e-05
3.053443767198178e-05
5.567353851532438e-05
8.534001890643042e-05
0.0001095065550421968
0.0001201841669519031
0.0001137452882306234
9.200068710793309e-05
6.162418002049332e-05
3.215589759688042e-05
1.320182523030102e-05
1.156356652233703e-05
2.924143833021186e-05
6.280163184647463e-05
0.0001042651787663964
0.0001433345980174534
0.0001702452912432007
0.0001784570300769138
0.0001664521675105531
0.0001381468033495251
0.0001018024309526343
6.780121896206287e-05
4.582129027652658e-05
4.228424997882437e-05
5.86606883588199e-05
9.11342480737492e-05
0.0001316473083673409
0.000170045897768084
0.000196699828910064
0.000204989646673891
0.0001928638301050729
0.0001633193199016366
0.0001234697827716684
8.269792665844168e-05
5.023295189809389e-05
3.29103134085315e-05
3.356539814063353e-05
5.05127974809843e-05
7.817256791909373e-05
0.0001085769847253592
0.00013346147013439
0.0001462624062110877
0.0001436473044666134
0.0001261322634707671
9.777539000013529e-05
6.498941624099161e-05
3.488346807390028e-05
1.349975515234827e-05
4.469729247294682e-06
8.284677039698941e-06
2.240170197674917e-05
4.205969833815566e-05
6.157828692422238e-05
7.577451431447092e-05
8.118863947144405e-05
7.674408345143483e-05
6.385828697921399e-05
4.589674771598067e-05
2.71815063376996e-05
1.192411432410965e-05
3.158015994105669e-06
2.129762372715676e-06
8.125640104115001e-06
1.881220116239867e-05
3.09321467307075e-05
4.118737466708255e-05
4.705434042188769e-05
4.734528877050257e-05
4.240911811333229e-05
3.390507857383821e-05
2.430835319155588e-05
1.619762711821938e-05
1.16103704548256e-05
1.154152892657699e-05
1.575620338832433e-05
2.292570603010129e-05
3.102536975983948e-05
3.789339031146509e-05
4.180517146130476e-05
4.187973732636897e-05
3.829235465927887e-05
3.21843001149962e-05
2.533168064629224e-05
1.968155386476371e-05
1.684155408526458e-05
1.767486968504461e-05
2.210027667042584e-05
2.912061313689345e-05
3.708156285129891e-05
4.409512902831807e-05
4.849896359194618e-05
4.926931920801875e-05
4.626550424927466e-05
4.024204425867198e-05
3.270088694684059e-05
2.549084531743192e-05
2.040154742597953e-05
1.872970301091898e-05
2.098851437571955e-05
2.678859994324353e-05
3.493459217749118e-05
4.369309259537952e-05
5.118721414152472e-05
5.580602664868737e-05
5.656147617571436e-05
5.329105368110367e-05
4.668719195596378e-05
3.813744328640795e-05
2.944423596290218e-05
2.241465989926882e-05
1.853385369494741e-05
1.865134012673943e-05
2.283390666510811e-05
3.037217500546427e-05
3.993280563025035e-05
4.982077087885833e-05
5.830632486961206e-05
6.392640682905961e-05
6.574608589513233e-05
6.350514708465299e-05
5.764692788826403e-05
4.925255163173081e-05
3.985500650178295e-05
3.121062185082971e-05
2.504161323818136e-05
2.277910354552679e-05
2.536315168152463e-05
3.306526141411631e-05
4.543800701065252e-05
6.133287762519565e-05
7.901159220827937e-05
9.638529929330397e-05
0.0001112947994523072
0.0001218655493924005
0.0001268571883227213
0.0001259486854431681
0.0001199183383387937
0.0001106321849037104
0.0001008447079140683
9.38163805573514e-05
9.276486314288992e-05
0.0001002736101347582
0.0001177387977728606
0.0001449940799396573
0.0001802083375241605
0.0002200842952492442
0.0002603385837112604
0.000296516054913286
0.0003247675555100228
0.0003426612421616766
0.0003496942235531919
0.0003475075580424315
0.0003396437750670868
0.000330878940942988
0.0003263511890503557
0.0003305255169226895
0.0003463404256376653
0.0003744943000288622
0.0004133514232505191
0.0004591488392365554
0.0005067152744443191
0.0005504323300579499
0.0005852628863717621
0.0006076197124470236
0.0006160354734623428
0.0006112089237190321
0.000595881178919858
0.0005741150863644977
0.0005505164717885485
0.0005293244395359469
0.0005137651533083539
0.0005054695277404875
0.0005043903002244131
0.0005089309678577178
0.0005164030628220392
0.0005234883528578364
0.0005269393511626578
0.0005239725041458335
0.0005127084284915732
0.000492338236397873
0.0004631571406231734
0.0004264321694263739
0.0003841772808614738
0.0003388608057810868
0.0002931081956586518
0.0002493691761756786
0.000209677884103605
0.0001754688426244602
0.0001474868121398252
0.0001258059121345218
0.0001099774822128162
9.922798335699763e-05
9.269911019522691e-05
8.964947327074071e-05
8.961592193159128e-05
9.241879720366102e-05
9.809950589673832e-05
0.000106756343095356
0.0001184197554798929
0.0001329139153760869
0.0001498290320274529
0.0001686564178378223
0.0001888249030433008
0.0002099181157218322
0.0002316922872838341
0.0002539873826551435
0.0002766402403172146
0.000299181424661524
0.0003208841121832393
0.0003407092117604034
0.0003577083892281781
0.0003715309824244331
0.0003831338557006894
0.000395154487514138
0.0004120114788331574
0.0004393620948098
0.0004829285727187624
0.0005468047798939607
0.0006317784660669361
0.0007340289714162442
0.0008446660680354542
0.0009507238534546231
0.001037148933130106
0.001090054444191206
0.001100031441692276
0.001064981196840655
0.000991583058712837
0.00089474140627167
0.0007949445240432805
0.0007142007261102933
0.0006710349613091414
0.0006762209316327606
0.000729935402877624
0.0008213854997738544
0.0009309702997918395
0.001034541355233975
0.001108616582894168
0.001135447840010215
0.001106518294333735
0.001023635655457684
0.0008979024834144295
0.0007463386469213669
0.0005878796824751915
0.0004394704174252659
0.0003135714214271092
0.0002173009748126234
0.0001532535850387695
0.0001213824880542579
0.0001207915147099447
0.0001507756098013551
0.0002104982326428181
0.0002975582872235005
0.0004062077999290325
0.0005260111421618612
0.0006423145752666805
0.0007384689083453758
0.0008000186408921941
0.0008193789686584645
0.0007996519915641479
0.0007559953173785171
0.000713520798045283
0.000701576684813291
0.0007459190803832212
0.0008606122131091069
0.001042101112381778
0.001267750875255264
0.00150015997261406
0.001695799623016025
0.001817183015125876
0.001844194048284177
0.001782110534440304
0.001662573073241153
0.001537586237609367
0.001466853085673499
0.001501635902000276
0.001669471054680564
0.001964067154874993
0.002343603425839245
0.002738003347536467
0.003064721190411331
0.00324793312534949
0.003237183699003137
0.003020194811444079
0.002626282195639596
0.002119637562463952
0.00158426423153081
0.001104256379875929
0.0007455462327295129
0.000542431350387135
0.0004936087151400767
0.0005667154465086264
0.0007104085347027591
0.0008694577159227681
0.000998255865396367
0.001069652015352264
0.00107673807398959
0.001028732645018993
0.0009434212107300153
0.000839539632662849
0.0007328135509347322
0.0006361180823330029
0.0005637492375620379
0.0005365590770382546
0.0005844294790782546
0.0007429726037668185
0.001043994911359972
0.001501532021335596
0.002098109016277522
0.002777893271757776
0.003450613892638389
0.00400995124784656
0.004362426789841722
0.004460854117251698
0.004330978009134403
0.00408188135664315
0.003892071777851321
0.003970679350367939
0.004501052645207542
0.0055796948643848
0.007170902726606846
0.009090478066507158
0.01103417454780786
0.01264377776010619
0.01360492744620843
0.01374862386802607
0.01312780592969517
0.0120437456444927
0.01100561700924004
0.01062149070365841
0.01144391224345891
0.013802538349248
0.01766919058104067
0.02259846981240194
0.02777208687827873
0.03214437301641838
0.03467888942594503
0.03461031312574305
0.0316835190127232
0.02629694842751356
0.01950339729467375
0.01285710921117904
0.008112929771257913
0.006851396906178996
0.01009126945391308
0.01799732651201287
0.02974534472597744
0.04360627440667861
0.05722304837304362
0.06807018269408659
0.07396215369918241
0.07354531402258699
0.06662878718671479
0.05429949468742531
0.03876273818204053
0.02295909872725679
0.009990584143142486
0.002516700409534247
0.002201744212519527
0.009363883381207095
0.02288439235023347
0.04039956770849749
0.0587480690470598
0.0745850985435193
0.08501381343902183
0.08814971423602128
0.08346307155682997
0.0718619338463746
0.05549650245235675
0.03731626174808265
0.02050645126225657
0.007871747702136974
0.001340520728938058
0.001637659161382211
0.008209712772672444
0.01939228108674467
0.0327831208359523
0.04572043036529387
0.05579786357966683
0.0612764058493986
0.0613628815748609
0.05627552512565895
0.04712942655249856
0.03565387282406489
0.02383471157882349
0.01352708673584492
0.006146767351360774
0.002456392776979935
0.002507756943408674
0.005710489818783707
0.01101349517341095
0.01714514673092441
0.02286665540553013
0.02717744256585045
0.02945959786495075
0.02952193009667179
0.02756799464029541
0.02409675031861012
0.01976685131677934
0.01526101380010583
0.01116779110621307
0.007909451424823926
0.005711826088248125
0.004615972467105696
0.004520585783046117
0.005234743819996629
0.00652894389159054
0.008173765310523854
0.009959329746644093
0.01170089031078808
0.01323324048728381
0.01440506005888658
0.01507921811168557
0.01514261613970518
0.01452651978128342
0.01323132761387555
0.01134725220165396
0.009065461056616913
0.006667227571592466
0.004495246123590333
0.002902766408808319
0.0021919153100837
0.002553101084834336
0.00401563382673473
0.006423363329354146
0.009444451382956472
0.01261243074360885
0.01540122040707939
0.01731297836211116
0.01797396702969668
0.01720982608895755
0.01509367277452566
0.01194873850877212
0.008308238641614219
0.004829160548736319
0.002183980416852875
0.0009341714513474712
0.001424524911277375
0.003704605095829592
0.00750171834192181
0.01225069239556914
0.01718253810987509
0.02144891948070932
0.02427850491943286
0.02512028038922903
0.02376241774276315
0.02039132860236915
0.01558249895943683
0.01022045306631055
0.005352706453537491
0.002003489785596215
0.000982787652158319
0.002717598043821196
0.00714565656982187
0.01369517940884596
0.02135443037545229
0.02883876143648524
0.03481053665559206
0.03813832018079623
0.03812363747611779
0.0346718392032357
0.02834880387613959
0.02032734722431534
0.01219265433563531
0.005670392020738852
0.002290478312476084
0.003076503088861605
0.008301583012389072
0.01738024976845472
0.02892098025888524
0.04095201187993756
0.05126756974160281
0.0578669801849267
0.05936655446399168
0.05532966071098019
0.04641973437525766
0.0343354804852762
0.0215315279026684
0.01075616317480397
0.004489752528527582
0.00441159200025825
0.01098947233930503
0.02330431354966989
0.03916723622180743
0.05550510301302856
0.06898763268872507
0.07672315721932715
0.0769282749105181
0.06936944189238443
0.05549764436399396
0.03819472382747162
0.02119366404581442
0.008247090408274038
0.002269117421067065
0.004604732935953196
0.01465054078213454
0.02992395300045746
0.04659149613544386
0.06037468200977706
0.06762263469478173
0.06627534049543912
0.05649073815331008
0.04071336456151006
0.02312566803036122
0.008594568677612239
0.001317367729697146
0.003557956077925787
0.01480691713504445
0.03169488746238171
0.04875705308245256
0.05998349876638197
0.06077947712738198
0.04985184900148035
0.03041547966571393
0.01022318905290198
0.000176834785285176
0.01159201090599856
0.0526636396251237
0.124948690329359
0.221004413219701
0.3240085253051968
0.4103392979671093
0.4548540035881897
0.4386299661067303
0.3575588106911719
0.2300797745241184
0.1019632032916243
0.04619860863346474
0.1569137730347208
0.5372542565652829
1.282618525282222
2.460966789602018
4.09520973273415
6.148428448142073
8.519649261212605
11.04655837026391
13.5211590805833
15.71457020615543
17.40524072826389
18.4118614341634
18.61909377921168
